0.000000 0.000000
0.008334 0.000000
0.016668 0.000000
0.025002 0.122786
0.033336 0.128210
0.041670 0.123322
0.050004 0.122845
0.058338 0.120699
0.066672 0.118554
0.075007 0.119090
0.083341 0.117600
0.091675 0.120461
0.100009 0.121891
0.108343 0.117123
0.116677 0.120342
0.125011 0.121176
0.133345 0.119507
0.141679 0.121772
0.150013 0.117481
0.158347 0.123143
0.166681 0.119388
0.175015 0.115216
0.183349 0.119448
0.191683 0.117362
0.200017 0.117362
0.208351 0.000000
0.216685 -0.002533
0.225020 -0.007302
0.233354 -0.007302
0.241688 -0.003070
0.250022 -0.002831
0.258356 -0.006825
0.266690 -0.003487
0.275024 -0.002414
0.283358 -0.007182
0.291692 -0.006467
0.300026 -0.004023
0.308360 0.002295
0.316694 0.000030
0.325028 -0.001401
0.333362 -0.002056
0.341696 -0.004202
0.350030 -0.013143
0.358364 -0.011533
0.366699 -0.008792
0.375033 -0.004739
0.383367 -0.018090
0.391701 -0.007063
0.400035 -0.010520
0.408369 -0.014037
0.416703 -0.009269
0.425037 -0.003368
0.433371 -0.001878
0.441705 -0.003725
0.450039 -0.000209
0.458373 -0.004083
0.466707 -0.002891
0.475041 -0.003725
0.483375 0.001222
0.491709 -0.001103
0.500043 -0.009388
0.508378 -0.010341
0.516712 -0.003487
0.525046 -0.008017
0.533380 -0.009388
0.541714 -0.015229
0.550048 -0.016540
0.558382 -0.008494
0.566716 -0.013798
0.575050 -0.009149
0.583384 -0.013620
0.591718 -0.012070
0.600052 -0.011772
0.608386 -0.012666
0.616720 -0.018924
0.625054 -0.008970
0.633388 -0.017673
0.641722 -0.018507
0.650056 -0.021189
0.658391 -0.018686
0.666725 -0.018746
0.675059 -0.017911
0.683393 -0.021547
0.691727 -0.018388
0.700061 -0.020176
0.708395 -0.019401
0.716729 -0.019640
0.725063 -0.018090
0.733397 -0.024468
0.741731 -0.025243
0.750065 -0.024170
0.758399 -0.021964
0.766733 -0.026852
0.775067 -0.025839
0.783401 -0.023514
0.791735 -0.020891
0.800070 -0.018984
0.808404 -0.026375
0.816738 -0.021070
0.825072 -0.020355
0.833406 -0.017911
0.841740 -0.019282
0.850074 -0.023991
0.858408 -0.022441
0.866742 -0.027448
0.875076 -0.026256
0.883410 -0.026971
0.891744 -0.027210
0.900078 -0.027329
0.908412 -0.024766
0.916746 -0.027210
0.925080 -0.023693
0.933414 -0.027448
0.941748 -0.029832
0.950083 -0.031918
0.958417 -0.039607
0.966751 -0.035495
0.975085 -0.035077
0.983419 -0.042349
0.991753 -0.038952
1.000087 -0.035375
1.008421 -0.034004
1.016755 -0.030845
1.025089 -0.029653
1.033423 -0.027806
1.041757 -0.027031
1.050091 -0.025481
1.058425 -0.023276
1.066759 -0.030428
1.075093 -0.026733
1.083427 -0.030249
1.091762 -0.026852
1.100096 -0.034899
1.108430 -0.031382
1.116764 -0.036567
1.125098 -0.026733
1.133432 -0.031322
1.141766 -0.034004
1.150100 -0.035375
1.158434 -0.029176
1.166768 -0.036985
1.175102 -0.027329
1.183436 -0.034779
1.191770 -0.034779
1.200104 -0.033408
1.208438 -0.038475
1.216772 -0.038177
1.225106 -0.041336
1.233440 -0.031620
1.241775 -0.034302
1.250109 -0.033051
1.258443 -0.028461
1.266777 -0.032216
1.275111 -0.033289
1.283445 -0.029236
1.291779 -0.031501
1.300113 -0.031739
1.308447 -0.035137
1.316781 -0.030249
1.325115 -0.035971
1.333449 -0.037819
1.341783 -0.032991
1.350117 -0.034183
1.358451 -0.037044
1.366785 -0.035971
1.375119 -0.035077
1.383454 -0.038773
1.391788 -0.039250
1.400122 -0.032455
1.408456 -0.043064
1.416790 -0.037998
1.425124 -0.041276
1.433458 -0.035137
1.441792 -0.041276
1.450126 -0.037402
1.458460 -0.038773
1.466794 -0.033408
1.475128 -0.040740
1.483462 -0.038654
1.491796 -0.037462
1.500130 -0.041157
1.508464 -0.042826
1.516798 -0.047117
1.525133 -0.051111
1.533467 -0.049204
1.541801 -0.043064
1.550135 -0.052303
1.558469 -0.048488
1.566803 -0.052601
1.575137 -0.048310
1.583471 -0.051886
1.591805 -0.050396
1.600139 -0.045627
1.608473 -0.043184
1.616807 -0.045031
1.625141 -0.044256
1.633475 -0.049502
1.641809 -0.051409
1.650143 -0.054806
1.658477 -0.046998
1.666811 -0.047296
1.675146 -0.051111
1.683480 -0.047833
1.691814 -0.043064
1.700148 -0.046998
1.708482 -0.049680
1.716816 -0.051588
1.725150 -0.053972
1.733484 -0.059754
1.741818 -0.054270
1.750152 -0.053912
1.758486 -0.055164
1.766820 -0.054687
1.775154 -0.057966
1.783488 -0.057071
1.791822 -0.062615
1.800156 -0.052065
1.808490 -0.052184
1.816825 -0.057667
1.825159 -0.058204
1.833493 -0.054806
1.841827 -0.058383
1.850161 -0.061303
1.858495 -0.059038
1.866829 -0.059456
1.875163 -0.057071
1.883497 -0.058204
1.891831 -0.056356
1.900165 -0.055879
1.908499 -0.066370
1.916833 -0.060052
1.925167 -0.059456
1.933501 -0.057727
1.941835 -0.056356
1.950169 -0.056356
1.958503 -0.058204
1.966838 -0.055403
1.975172 -0.056773
1.983506 -0.060946
1.991840 -0.054866
2.000174 -0.054389
2.008508 -0.051290
2.016842 -0.056535
2.025176 -0.059634
2.033510 -0.055343
2.041844 -0.052422
2.050178 -0.056714
2.058512 -0.059038
2.066846 -0.061244
2.075180 -0.059754
2.083514 -0.056475
2.091848 -0.053376
2.100182 -0.058860
2.108517 -0.056177
2.116851 -0.061542
2.125185 -0.059456
2.133519 -0.056595
2.141853 -0.054568
2.150187 -0.055701
2.158521 -0.055641
2.166855 -0.057071
2.175189 -0.061661
2.183523 -0.059932
2.191857 -0.064164
2.200191 -0.060469
2.208525 -0.066489
2.216859 -0.067800
2.225193 -0.073999
2.233527 -0.069410
2.241861 -0.068694
2.250195 -0.070065
2.258530 -0.069171
2.266864 -0.075787
2.275198 -0.066966
2.283532 -0.068933
2.291866 -0.064164
2.300200 -0.067800
2.308534 -0.065416
2.316868 -0.061125
2.325202 -0.061125
2.333536 -0.070065
2.341870 -0.071019
2.350204 -0.067979
2.358538 -0.074059
2.366872 -0.069410
2.375206 -0.066787
2.383540 -0.067085
2.391874 -0.068516
2.400209 -0.062853
2.408543 -0.063330
2.416877 -0.068933
2.425211 -0.061363
2.433545 -0.064820
2.441879 -0.070244
2.450213 -0.071675
2.458547 -0.074357
2.466881 -0.075370
2.475215 -0.066012
2.483549 -0.067502
2.491883 -0.060052
2.500217 -0.067145
2.508551 -0.069767
2.516885 -0.069708
2.525219 -0.071377
2.533553 -0.061661
2.541888 -0.069171
2.550222 -0.068873
2.558556 -0.071734
2.566890 -0.078946
2.575224 -0.075012
2.583558 -0.073105
2.591892 -0.069052
2.600226 -0.068516
2.608560 -0.072092
2.616894 -0.073165
2.625228 -0.066012
2.633562 -0.065714
2.641896 -0.068873
2.650230 -0.068575
2.658564 -0.067621
2.666898 -0.067383
2.675232 -0.065774
2.683566 -0.067979
2.691901 -0.071913
2.700235 -0.071496
2.708569 -0.073105
2.716903 -0.065893
2.725237 -0.065237
2.733571 -0.068218
2.741905 -0.068098
2.750239 -0.068814
2.758573 -0.064284
2.766907 -0.071138
2.775241 -0.070244
2.783575 -0.071019
2.791909 -0.067979
2.800243 -0.069767
2.808577 -0.069529
2.816911 -0.071019
2.825245 -0.069410
2.833580 -0.075072
2.841914 -0.068337
2.850248 -0.073344
2.858582 -0.063926
2.866916 -0.067860
2.875250 -0.071377
2.883584 -0.070244
2.891918 -0.071913
2.900252 -0.070482
2.908586 -0.074178
2.916920 -0.075072
2.925254 -0.069886
2.933588 -0.076383
2.941922 -0.082105
2.950256 -0.079781
2.958590 -0.082344
2.966924 -0.076383
2.975258 -0.076920
2.983593 -0.078231
2.991927 -0.075251
3.000261 -0.079066
3.008595 -0.081688
3.016929 -0.085026
3.025263 -0.084966
3.033597 -0.079602
3.041931 -0.080198
3.050265 -0.080019
3.058599 -0.086814
3.066933 -0.092775
3.075267 -0.094444
3.083601 -0.085443
3.091935 -0.083596
3.100269 -0.082403
3.108603 -0.083715
3.116937 -0.078946
3.125272 -0.084788
3.133606 -0.082344
3.141940 -0.077099
3.150274 -0.079542
3.158608 -0.076860
3.166942 -0.075012
3.175276 -0.076264
3.183610 -0.076443
3.191944 -0.080615
3.200278 -0.080854
3.208612 -0.085682
3.216946 -0.090390
3.225280 -0.088722
3.233614 -0.085205
3.241948 -0.084430
3.250282 -0.076860
3.258616 -0.082403
3.266951 -0.081867
3.275285 -0.080317
3.283619 -0.083238
3.291953 -0.085086
3.300287 -0.081033
3.308621 -0.085264
3.316955 -0.082999
3.325289 -0.081629
3.333623 -0.077754
3.341957 -0.076860
3.350291 -0.075549
3.358625 -0.075549
3.366959 -0.078589
3.375293 -0.085026
3.383627 -0.079960
3.391961 -0.079304
3.400295 -0.078350
3.408629 -0.077754
3.416964 -0.075966
3.425298 -0.076383
3.433632 -0.077635
3.441966 -0.081688
3.450300 -0.075072
3.458634 -0.070959
3.466968 -0.076145
3.475302 -0.076026
3.483636 -0.077099
3.491970 -0.075907
3.500304 -0.073642
3.508638 -0.077099
3.516972 -0.077337
3.525306 -0.080019
3.533640 -0.083596
3.541974 -0.081390
3.550308 -0.078231
3.558643 -0.074476
3.566977 -0.075787
3.575311 -0.081211
3.583645 -0.083297
3.591979 -0.081629
3.600313 -0.082999
3.608647 -0.084966
3.616981 -0.092059
3.625315 -0.091642
3.633649 -0.088245
3.641983 -0.086397
3.650317 -0.083596
3.658651 -0.081211
3.666985 -0.078589
3.675319 -0.085026
3.683653 -0.081509
3.691987 -0.090867
3.700321 -0.080794
3.708656 -0.078708
3.716990 -0.083119
3.725324 -0.080496
3.733658 -0.076562
3.741992 -0.082225
3.750326 -0.085205
3.758660 -0.089318
3.766994 -0.085682
3.775328 -0.084549
3.783662 -0.082225
3.791996 -0.084668
3.800330 -0.089258
3.808664 -0.084311
3.816998 -0.090927
3.825332 -0.089675
3.833666 -0.084668
3.842000 -0.088006
3.850335 -0.088006
3.858669 -0.088185
3.867003 -0.092834
3.875337 -0.089198
3.883671 -0.090212
3.892005 -0.091046
3.900339 -0.089258
3.908673 -0.089318
3.917007 -0.086457
3.925341 -0.094444
3.933675 -0.093490
3.942009 -0.092238
3.950343 -0.088483
3.958677 -0.095040
3.967011 -0.095934
3.975345 -0.093371
3.983679 -0.093251
3.992013 -0.094146
4.000348 -0.098616
4.008682 -0.094205
4.017016 -0.098199
4.025350 -0.095040
4.033684 -0.097722
4.042018 -0.100881
4.050352 -0.097364
4.058686 -0.095397
4.067020 -0.087112
4.075354 -0.095040
4.083688 -0.095814
4.092022 -0.101894
4.100356 -0.098497
4.108690 -0.098437
4.117024 -0.094563
4.125358 -0.099331
4.133692 -0.097245
4.142027 -0.092834
4.150361 -0.088364
4.158695 -0.092596
4.167029 -0.093490
4.175363 -0.092596
4.183697 -0.095040
4.192031 -0.092655
4.200365 -0.084013
4.208699 -0.093311
4.217033 -0.098258
4.225367 -0.099331
4.233701 -0.097245
4.242035 -0.092357
4.250369 -0.096053
4.258703 -0.096530
4.267037 -0.097245
4.275371 -0.100404
4.283706 -0.099808
4.292040 -0.099689
4.300374 -0.095397
4.308708 -0.098258
4.317042 -0.099331
4.325376 -0.103861
4.333710 -0.102490
4.342044 -0.103563
4.350378 -0.102669
4.358712 -0.096351
4.367046 -0.098795
4.375380 -0.102252
4.383714 -0.102073
4.392048 -0.099808
4.400382 -0.097841
4.408716 -0.102073
4.417050 -0.097781
4.425384 -0.099808
4.433719 -0.099331
4.442053 -0.100821
4.450387 -0.108987
4.458721 -0.103921
4.467055 -0.103384
4.475389 -0.103980
4.483723 -0.108212
4.492057 -0.108868
4.500391 -0.105053
4.508725 -0.102490
4.517059 -0.107974
4.525393 -0.103980
4.533727 -0.104457
4.542061 -0.102967
4.550395 -0.108391
4.558729 -0.108212
4.567063 -0.100702
4.575398 -0.103205
4.583732 -0.105411
4.592066 -0.112027
4.600400 -0.115424
4.608734 -0.110179
4.617068 -0.104576
4.625402 -0.108629
4.633736 -0.104576
4.642070 -0.107259
4.650404 -0.104576
4.658738 -0.098199
4.667072 -0.100881
4.675406 -0.108451
4.683740 -0.107378
4.692074 -0.112325
4.700408 -0.107676
4.708742 -0.108451
4.717076 -0.101775
4.725411 -0.106543
4.733745 -0.118405
4.742079 -0.107735
4.750413 -0.109941
4.758747 -0.104696
4.767081 -0.108153
4.775415 -0.106305
4.783749 -0.106484
4.792083 -0.109702
4.800417 -0.108868
4.808751 -0.110060
4.817085 -0.113636
4.825419 -0.115544
4.833753 -0.109524
4.842087 -0.117213
4.850421 -0.109226
4.858755 -0.104398
4.867090 -0.107020
4.875424 -0.108689
4.883758 -0.108451
4.892092 -0.105172
4.900426 -0.108927
4.908760 -0.106782
4.917094 -0.103205
4.925428 -0.111133
4.933762 -0.105828
4.942096 -0.108391
4.950430 -0.110537
4.958764 -0.113398
4.967098 -0.116199
4.975432 -0.109643
4.983766 -0.117213
4.992100 -0.115603
5.000434 -0.111073
5.008769 -0.109345
5.017103 -0.107020
5.025437 -0.109941
5.033771 -0.107139
5.042105 -0.116378
5.050439 -0.109464
5.058773 -0.108987
5.067107 -0.109822
5.075441 -0.106663
5.083775 -0.106066
5.092109 -0.110060
5.100443 -0.108927
5.108777 -0.101298
5.117111 -0.101179
5.125445 -0.104576
5.133779 -0.104338
5.142113 -0.104934
5.150447 -0.102311
5.158782 -0.109464
5.167116 -0.111252
5.175450 -0.113159
5.183784 -0.106782
5.192118 -0.105351
5.200452 -0.111073
5.208786 -0.108033
5.217120 -0.106782
5.225454 -0.105292
5.233788 -0.107855
5.242122 -0.112146
5.250456 -0.113875
5.258790 -0.111789
5.267124 -0.114113
5.275458 -0.114650
5.283792 -0.113934
5.292126 -0.111610
5.300461 -0.104100
5.308795 -0.108033
5.317129 -0.104934
5.325463 -0.104457
5.333797 -0.099927
5.342131 -0.105113
5.350465 -0.102013
5.358799 -0.107974
5.367133 -0.111729
5.375467 -0.115782
5.383801 -0.112623
5.392135 -0.113994
5.400469 -0.115424
5.408803 -0.111312
5.417137 -0.105351
5.425471 -0.113457
5.433805 -0.108689
5.442139 -0.110239
5.450474 -0.111908
5.458808 -0.116915
5.467142 -0.113219
5.475476 -0.110954
5.483810 -0.106663
5.492144 -0.109643
5.500478 -0.112742
5.508812 -0.114471
5.517146 -0.114113
5.525480 -0.114948
5.533814 -0.118762
5.542148 -0.121802
5.550482 -0.110060
5.558816 -0.112265
5.567150 -0.116497
5.575484 -0.115186
5.583818 -0.113696
5.592153 -0.114113
5.600487 -0.113159
5.608821 -0.113875
5.617155 -0.119358
5.625489 -0.116676
5.633823 -0.116378
5.642157 -0.114709
5.650491 -0.112027
5.658825 -0.114113
5.667159 -0.114352
5.675493 -0.115603
5.683827 -0.123173
5.692161 -0.120789
5.700495 -0.120610
5.708829 -0.122398
5.717163 -0.120372
5.725497 -0.119895
5.733831 -0.121087
5.742166 -0.120193
5.750500 -0.123769
5.758834 -0.120074
5.767168 -0.114709
5.775502 -0.118762
5.783836 -0.116199
5.792170 -0.119120
5.800504 -0.114352
5.808838 -0.113636
5.817172 -0.117391
5.825506 -0.115305
5.833840 -0.112504
5.842174 -0.109464
5.850508 -0.113875
5.858842 -0.110358
5.867176 -0.119001
5.875510 -0.128537
5.883845 -0.131339
5.892179 -0.125140
5.900513 -0.123173
5.908847 -0.123411
5.917181 -0.120193
5.925515 -0.117928
5.933849 -0.114650
5.942183 -0.114888
5.950517 -0.120491
5.958851 -0.122160
5.967185 -0.122458
5.975519 -0.117391
5.983853 -0.120670
5.992187 -0.123590
6.000521 -0.120074
6.008855 -0.125259
6.017189 -0.121981
6.025524 -0.117928
6.033858 -0.126749
6.042192 -0.124127
6.050526 -0.130445
6.058860 -0.131458
6.067194 -0.126511
6.075528 -0.117630
6.083862 -0.121087
6.092196 -0.117391
6.100530 -0.118762
6.108864 -0.120312
6.117198 -0.120491
6.125532 -0.119597
6.133866 -0.120491
6.142200 -0.123352
6.150534 -0.122994
6.158868 -0.126690
6.167202 -0.124961
6.175537 -0.126034
6.183871 -0.123948
6.192205 -0.123769
6.200539 -0.128180
6.208873 -0.128239
6.217207 -0.127524
6.225541 -0.120014
6.233875 -0.111252
6.242209 -0.122279
6.250543 -0.127047
6.258877 -0.124782
6.267211 -0.127465
6.275545 -0.121504
6.283879 -0.123769
6.292213 -0.129491
6.300547 -0.127643
6.308881 -0.128418
6.317216 -0.128835
6.325550 -0.131220
6.333884 -0.127047
6.342218 -0.123054
6.350552 -0.131637
6.358886 -0.131458
6.367220 -0.131220
6.375554 -0.134081
6.383888 -0.136107
6.392222 -0.131816
6.400556 -0.128716
6.408890 -0.121564
6.417224 -0.123888
6.425558 -0.121683
6.433892 -0.123411
6.442226 -0.126153
6.450560 -0.134975
6.458894 -0.134140
6.467229 -0.129253
6.475563 -0.127941
6.483897 -0.124782
6.492231 -0.129074
6.500565 -0.133842
6.508899 -0.131518
6.517233 -0.133425
6.525567 -0.134081
6.533901 -0.131041
6.542235 -0.134975
6.550569 -0.126153
6.558903 -0.129610
6.567237 -0.126153
6.575571 -0.127822
6.583905 -0.131637
6.592239 -0.135511
6.600573 -0.128835
6.608908 -0.127226
6.617242 -0.127405
6.625576 -0.127047
6.633910 -0.127465
6.642244 -0.130028
6.650578 -0.130326
6.658912 -0.133365
6.667246 -0.133485
6.675580 -0.136882
6.683914 -0.133604
6.692248 -0.130802
6.700582 -0.130624
6.708916 -0.131935
6.717250 -0.123173
6.725584 -0.122279
6.733918 -0.126332
6.742252 -0.132293
6.750586 -0.131816
6.758921 -0.128657
6.767255 -0.128120
6.775589 -0.127405
6.783923 -0.129849
6.792257 -0.133485
6.800591 -0.138134
6.808925 -0.134140
6.817259 -0.131637
6.825593 -0.129372
6.833927 -0.125974
6.842261 -0.132531
6.850595 -0.130087
6.858929 -0.127643
6.867263 -0.128657
6.875597 -0.129491
6.883931 -0.128061
6.892265 -0.130445
6.900600 -0.123352
6.908934 -0.129849
6.917268 -0.130564
6.925602 -0.124961
6.933936 -0.126451
6.942270 -0.129849
6.950604 -0.131041
6.958938 -0.128180
6.967272 -0.130087
6.975606 -0.129849
6.983940 -0.129908
6.992274 -0.130922
7.000608 -0.133187
7.008942 -0.128180
7.017276 -0.123352
7.025610 -0.125736
7.033944 -0.127405
7.042279 -0.126153
7.050613 -0.125259
7.058947 -0.131994
7.067281 -0.131220
7.075615 -0.131637
7.083949 -0.124365
7.092283 -0.125855
7.100617 -0.124961
7.108951 -0.133306
7.117285 -0.134677
7.125619 -0.130802
7.133953 -0.129730
7.142287 -0.133008
7.150621 -0.134021
7.158955 -0.134140
7.167289 -0.131518
7.175623 -0.129730
7.183957 -0.132650
7.192292 -0.128359
7.200626 -0.128120
7.208960 -0.128895
7.217294 -0.137776
7.225628 -0.133425
7.233962 -0.133902
7.242296 -0.134021
7.250630 -0.136286
7.258964 -0.140578
7.267298 -0.138670
7.275632 -0.130922
7.283966 -0.134498
7.292300 -0.140697
7.300634 -0.141472
7.308968 -0.141531
7.317302 -0.140101
7.325636 -0.129074
7.333971 -0.130743
7.342305 -0.135988
7.350639 -0.134498
7.358973 -0.131458
7.367307 -0.135034
7.375641 -0.131696
7.383975 -0.135392
7.392309 -0.131518
7.400643 -0.133008
7.408977 -0.136465
7.417311 -0.139385
7.425645 -0.136942
7.433979 -0.135690
7.442313 -0.135988
7.450647 -0.135332
7.458981 -0.137895
7.467315 -0.134796
7.475649 -0.139564
7.483984 -0.135213
7.492318 -0.139743
7.500652 -0.137478
7.508986 -0.131816
7.517320 -0.131100
7.525654 -0.137180
7.533988 -0.141233
7.542322 -0.138611
7.550656 -0.137657
7.558990 -0.132710
7.567324 -0.139862
7.575658 -0.136763
7.583992 -0.132889
7.592326 -0.133902
7.600660 -0.144035
7.608994 -0.142545
7.617328 -0.139683
7.625663 -0.140578
7.633997 -0.150949
7.642331 -0.150830
7.650665 -0.146002
7.658999 -0.146538
7.667333 -0.141531
7.675667 -0.140578
7.684001 -0.136226
7.692335 -0.139087
7.700669 -0.137776
7.709003 -0.134379
7.717337 -0.143737
7.725671 -0.145167
7.734005 -0.136882
7.742339 -0.139385
7.750673 -0.130206
7.759007 -0.138670
7.767342 -0.131935
7.775676 -0.138491
7.784010 -0.134975
7.792344 -0.136465
7.800678 -0.139862
7.809012 -0.131100
7.817346 -0.138611
7.825680 -0.140041
7.834014 -0.142545
7.842348 -0.138491
7.850682 -0.141889
7.859016 -0.143379
7.867350 -0.140458
7.875684 -0.139862
7.884018 -0.142902
7.892352 -0.152558
7.900686 -0.151187
7.909020 -0.144988
7.917355 -0.146419
7.925689 -0.139564
7.934023 -0.141650
7.942357 -0.132531
7.950691 -0.141233
7.959025 -0.141352
7.967359 -0.145048
7.975693 -0.148505
7.984027 -0.144631
7.992361 -0.144809
8.000695 -0.147015
8.009029 -0.140041
8.017363 -0.135988
8.025697 -0.137061
8.034031 -0.136226
8.042365 -0.141829
8.050699 -0.133604
8.059034 -0.137299
8.067368 -0.136286
8.075702 -0.135094
8.084036 -0.138849
8.092370 -0.135213
8.100704 -0.133604
8.109038 -0.140458
8.117372 -0.142783
8.125706 -0.139862
8.134040 -0.140756
8.142374 -0.138313
8.150708 -0.139683
8.159042 -0.135988
8.167376 -0.142246
8.175710 -0.140041
8.184044 -0.134259
8.192378 -0.149697
8.200712 -0.141054
8.209047 -0.140578
8.217381 -0.134617
8.225715 -0.133604
8.234049 -0.138193
8.242383 -0.138909
8.250717 -0.136167
8.259051 -0.137657
8.267385 -0.137597
8.275719 -0.138611
8.284053 -0.141531
8.292387 -0.144154
8.300721 -0.140280
8.309055 -0.140339
8.317389 -0.140339
8.325723 -0.143379
8.334057 -0.143558
8.342391 -0.142246
8.350726 -0.146896
8.359060 -0.148386
8.367394 -0.144333
8.375728 -0.140101
8.384062 -0.144631
8.392396 -0.141889
8.400730 -0.147194
8.409064 -0.146538
8.417398 -0.145704
8.425732 -0.149399
8.434066 -0.147671
8.442400 -0.142783
8.450734 -0.142246
8.459068 -0.138134
8.467402 -0.139564
8.475736 -0.146896
8.484070 -0.146717
8.492404 -0.148565
8.500739 -0.148565
8.509073 -0.149101
8.517407 -0.140935
8.525741 -0.143856
8.534075 -0.145465
8.542409 -0.135690
8.550743 -0.135690
8.559077 -0.139683
8.567411 -0.145525
8.575745 -0.143260
8.584079 -0.142545
8.592413 -0.143021
8.600747 -0.147849
8.609081 -0.152081
8.617415 -0.148565
8.625749 -0.150949
8.634083 -0.148386
8.642418 -0.150293
8.650752 -0.141650
8.659086 -0.142783
8.667420 -0.148565
8.675754 -0.145823
8.684088 -0.145763
8.692422 -0.146896
8.700756 -0.144035
8.709090 -0.147134
8.717424 -0.150830
8.725758 -0.145584
8.734092 -0.141829
8.742426 -0.148207
8.750760 -0.140995
8.759094 -0.142902
8.767428 -0.147432
8.775762 -0.141233
8.784097 -0.141889
8.792431 -0.145465
8.800765 -0.144809
8.809099 -0.143915
8.817433 -0.142843
8.825767 -0.149637
8.834101 -0.145167
8.842435 -0.143439
8.850769 -0.140578
8.859103 -0.149041
8.867437 -0.146061
8.875771 -0.150710
8.884105 -0.149995
8.892439 -0.142783
8.900773 -0.143558
8.909107 -0.146002
8.917441 -0.148147
8.925775 -0.146717
8.934110 -0.155002
8.942444 -0.153512
8.950778 -0.152022
8.959112 -0.153095
8.967446 -0.151008
8.975780 -0.156611
8.984114 -0.152975
8.992448 -0.148922
9.000782 -0.146359
9.009116 -0.146419
9.017450 -0.145763
9.025784 -0.148922
9.034118 -0.150591
9.042452 -0.148386
9.050786 -0.152677
9.059120 -0.152379
9.067454 -0.152320
9.075789 -0.149876
9.084123 -0.145525
9.092457 -0.152379
9.100791 -0.153273
9.109125 -0.153512
9.117459 -0.152320
9.125793 -0.146538
9.134127 -0.146896
9.142461 -0.150472
9.150795 -0.152022
9.159129 -0.148624
9.167463 -0.150293
9.175797 -0.150710
9.184131 -0.147849
9.192465 -0.149995
9.200799 -0.151008
9.209133 -0.148207
9.217467 -0.144750
9.225802 -0.144273
9.234136 -0.146717
9.242470 -0.149995
9.250804 -0.145584
9.259138 -0.147551
9.267472 -0.140280
9.275806 -0.141352
9.284140 -0.141233
9.292474 -0.144869
9.300808 -0.145763
9.309142 -0.145763
9.317476 -0.148803
9.325810 -0.149041
9.334144 -0.145763
9.342478 -0.147313
9.350812 -0.144511
9.359146 -0.145346
9.367481 -0.144273
9.375815 -0.145823
9.384149 -0.148326
9.392483 -0.151008
9.400817 -0.151306
9.409151 -0.151306
9.417485 -0.150412
9.425819 -0.148743
9.434153 -0.147671
9.442487 -0.154883
9.450821 -0.150472
9.459155 -0.148922
9.467489 -0.153869
9.475823 -0.146359
9.484157 -0.149876
9.492491 -0.151902
9.500825 -0.152022
9.509159 -0.148624
9.517494 -0.147015
9.525828 -0.147909
9.534162 -0.149637
9.542496 -0.149995
9.550830 -0.153869
9.559164 -0.158280
9.567498 -0.149935
9.575832 -0.151426
9.584166 -0.150293
9.592500 -0.142068
9.600834 -0.142068
9.609168 -0.144631
9.617502 -0.147432
9.625836 -0.141710
9.634170 -0.143856
9.642504 -0.147432
9.650838 -0.152558
9.659173 -0.155717
9.667507 -0.152320
9.675841 -0.149518
9.684175 -0.148803
9.692509 -0.149876
9.700843 -0.146002
9.709177 -0.148803
9.717511 -0.148386
9.725845 -0.151306
9.734179 -0.145704
9.742513 -0.145584
9.750847 -0.141829
9.759181 -0.143081
9.767515 -0.145465
9.775849 -0.139266
9.784183 -0.146836
9.792517 -0.145704
9.800852 -0.142187
9.809186 -0.138491
9.817520 -0.139862
9.825854 -0.143558
9.834188 -0.145465
9.842522 -0.143915
9.850856 -0.145823
9.859190 -0.150830
9.867524 -0.152320
9.875858 -0.153095
9.884192 -0.150293
9.892526 -0.151306
9.900860 -0.146061
9.909194 -0.144452
9.917528 -0.143141
9.925862 -0.142545
9.934196 -0.144452
9.942530 -0.143915
9.950865 -0.148147
9.959199 -0.147671
9.967533 -0.143617
9.975867 -0.143617
9.984201 -0.141472
9.992535 -0.145346
10.000869 -0.142425
10.009203 -0.137061
10.017537 -0.142783
10.025871 -0.147015
10.034205 -0.142366
10.042539 -0.143379
10.050873 -0.146538
10.059207 -0.140756
10.067541 -0.134259
10.075875 -0.145346
10.084209 -0.139862
10.092544 -0.147194
10.100878 -0.145584
10.109212 -0.141233
10.117546 -0.134081
10.125880 -0.132650
10.134214 -0.137955
10.142548 -0.138909
10.150882 -0.144750
10.159216 -0.143260
10.167550 -0.139087
10.175884 -0.143737
10.184218 -0.143260
10.192552 -0.136405
10.200886 -0.137597
10.209220 -0.135034
10.217554 -0.126928
10.225888 -0.126153
10.234222 -0.130028
10.242557 -0.126511
10.250891 -0.124961
10.259225 -0.127226
10.267559 -0.128418
10.275893 -0.127643
10.284227 -0.128359
10.292561 -0.121206
10.300895 -0.129491
10.309229 -0.125855
10.317563 -0.124961
10.325897 -0.122637
10.334231 -0.116199
10.342565 -0.112265
10.350899 -0.110239
10.359233 -0.113219
10.367567 -0.107855
10.375901 -0.105768
10.384236 -0.105411
10.392570 -0.110060
10.400904 -0.105113
10.409238 -0.098199
10.417572 -0.104874
10.425906 -0.100166
10.434240 -0.097066
10.442574 -0.097722
10.450908 -0.096291
10.459242 -0.092357
10.467576 -0.086993
10.475910 -0.089079
10.484244 -0.093371
10.492578 -0.085920
10.500912 -0.085205
10.509246 -0.076622
10.517580 -0.076920
10.525915 -0.079960
10.534249 -0.078350
10.542583 -0.076622
10.550917 -0.079721
10.559251 -0.074953
10.567585 -0.070542
10.575919 -0.062913
10.584253 -0.061542
10.592587 -0.061244
10.600921 -0.063211
10.609255 -0.061840
10.617589 -0.057966
10.625923 -0.056356
10.634257 -0.052363
10.642591 -0.049800
10.650925 -0.046819
10.659259 -0.044435
10.667593 -0.033051
10.675928 -0.032991
10.684262 -0.036508
10.692596 -0.034779
10.700930 -0.032037
10.709264 -0.024587
10.717598 -0.023931
10.725932 -0.023931
10.734266 -0.017673
10.742600 -0.013024
10.750934 -0.009388
10.759268 -0.003606
10.767602 -0.003308
10.775936 0.003606
10.784270 0.012726
10.792604 0.013918
10.800938 0.017613
10.809272 0.024289
10.817607 0.021964
10.825941 0.029892
10.834275 0.036150
10.842609 0.039011
10.850943 0.045925
10.859277 0.055462
10.867611 0.060827
10.875945 0.068158
10.884279 0.082165
10.892613 0.087231
10.900947 0.094801
10.909281 0.100821
10.917615 0.107795
10.925949 0.115365
10.934283 0.124186
10.942617 0.132829
10.950951 0.140399
10.959285 0.147730
10.967620 0.160187
10.975954 0.170499
10.984288 0.178844
10.992622 0.191122
11.000956 0.199467
11.009290 0.207037
11.017624 0.216872
11.025958 0.224739
11.034292 0.228435
11.042626 0.236958
11.050960 0.241011
11.059294 0.250608
11.067628 0.262171
11.075962 0.266939
11.084296 0.267833
11.092630 0.273317
11.100964 0.278264
11.109299 0.285536
11.117633 0.293225
11.125967 0.299662
11.134301 0.307709
11.142635 0.318080
11.150969 0.326723
11.159303 0.323147
11.167637 0.326484
11.175971 0.330895
11.184305 0.337392
11.192639 0.338703
11.200973 0.340551
11.209307 0.340432
11.217641 0.352174
11.225975 0.362664
11.234309 0.357419
11.242643 0.352830
11.250977 0.357717
11.259312 0.365227
11.267646 0.363559
11.275980 0.368923
11.284314 0.365585
11.292648 0.365585
11.300982 0.372261
11.309316 0.378400
11.317650 0.373870
11.325984 0.371486
11.334318 0.373811
11.342652 0.382751
11.350986 0.381142
11.359320 0.379473
11.367654 0.385731
11.375988 0.384897
11.384322 0.387996
11.392656 0.390798
11.400991 0.385076
11.409325 0.385493
11.417659 0.383645
11.425993 0.377029
11.434327 0.375837
11.442661 0.379592
11.450995 0.378340
11.459329 0.377685
11.467663 0.381917
11.475997 0.378579
11.484331 0.375360
11.492665 0.371784
11.500999 0.361770
11.509333 0.367731
11.517667 0.366896
11.526001 0.360757
11.534335 0.356764
11.542670 0.352174
11.551004 0.347406
11.559338 0.347644
11.567672 0.341624
11.576006 0.339597
11.584340 0.335425
11.592674 0.335962
11.601008 0.335842
11.609342 0.329703
11.617676 0.328809
11.626010 0.331193
11.634344 0.323921
11.642678 0.321478
11.651012 0.312299
11.659346 0.309795
11.667680 0.308961
11.676014 0.306159
11.684348 0.306338
11.692683 0.306457
11.701017 0.301749
11.709351 0.295252
11.717685 0.292748
11.726019 0.291675
11.734353 0.288755
11.742687 0.288934
11.751021 0.279337
11.759355 0.278682
11.767689 0.274450
11.776023 0.265986
11.784357 0.266045
11.792691 0.259370
11.801025 0.251800
11.809359 0.247747
11.817693 0.243276
11.826027 0.242203
11.834362 0.233978
11.842696 0.239104
11.851030 0.235289
11.859364 0.237316
11.867698 0.234634
11.876032 0.235349
11.884366 0.225097
11.892700 0.219971
11.901034 0.214189
11.909368 0.214905
11.917702 0.206321
11.926036 0.205547
11.934370 0.206620
11.942704 0.204653
11.951038 0.199467
11.959372 0.194222
11.967706 0.189453
11.976040 0.184983
11.984375 0.178546
11.992709 0.179440
12.001043 0.174552
12.009377 0.175864
12.017711 0.171274
12.026045 0.176400
12.034379 0.169545
12.042713 0.166029
12.051047 0.161976
12.059381 0.167519
12.067715 0.161558
12.076049 0.162452
12.084383 0.153691
12.092717 0.155121
12.101051 0.153393
12.109385 0.145763
12.117719 0.145465
12.126054 0.144333
12.134388 0.136942
12.142722 0.140995
12.151056 0.145406
12.159390 0.141233
12.167724 0.137538
12.176058 0.142366
12.184392 0.135988
12.192726 0.132233
12.201060 0.139087
12.209394 0.130266
12.217728 0.127286
12.226062 0.126690
12.234396 0.129253
12.242730 0.127703
12.251064 0.131458
12.259398 0.130504
12.267733 0.123292
12.276067 0.126749
12.284401 0.118405
12.292735 0.115544
12.301069 0.116557
12.309403 0.115365
12.317737 0.119239
12.326071 0.118166
12.334405 0.120729
12.342739 0.115722
12.351073 0.116855
12.359407 0.113577
12.367741 0.111073
12.376075 0.108331
12.384409 0.108987
12.392743 0.116438
12.401077 0.112921
12.409411 0.106603
12.417746 0.109881
12.426080 0.113398
12.434414 0.113577
12.442748 0.112802
12.451082 0.107318
12.459416 0.114888
12.467750 0.106603
12.476084 0.108510
12.484418 0.106901
12.492752 0.106961
12.501086 0.113577
12.509420 0.111252
12.517754 0.114292
12.526088 0.118166
12.534422 0.107497
12.542756 0.100106
12.551090 0.097483
12.559425 0.099868
12.567759 0.106484
12.576093 0.102013
12.584427 0.100821
12.592761 0.098675
12.601095 0.100464
12.609429 0.102550
12.617763 0.102431
12.626097 0.101417
12.634431 0.098079
12.642765 0.099272
12.651099 0.093013
12.659433 0.093788
12.667767 0.093788
12.676101 0.097960
12.684435 0.103027
12.692769 0.097483
12.701103 0.097066
12.709438 0.090629
12.717772 0.091285
12.726106 0.086159
12.734440 0.091106
12.742774 0.085264
12.751108 0.089020
12.759442 0.087768
12.767776 0.086814
12.776110 0.083655
12.784444 0.084788
12.792778 0.084788
12.801112 0.083059
12.809446 0.081986
12.817780 0.075430
12.826114 0.076681
12.834448 0.066489
12.842782 0.069171
12.851117 0.066847
12.859451 0.069171
12.867785 0.062555
12.876119 0.069946
12.884453 0.070125
12.892787 0.061601
12.901121 0.066191
12.909455 0.056058
12.917789 0.059575
12.926123 0.061303
12.934457 0.056237
12.942791 0.049680
12.951125 0.051767
12.959459 0.052959
12.967793 0.049263
12.976127 0.048548
12.984461 0.040919
12.992795 0.046104
13.001130 0.041932
13.009464 0.040323
13.017798 0.039667
13.026132 0.044674
13.034466 0.039309
13.042800 0.042945
13.051134 0.038356
13.059468 0.037521
13.067802 0.038832
13.076136 0.036269
13.084470 0.038356
13.092804 0.030786
13.101138 0.031978
13.109472 0.029176
13.117806 0.027388
13.126140 0.032336
13.134474 0.035137
13.142809 0.028282
13.151143 0.026613
13.159477 0.020057
13.167811 0.016183
13.176145 0.014096
13.184479 0.016004
13.192813 0.015467
13.201147 0.015646
13.209481 0.007957
13.217815 0.017971
13.226149 0.013560
13.234483 0.009567
13.242817 0.008315
13.251151 0.003844
13.259485 0.001103
13.267819 0.006944
13.276153 0.003368
13.284488 0.001878
13.292822 -0.002176
13.301156 0.000983
13.309490 0.000566
13.317824 -0.003964
13.326158 -0.002295
13.334492 0.001997
13.342826 -0.001103
13.351160 -0.003904
13.359494 -0.001222
13.367828 -0.002116
13.376162 -0.002772
13.384496 0.000268
13.392830 -0.008553
13.401164 -0.004083
13.409498 -0.011951
13.417832 -0.008553
13.426166 -0.006706
13.434501 -0.011176
13.442835 -0.012428
13.451169 -0.013560
13.459503 -0.014871
13.467837 -0.013500
13.476171 -0.014156
13.484505 -0.021845
13.492839 -0.018388
13.501173 -0.019640
13.509507 -0.022680
13.517841 -0.015229
13.526175 -0.020415
13.534509 -0.028998
13.542843 -0.030607
13.551177 -0.023454
13.559511 -0.026256
13.567845 -0.020355
13.576180 -0.022680
13.584514 -0.022978
13.592848 -0.025421
13.601182 -0.022084
13.609516 -0.025481
13.617850 -0.027686
13.626184 -0.025958
13.634518 -0.024050
13.642852 -0.024766
13.651186 -0.018507
13.659520 -0.025123
13.667854 -0.023454
13.676188 -0.033230
13.684522 -0.034481
13.692856 -0.031978
13.701190 -0.035077
13.709524 -0.038058
13.717858 -0.029653
13.726193 -0.036269
13.734527 -0.032634
13.742861 -0.034779
13.751195 -0.035256
13.759529 -0.032812
13.767863 -0.032037
13.776197 -0.033230
13.784531 -0.033230
13.792865 -0.042826
13.801199 -0.030130
13.809533 -0.029534
13.817867 -0.025958
13.826201 -0.029713
13.834535 -0.023514
13.842869 -0.024408
13.851203 -0.027090
13.859537 -0.026852
13.867872 -0.026613
13.876206 -0.021666
13.884540 -0.028759
13.892874 -0.022262
13.901208 -0.021487
13.909542 -0.019699
13.917876 -0.018507
13.926210 -0.021607
13.934544 -0.017077
13.942878 -0.018209
13.951212 -0.005752
13.959546 0.002056
13.967880 -0.000805
13.976214 -0.004381
13.984548 0.000983
13.992882 -0.005275
14.001216 0.001460
14.009550 0.015885
14.017885 0.015885
14.026219 0.024468
14.034553 0.026613
14.042887 0.022262
14.051221 0.029773
14.059555 0.030130
14.067889 0.037104
14.076223 0.043124
14.084557 0.049919
14.092891 0.055641
14.101225 0.063866
14.109559 0.065953
14.117893 0.073224
14.126227 0.072628
14.134561 0.078410
14.142895 0.086218
14.151229 0.093192
14.159564 0.106901
14.167898 0.112325
14.176232 0.124723
14.184566 0.133425
14.192900 0.140280
14.201234 0.144452
14.209568 0.158101
14.217902 0.169963
14.226236 0.182360
14.234570 0.200778
14.242904 0.212401
14.251238 0.228792
14.259572 0.242978
14.267906 0.252455
14.276240 0.262290
14.284574 0.280529
14.292908 0.292569
14.301243 0.308901
14.309577 0.320405
14.317911 0.342220
14.326245 0.367314
14.334579 0.388294
14.342913 0.408620
14.351247 0.436217
14.359581 0.450283
14.367915 0.470787
14.376249 0.495106
14.384583 0.520319
14.392917 0.551552
14.401251 0.578731
14.409585 0.609428
14.417919 0.649899
14.426253 0.683278
14.434587 0.706822
14.442921 0.734836
14.451256 0.767916
14.459590 0.795990
14.467924 0.834554
14.476258 0.876039
14.484592 0.924975
14.492926 0.972301
14.501260 1.027972
14.509594 1.075715
14.517928 1.126856
14.526262 1.167983
14.534596 1.215249
14.542930 1.263469
14.551264 1.335472
14.559598 1.395673
14.567932 1.458496
14.576266 1.533955
14.584600 1.620978
14.592935 1.696557
14.601269 1.766890
14.609603 1.826495
14.617937 1.908630
14.626271 1.983494
14.634605 2.075106
14.642939 2.162427
14.651273 2.279848
14.659607 2.395362
14.667941 2.513319
14.676275 2.625197
14.684609 2.746314
14.692943 2.845615
14.701277 2.955824
14.709611 3.081173
14.717945 3.232509
14.726279 3.378898
14.734613 3.535479
14.742948 3.716141
14.751282 3.926247
14.759616 4.092961
14.767950 4.246861
14.776284 4.407376
14.784618 4.604608
14.792952 4.783601
14.801286 4.982800
14.809620 5.201488
14.817954 5.473465
14.826288 5.746275
14.834622 6.009549
14.842956 6.268472
14.851290 6.550163
14.859624 6.782502
14.867958 7.026285
14.876292 7.295638
14.884627 7.644802
14.892961 7.963866
14.901295 8.310765
14.909629 8.713990
14.917963 9.177834
14.926297 9.549409
14.934631 9.902686
14.942965 10.245472
14.951299 10.664672
14.959633 11.055976
14.967967 11.485666
14.976301 11.936933
14.984635 12.523979
14.992969 13.091415
15.001303 13.657957
15.009637 14.184565
15.017971 14.761358
15.026306 15.226454
15.034640 15.731901
15.042974 16.279428
15.051308 16.963928
15.059642 17.594427
15.067976 18.278212
15.076310 19.046694
15.084644 19.945473
15.092978 20.662457
15.101312 21.334917
15.109646 21.972507
15.117980 22.753149
15.126314 23.475616
15.134648 24.259359
15.142982 25.090546
15.151316 26.131422
15.159650 27.138441
15.167984 28.148443
15.176319 29.095619
15.184653 30.106037
15.192987 30.924410
15.201321 31.764715
15.209655 32.678516
15.217989 33.833950
15.226323 34.893959
15.234657 36.003799
15.242991 37.259727
15.251325 38.723351
15.259659 39.885609
15.267993 40.958969
15.276327 41.970581
15.284661 43.154030
15.292995 44.267654
15.301329 45.465141
15.309663 46.720772
15.317998 48.276394
15.326332 49.793602
15.334666 51.285744
15.343000 52.684547
15.351334 54.161579
15.359668 55.337311
15.368002 56.526810
15.376336 57.811172
15.384670 59.410126
15.393004 60.872017
15.401338 62.406628
15.409672 64.112572
15.418006 66.106644
15.426340 67.686470
15.434674 69.130150
15.443008 70.454720
15.451342 71.998360
15.459676 73.429436
15.468011 74.954987
15.476345 76.565742
15.484679 78.533623
15.493013 80.412033
15.501347 82.278671
15.509681 84.013702
15.518015 85.827705
15.526349 87.251602
15.534683 88.659790
15.543017 90.162842
15.551351 92.065392
15.559685 93.769493
15.568019 95.548454
15.576353 97.518204
15.584687 99.823326
15.593021 101.623741
15.601355 103.246841
15.609690 104.731232
15.618024 106.433662
15.626358 107.991547
15.634692 109.649956
15.643026 111.396492
15.651360 113.519966
15.659694 115.532814
15.668028 117.532166
15.676362 119.383965
15.684696 121.290268
15.693030 122.769920
15.701364 124.209251
15.709698 125.746277
15.718032 127.668144
15.726366 129.392242
15.734700 131.171768
15.743034 133.140884
15.751368 135.439880
15.759703 137.235764
15.768037 138.836853
15.776371 140.281403
15.784705 141.905243
15.793039 143.389679
15.801373 144.963898
15.809707 146.625961
15.818041 148.614914
15.826375 150.493652
15.834709 152.378296
15.843043 154.109955
15.851377 155.864502
15.859711 157.222366
15.868045 158.513718
15.876379 159.907013
15.884713 161.610489
15.893047 163.156631
15.901382 164.738388
15.909716 166.462479
15.918050 168.497437
15.926384 170.082901
15.934718 171.471268
15.943052 172.720642
15.951386 174.107574
15.959720 175.353699
15.968054 176.679291
15.976388 178.070663
15.984722 179.751419
15.993056 181.312653
16.001390 182.888840
16.009724 184.325043
16.018058 185.772354
16.026392 186.869049
16.034726 187.917557
16.043061 189.017319
16.051395 190.390884
16.059729 191.611649
16.068063 192.881256
16.076397 194.233215
16.084731 195.856659
16.093065 197.094681
16.101399 198.157730
16.109733 199.115067
16.118067 200.166077
16.126401 201.099701
16.134735 202.092682
16.143069 203.141846
16.151403 204.399490
16.159737 205.565628
16.168071 206.745392
16.176405 207.808075
16.184739 208.860214
16.193074 209.643570
16.201408 210.378830
16.209742 211.147720
16.218076 212.104614
16.226410 212.979523
16.234744 213.862213
16.243078 214.819168
16.251412 215.946854
16.259746 216.810638
16.268080 217.538712
16.276414 218.177704
16.284748 218.862442
16.293082 219.475296
16.301416 220.116196
16.309750 220.801987
16.318084 221.620590
16.326418 222.378845
16.334753 223.150604
16.343087 223.833023
16.351421 224.479706
16.359755 224.960083
16.368089 225.397980
16.376423 225.847809
16.384757 226.404938
16.393091 226.913544
16.401425 227.439880
16.409759 227.998642
16.418093 228.655762
16.426427 229.151428
16.434761 229.542786
16.443095 229.874603
16.451429 230.219788
16.459763 230.530945
16.468097 230.849319
16.476431 231.193787
16.484766 231.622696
16.493100 231.990997
16.501434 232.385315
16.509768 232.718918
16.518102 233.000458
16.526436 233.190231
16.534770 233.356262
16.543104 233.529770
16.551438 233.746582
16.559772 233.950378
16.568106 234.153427
16.576440 234.368149
16.584774 234.614105
16.593108 234.774414
16.601442 234.874069
16.609776 234.938263
16.618110 235.002731
16.626445 235.058151
16.634779 235.112427
16.643113 235.169647
16.651447 235.246597
16.659781 235.308075
16.668115 235.366669
16.676449 235.398315
16.684783 235.360535
16.693117 235.295685
16.701451 235.250122
16.709785 235.202103
16.718119 235.129837
16.726453 235.069061
16.734787 235.008652
16.743121 234.942047
16.751455 234.847458
16.759789 234.737305
16.768124 234.601166
16.776458 234.446289
16.784792 234.288101
16.793126 234.137451
16.801460 233.971802
16.809794 233.805664
16.818128 233.620316
16.826462 233.443375
16.834796 233.242157
16.843130 233.022446
16.851464 232.745850
16.859798 232.507645
16.868132 232.279129
16.876466 232.061356
16.884800 231.770569
16.893134 231.513351
16.901468 231.253448
16.909802 230.982788
16.918137 230.619904
16.926471 230.303375
16.934805 229.995193
16.943139 229.684143
16.951473 229.343826
16.959807 229.055252
16.968141 228.736099
16.976475 228.411911
16.984809 228.015717
16.993143 227.660355
17.001477 227.271286
17.009811 226.884567
17.018145 226.435715
17.026479 226.062988
17.034813 225.724869
17.043147 225.384354
17.051481 224.946793
17.059816 224.552872
17.068150 224.157013
17.076484 223.734222
17.084818 223.205444
17.093152 222.747269
17.101486 222.311234
17.109820 221.885147
17.118154 221.434647
17.126488 221.053360
17.134822 220.639832
17.143156 220.203125
17.151490 219.674255
17.159824 219.205139
17.168158 218.687027
17.176492 218.181305
17.184826 217.615479
17.193160 217.157455
17.201494 216.730804
17.209829 216.320847
17.218163 215.811707
17.226497 215.335815
17.234831 214.848846
17.243165 214.339203
17.251499 213.693680
17.259833 213.142273
17.268167 212.625916
17.276501 212.136475
17.284835 211.626022
17.293169 211.202118
17.301503 210.729691
17.309837 210.230804
17.318171 209.621185
17.326505 209.081741
17.334839 208.496216
17.343173 207.918732
17.351508 207.279114
17.359842 206.784134
17.368176 206.325745
17.376510 205.875336
17.384844 205.314102
17.393178 204.801285
17.401512 204.264008
17.409846 203.710083
17.418180 203.005310
17.426514 202.404556
17.434848 201.840393
17.443182 201.322433
17.451516 200.767761
17.459850 200.310654
17.468184 199.819214
17.476518 199.289291
17.484852 198.656326
17.493186 198.090668
17.501521 197.469208
17.509855 196.846512
17.518189 196.176804
17.526523 195.650543
17.534857 195.171204
17.543191 194.706406
17.551525 194.128098
17.559859 193.586472
17.568193 193.036499
17.576527 192.463196
17.584861 191.730118
17.593195 191.108673
17.601529 190.520401
17.609863 189.989182
17.618197 189.425613
17.626531 188.952957
17.634865 188.461868
17.643200 187.930679
17.651534 187.285004
17.659868 186.708267
17.668202 186.080185
17.676536 185.442062
17.684870 184.752853
17.693204 184.223389
17.701538 183.736893
17.709872 183.273071
17.718206 182.687515
17.726540 182.157272
17.734874 181.601852
17.743208 181.023575
17.751542 180.287933
17.759876 179.656769
17.768210 179.063644
17.776544 178.524796
17.784879 177.958374
17.793213 177.492584
17.801547 176.996292
17.809881 176.472305
17.818215 175.826248
17.826549 175.252380
17.834883 174.619400
17.843217 173.984207
17.851551 173.284348
17.859885 172.751633
17.868219 172.259598
17.876553 171.801453
17.884887 171.224182
17.893221 170.699631
17.901555 170.145477
17.909889 169.578827
17.918223 168.847229
17.926557 168.208420
17.934892 167.612320
17.943226 167.076263
17.951560 166.516006
17.959894 166.054306
17.968228 165.564774
17.976562 165.045166
17.984896 164.411392
17.993230 163.847778
18.001564 163.231018
18.009898 162.590240
18.018232 161.892258
18.026566 161.369385
18.034900 160.892960
18.043234 160.434875
18.051568 159.874771
18.059902 159.350449
18.068236 158.816727
18.076571 158.242050
18.084905 157.519989
18.093239 156.891907
18.101573 156.300064
18.109907 155.771790
18.118241 155.212875
18.126575 154.761322
18.134909 154.284058
18.143243 153.775757
18.151577 153.148834
18.159911 152.585388
18.168245 151.976349
18.176579 151.352798
18.184913 150.668823
18.193247 150.146133
18.201581 149.670517
18.209915 149.231613
18.218249 148.688995
18.226584 148.186417
18.234918 147.654770
18.243252 147.102448
18.251586 146.410202
18.259920 145.776627
18.268254 145.190720
18.276588 144.669296
18.284922 144.127869
18.293256 143.690643
18.301590 143.221909
18.309924 142.732803
18.318258 142.121170
18.326592 141.581680
18.334926 140.997253
18.343260 140.372070
18.351594 139.697342
18.359928 139.185074
18.368263 138.711624
18.376597 138.282715
18.384931 137.759598
18.393265 137.273132
18.401599 136.751953
18.409933 136.225189
18.418267 135.545883
18.426601 134.940979
18.434935 134.364807
18.443269 133.860291
18.451603 133.330261
18.459937 132.908737
18.468271 132.464920
18.476605 131.990906
18.484939 131.398621
18.493273 130.877731
18.501607 130.314819
18.509941 129.716843
18.518276 129.054901
18.526610 128.553207
18.534944 128.105225
18.543278 127.690849
18.551612 127.188980
18.559946 126.725021
18.568280 126.245949
18.576614 125.733315
18.584948 125.087288
18.593282 124.491158
18.601616 123.936890
18.609950 123.443245
18.618284 122.936401
18.626618 122.531143
18.634952 122.108818
18.643286 121.661392
18.651620 121.104599
18.659955 120.602486
18.668289 120.068069
18.676623 119.495598
18.684957 118.872162
18.693291 118.389694
18.701625 117.960899
18.709959 117.572609
18.718293 117.087486
18.726627 116.655022
18.734961 116.189301
18.743295 115.715744
18.751629 115.106972
18.759963 114.541054
18.768297 114.008247
18.776631 113.537102
18.784965 113.057999
18.793299 112.674179
18.801634 112.282272
18.809968 111.864449
18.818302 111.343536
18.826636 110.877129
18.834970 110.376656
18.843304 109.833984
18.851638 109.229027
18.859972 108.783569
18.868306 108.378738
18.876640 108.003853
18.884974 107.560722
18.893308 107.154282
18.901642 106.724617
18.909976 106.271919
18.918310 105.719864
18.926644 105.194809
18.934978 104.688675
18.943312 104.246796
18.951647 103.795288
18.959981 103.439804
18.968315 103.076157
18.976649 102.686676
18.984983 102.204948
18.993317 101.758125
19.001651 101.304680
19.009985 100.796104
19.018319 100.226608
19.026653 99.801239
19.034987 99.431694
19.043321 99.081070
19.051655 98.676178
19.059989 98.301735
19.068323 97.900543
19.076657 97.478661
19.084991 96.957359
19.093326 96.466866
19.101660 96.004036
19.109994 95.590714
19.118328 95.164093
19.126662 94.830750
19.134996 94.495148
19.143330 94.139488
19.151664 93.696747
19.159998 93.290176
19.168332 92.877235
19.176666 92.403320
19.185000 91.877579
19.193334 91.473969
19.201668 91.131714
19.210002 90.803802
19.218336 90.431808
19.226670 90.088783
19.235004 89.725883
19.243339 89.341583
19.251673 88.868233
19.260007 88.419708
19.268341 87.977379
19.276675 87.590782
19.285009 87.199600
19.293343 86.895317
19.301677 86.583939
19.310011 86.267319
19.318345 85.852203
19.326679 85.483345
19.335013 85.092842
19.343347 84.664139
19.351681 84.176216
19.360015 83.805260
19.368349 83.486618
19.376683 83.190262
19.385018 82.854065
19.393352 82.542717
19.401686 82.209854
19.410020 81.860992
19.418354 81.418159
19.426688 81.004143
19.435022 80.604195
19.443356 80.247520
19.451690 79.880539
19.460024 79.608170
19.468358 79.327103
19.476692 79.031677
19.485026 78.661324
19.493360 78.317223
19.501694 77.966751
19.510028 77.574554
19.518362 77.123550
19.526697 76.777817
19.535031 76.486526
19.543365 76.218399
19.551699 75.913040
19.560033 75.623123
19.568367 75.326714
19.576701 75.003235
19.585035 74.611870
19.593369 74.230225
19.601703 73.862106
19.610037 73.526772
19.618371 73.198524
19.626705 72.938530
19.635039 72.682320
19.643373 72.409660
19.651707 72.074234
19.660041 71.768044
19.668375 71.447876
19.676710 71.081459
19.685044 70.663246
19.693378 70.356995
19.701712 70.085884
19.710046 69.834259
19.718380 69.545685
19.726714 69.287033
19.735048 69.014221
19.743382 68.728088
19.751716 68.366882
19.760050 68.029495
19.768384 67.678902
19.776718 67.370804
19.785052 67.059723
19.793386 66.828194
19.801720 66.599876
19.810054 66.358299
19.818389 66.046806
19.826723 65.767441
19.835057 65.478531
19.843391 65.156700
19.851725 64.758751
19.860059 64.460693
19.868393 64.210655
19.876727 63.983620
19.885061 63.718258
19.893395 63.493698
19.901729 63.241123
19.910063 62.984554
19.918397 62.656879
19.926731 62.341629
19.935065 62.020092
19.943399 61.732708
19.951733 61.450092
19.960067 61.226963
19.968402 61.020584
19.976736 60.800491
19.985070 60.522587
19.993404 60.273735
20.001738 60.006828
20.010072 59.715809
20.018406 59.366673
20.026740 59.084595
20.035074 58.846951
20.043408 58.637260
20.051742 58.403164
20.060076 58.191032
20.068410 57.962654
20.076744 57.718246
20.085078 57.422577
20.093412 57.143002
20.101746 56.857468
20.110081 56.586952
20.118415 56.324333
20.126749 56.129543
20.135083 55.936962
20.143417 55.736721
20.151751 55.479496
20.160085 55.247517
20.168419 55.010708
20.176753 54.741173
20.185087 54.412098
20.193421 54.157288
20.201755 53.943008
20.210089 53.754242
20.218423 53.544640
20.226757 53.354294
20.235091 53.144367
20.243425 52.917542
20.251759 52.650810
20.260094 52.396385
20.268428 52.126915
20.276762 51.883636
20.285096 51.634579
20.293430 51.453381
20.301764 51.283447
20.310098 51.099895
20.318432 50.875664
20.326766 50.664455
20.335100 50.442039
20.343434 50.200851
20.351768 49.895405
20.360102 49.659996
20.368436 49.465118
20.376770 49.285858
20.385104 49.087048
20.393438 48.913719
20.401773 48.727573
20.410107 48.532604
20.418441 48.292072
20.426775 48.062473
20.435109 47.813000
20.443443 47.580837
20.451777 47.359585
20.460111 47.191471
20.468445 47.030807
20.476779 46.867012
20.485113 46.661167
20.493447 46.469093
20.501781 46.267899
20.510115 46.051712
20.518449 45.778008
20.526783 45.563339
20.535117 45.378864
20.543452 45.218945
20.551786 45.038940
20.560120 44.883492
20.568454 44.712841
20.576788 44.529797
20.585122 44.308426
20.593456 44.096081
20.601790 43.871403
20.610124 43.661625
20.618458 43.461800
20.626792 43.313263
20.635126 43.169083
20.643460 43.017357
20.651794 42.832611
20.660128 42.660892
20.668462 42.477341
20.676796 42.280556
20.685130 42.035252
20.693465 41.836292
20.701799 41.660072
20.710133 41.509956
20.718467 41.347237
20.726801 41.196526
20.735135 41.056244
20.743469 40.887238
20.751803 40.692688
20.760137 40.499924
20.768471 40.295303
20.776805 40.100723
20.785139 39.912312
20.793473 39.777725
20.801807 39.642693
20.810141 39.508045
20.818475 39.341717
20.826809 39.182484
20.835144 39.020000
20.843478 38.845867
20.851812 38.619877
20.860146 38.431644
20.868480 38.275093
20.876814 38.143097
20.885148 38.003414
20.893482 37.870140
20.901816 37.738411
20.910150 37.597595
20.918484 37.417740
20.926818 37.248432
20.935152 37.059814
20.943486 36.880611
20.951820 36.701233
20.960154 36.578568
20.968488 36.459953
20.976822 36.332817
20.985157 36.184162
20.993491 36.047371
21.001825 35.899967
21.010159 35.743626
21.018493 35.535187
21.026827 35.361202
21.035161 35.216301
21.043495 35.102757
21.051829 34.965546
21.060163 34.854023
21.068497 34.733505
21.076831 34.598560
21.085165 34.429939
21.093499 34.281521
21.101833 34.117550
21.110167 33.954292
21.118501 33.784954
21.126836 33.676357
21.135170 33.568710
21.143504 33.453854
21.151838 33.320576
21.160172 33.202858
21.168506 33.067078
21.176840 32.918186
21.185174 32.729713
21.193508 32.568188
21.201842 32.450409
21.210176 32.329052
21.218510 32.204239
21.226844 32.103329
21.235178 32.001705
21.243512 31.881958
21.251846 31.733126
21.260180 31.597345
21.268514 31.448692
21.276849 31.297832
21.285183 31.144470
21.293517 31.036823
21.301851 30.937344
21.310185 30.844122
21.318519 30.724079
21.326853 30.615658
21.335187 30.496925
21.343521 30.363529
21.351855 30.191929
21.360189 30.054956
21.368523 29.931217
21.376857 29.829115
21.385191 29.722065
21.393525 29.622524
21.401859 29.523581
21.410193 29.420645
21.418528 29.288858
21.426862 29.162973
21.435196 29.022009
21.443530 28.887957
21.451864 28.753370
21.460198 28.652042
21.468532 28.562218
21.476866 28.476030
21.485200 28.365522
21.493534 28.269201
21.501868 28.160841
21.510202 28.043419
21.518536 27.883619
21.526870 27.756245
21.535204 27.642458
21.543538 27.554304
21.551872 27.456612
21.560207 27.369707
21.568541 27.274757
21.576875 27.181536
21.585209 27.061373
21.593543 26.954084
21.601877 26.819796
21.610211 26.701658
21.618545 26.581675
21.626879 26.488096
21.635213 26.406675
21.643547 26.332050
21.651881 26.232212
21.660215 26.138931
21.668549 26.039988
21.676883 25.938303
21.685217 25.798410
21.693551 25.675386
21.701885 25.571257
21.710220 25.485546
21.718554 25.396914
21.726888 25.320084
21.735222 25.240570
21.743556 25.160641
21.751890 25.048882
21.760224 24.953753
21.768558 24.835318
21.776892 24.716288
21.785226 24.601370
21.793560 24.518997
21.801894 24.447351
21.810228 24.375231
21.818562 24.281889
21.826896 24.200291
21.835230 24.109632
21.843564 24.023087
21.851899 23.889811
21.860233 23.786396
21.868567 23.687691
21.876901 23.607285
21.885235 23.529799
21.893569 23.465961
21.901903 23.394674
21.910237 23.318142
21.918571 23.214430
21.926905 23.127348
21.935239 23.015112
21.943573 22.910744
21.951907 22.800714
21.960241 22.733063
21.968575 22.663385
21.976909 22.591740
21.985243 22.517235
21.993577 22.440046
22.001912 22.362917
22.010246 22.279232
22.018580 22.168488
22.026914 22.071869
22.035248 21.976978
22.043582 21.897346
22.051916 21.831184
22.060250 21.766573
22.068584 21.696419
22.076918 21.629541
22.085252 21.545261
22.093586 21.466463
22.101920 21.375984
22.110254 21.278769
22.118588 21.184832
22.126922 21.112949
22.135256 21.049828
22.143591 20.991295
22.151925 20.921379
22.160259 20.843119
22.168593 20.771534
22.176927 20.698875
22.185261 20.603985
22.193595 20.508200
22.201929 20.421833
22.210263 20.360678
22.218597 20.290405
22.226931 20.232647
22.235265 20.173698
22.243599 20.107777
22.251933 20.023436
22.260267 19.954592
22.268601 19.875080
22.276935 19.784719
22.285270 19.697577
22.293604 19.635170
22.301938 19.577295
22.310272 19.523710
22.318606 19.458681
22.326940 19.386976
22.335274 19.321829
22.343608 19.251675
22.351942 19.163996
22.360276 19.075722
22.368610 19.000799
22.376944 18.938334
22.385278 18.878311
22.393612 18.823713
22.401946 18.769295
22.410280 18.710762
22.418614 18.638580
22.426948 18.571287
22.435283 18.503994
22.443617 18.425077
22.451951 18.337875
22.460285 18.278391
22.468619 18.215984
22.476953 18.175453
22.485287 18.115610
22.493621 18.056900
22.501955 17.994196
22.510289 17.931192
22.518623 17.858118
22.526957 17.782301
22.535291 17.708509
22.543625 17.647713
22.551959 17.592997
22.560293 17.547041
22.568627 17.493814
22.576962 17.445772
22.585296 17.371506
22.593630 17.317205
22.601964 17.255217
22.610298 17.180532
22.618632 17.099888
22.626966 17.050356
22.635300 16.999453
22.643634 16.955645
22.651968 16.903669
22.660302 16.850382
22.668636 16.795843
22.676970 16.740114
22.685304 16.674906
22.693638 16.601294
22.701972 16.536505
22.710306 16.481668
22.718640 16.423136
22.726975 16.380102
22.735309 16.338915
22.743643 16.290934
22.751977 16.236275
22.760311 16.181738
22.768645 16.117365
22.776979 16.052574
22.785313 15.984207
22.793647 15.928536
22.801981 15.888124
22.810315 15.844435
22.818649 15.796095
22.826983 15.752882
22.835317 15.701324
22.843651 15.649825
22.851985 15.585631
22.860319 15.521675
22.868654 15.457779
22.876988 15.412122
22.885322 15.360623
22.893656 15.323490
22.901990 15.279919
22.910324 15.244931
22.918658 15.184850
22.926992 15.134901
22.935326 15.078813
22.943660 15.013188
22.951994 14.941245
22.960328 14.896422
22.968662 14.859468
22.976996 14.817685
22.985330 14.775067
22.993664 14.734059
23.001998 14.690727
23.010332 14.643520
23.018667 14.580697
23.027001 14.521390
23.035335 14.472217
23.043669 14.423937
23.052003 14.378100
23.060337 14.344782
23.068671 14.311880
23.077005 14.273554
23.085339 14.224023
23.093673 14.181942
23.102007 14.128417
23.110341 14.074594
23.118675 14.007717
23.127009 13.968200
23.135343 13.933391
23.143677 13.900846
23.152011 13.864070
23.160346 13.829022
23.168680 13.782352
23.177014 13.742953
23.185348 13.686031
23.193682 13.633638
23.202016 13.587028
23.210350 13.539523
23.218684 13.497263
23.227018 13.467103
23.235352 13.439685
23.243686 13.404399
23.252020 13.355285
23.260354 13.314038
23.268688 13.268381
23.277022 13.220697
23.285356 13.154000
23.293690 13.121634
23.302025 13.082891
23.310359 13.052792
23.318693 13.014704
23.327027 12.993664
23.335361 12.954086
23.343695 12.904435
23.352029 12.856394
23.360363 12.810617
23.368697 12.757927
23.377031 12.721926
23.385365 12.677818
23.393699 12.650162
23.402033 12.619466
23.410367 12.593001
23.418701 12.548953
23.427035 12.510985
23.435369 12.465447
23.443703 12.419671
23.452038 12.363344
23.460372 12.332350
23.468706 12.311429
23.477040 12.277394
23.485374 12.236863
23.493708 12.213081
23.502042 12.180596
23.510376 12.147337
23.518710 12.102872
23.527044 12.061090
23.535378 12.015671
23.543712 11.979133
23.552046 11.940927
23.560380 11.914939
23.568714 11.880785
23.577048 11.859208
23.585382 11.823029
23.593717 11.792511
23.602051 11.749000
23.610385 11.708349
23.618719 11.660367
23.627053 11.620730
23.635387 11.598259
23.643721 11.570722
23.652055 11.538177
23.660389 11.512905
23.668723 11.490196
23.677057 11.456996
23.685391 11.413246
23.693725 11.372775
23.702059 11.335522
23.710393 11.301189
23.718727 11.270613
23.727061 11.245042
23.735395 11.215716
23.743730 11.184484
23.752064 11.160583
23.760398 11.130720
23.768732 11.091084
23.777066 11.049658
23.785400 11.002928
23.793734 10.970741
23.802068 10.947853
23.810402 10.925084
23.818736 10.904938
23.827070 10.875076
23.835404 10.852247
23.843738 10.823936
23.852072 10.788411
23.860406 10.747642
23.868740 10.705441
23.877074 10.675282
23.885409 10.648459
23.893743 10.617882
23.902077 10.598153
23.910411 10.576039
23.918745 10.546475
23.927079 10.525256
23.935413 10.491938
23.943747 10.461778
23.952081 10.415703
23.960415 10.375828
23.968749 10.353297
23.977083 10.339886
23.985417 10.318488
23.993751 10.295481
24.002085 10.268837
24.010419 10.247975
24.018753 10.214716
24.027088 10.182410
24.035422 10.147542
24.043756 10.113806
24.052090 10.082215
24.060424 10.059148
24.068758 10.044604
24.077092 10.022789
24.085426 9.992867
24.093760 9.974927
24.102094 9.947866
24.110428 9.916335
24.118762 9.873718
24.127096 9.840578
24.135430 9.821325
24.143764 9.803146
24.152098 9.774298
24.160432 9.750992
24.168766 9.730071
24.177101 9.707123
24.185435 9.677977
24.193769 9.651155
24.202103 9.622842
24.210437 9.592504
24.218771 9.573788
24.227105 9.560257
24.235439 9.534329
24.243773 9.518534
24.252107 9.495288
24.260441 9.474069
24.268775 9.448976
24.277109 9.416014
24.285443 9.379715
24.293777 9.351045
24.302111 9.329825
24.310445 9.311289
24.318780 9.301991
24.327114 9.280890
24.335448 9.262472
24.343782 9.247631
24.352116 9.218067
24.360450 9.183854
24.368784 9.145051
24.377118 9.121627
24.385452 9.102434
24.393786 9.078831
24.402120 9.061188
24.410454 9.046287
24.418788 9.028882
24.427122 9.010405
24.435456 8.984059
24.443790 8.962780
24.452124 8.932561
24.460458 8.900851
24.468793 8.877188
24.477127 8.866281
24.485461 8.844286
24.493795 8.831948
24.502129 8.814603
24.510463 8.798390
24.518797 8.781404
24.527131 8.749276
24.535465 8.712620
24.543799 8.689612
24.552133 8.678884
24.560467 8.661360
24.568801 8.646518
24.577135 8.623690
24.585469 8.608073
24.593803 8.589834
24.602137 8.567720
24.610472 8.542448
24.618806 8.512229
24.627140 8.484512
24.635474 8.472711
24.643808 8.456260
24.652142 8.440166
24.660476 8.421511
24.668810 8.409828
24.677144 8.386821
24.685478 8.365065
24.693812 8.339911
24.702146 8.317560
24.710480 8.297533
24.718814 8.277207
24.727148 8.265286
24.735482 8.251399
24.743816 8.239418
24.752150 8.224040
24.760485 8.206278
24.768819 8.188218
24.777153 8.168668
24.785487 8.137971
24.793821 8.109838
24.802155 8.094340
24.810489 8.087367
24.818823 8.071214
24.827157 8.057028
24.835491 8.040219
24.843825 8.020014
24.852159 8.003563
24.860493 7.987231
24.868827 7.960171
24.877161 7.934422
24.885495 7.916898
24.893829 7.909507
24.902164 7.894307
24.910498 7.881969
24.918832 7.871837
24.927166 7.857532
24.935500 7.839889
24.943834 7.813483
24.952168 7.782131
24.960502 7.757873
24.968836 7.747322
24.977170 7.731944
24.985504 7.725686
24.993838 7.714123
25.002172 7.698149
25.010506 7.688433
25.018840 7.673293
25.027174 7.653564
25.035508 7.634372
25.043843 7.607132
25.052177 7.589072
25.060511 7.579595
25.068845 7.568091
25.077179 7.553845
25.085513 7.543117
25.093847 7.524758
25.102181 7.508725
25.110515 7.494658
25.118849 7.464379
25.127183 7.444233
25.135517 7.429332
25.143851 7.415861
25.152185 7.407159
25.160519 7.396728
25.168853 7.385820
25.177187 7.383555
25.185521 7.363886
25.193856 7.341772
25.202190 7.315188
25.210524 7.298202
25.218858 7.281214
25.227192 7.265001
25.235526 7.266015
25.243860 7.255763
25.252194 7.241636
25.260528 7.218093
25.268862 7.209331
25.277196 7.198900
25.285530 7.168859
25.293864 7.153720
25.302198 7.141680
25.310532 7.128983
25.318866 7.124811
25.327200 7.108420
25.335535 7.101625
25.343869 7.087499
25.352203 7.075101
25.360537 7.060557
25.368871 7.034927
25.377205 7.014543
25.385539 6.998390
25.393873 6.987363
25.402207 6.984681
25.410541 6.978780
25.418875 6.962866
25.427209 6.959229
25.435543 6.944746
25.443877 6.923765
25.452211 6.904155
25.460545 6.879181
25.468879 6.869048
25.477213 6.864876
25.485548 6.853312
25.493882 6.843180
25.502216 6.837636
25.510550 6.819159
25.518884 6.800026
25.527218 6.790310
25.535552 6.765217
25.543886 6.752521
25.552220 6.734282
25.560554 6.728858
25.568888 6.718129
25.577222 6.718487
25.585556 6.706566
25.593890 6.693989
25.602224 6.682068
25.610558 6.668061
25.618892 6.648511
25.627227 6.629139
25.635561 6.615013
25.643895 6.612569
25.652229 6.599694
25.660563 6.585508
25.668897 6.575495
25.677231 6.562978
25.685565 6.545276
25.693899 6.534547
25.702233 6.518215
25.710567 6.499320
25.718901 6.482810
25.727235 6.478161
25.735569 6.465525
25.743903 6.456703
25.752237 6.449014
25.760571 6.436318
25.768905 6.425351
25.777240 6.417662
25.785574 6.396681
25.793908 6.379395
25.802242 6.363958
25.810576 6.356507
25.818910 6.349415
25.827244 6.338209
25.835578 6.334156
25.843912 6.322354
25.852246 6.315857
25.860580 6.296605
25.868914 6.280512
25.877248 6.264478
25.885582 6.248861
25.893916 6.240934
25.902250 6.234855
25.910584 6.228537
25.918919 6.218582
25.927253 6.206125
25.935587 6.199807
25.943921 6.183118
25.952255 6.172687
25.960589 6.156713
25.968923 6.142646
25.977257 6.131202
25.985591 6.124526
25.993925 6.112665
26.002259 6.104856
26.010593 6.100863
26.018927 6.081909
26.027261 6.070584
26.035595 6.060987
26.043929 6.041616
26.052263 6.026358
26.060598 6.019682
26.068932 6.014675
26.077266 6.007999
26.085600 5.994886
26.093934 5.984336
26.102268 5.976409
26.110602 5.960673
26.118936 5.945235
26.127270 5.935401
26.135604 5.922646
26.143938 5.915612
26.152272 5.913406
26.160606 5.900532
26.168940 5.891114
26.177274 5.889207
26.185608 5.871386
26.193942 5.861073
26.202276 5.847484
26.210611 5.823821
26.218945 5.816012
26.227279 5.806833
26.235613 5.801648
26.243947 5.799383
26.252281 5.781561
26.260615 5.770117
26.268949 5.771070
26.277283 5.756408
26.285617 5.740255
26.293951 5.718559
26.302285 5.708843
26.310619 5.695730
26.318953 5.683213
26.327287 5.676955
26.335621 5.673915
26.343955 5.661756
26.352290 5.656213
26.360624 5.646378
26.368958 5.636722
26.377292 5.621523
26.385626 5.608231
26.393960 5.604893
26.402294 5.599409
26.410628 5.587011
26.418962 5.581707
26.427296 5.571813
26.435630 5.560070
26.443964 5.551010
26.452298 5.535335
26.460632 5.516797
26.468966 5.502134
26.477300 5.496531
26.485634 5.488366
26.493968 5.479604
26.502303 5.469889
26.510637 5.458861
26.518971 5.457014
26.527305 5.441695
26.535639 5.438953
26.543973 5.421668
26.552307 5.405754
26.560641 5.405456
26.568975 5.393415
26.577309 5.386740
26.585643 5.375594
26.593977 5.366832
26.602311 5.360574
26.610645 5.351215
26.618979 5.335897
26.627313 5.315929
26.635647 5.306035
26.643982 5.299062
26.652316 5.288810
26.660650 5.281955
26.668984 5.272717
26.677318 5.267710
26.685652 5.252451
26.693986 5.241364
26.702320 5.229444
26.710654 5.216986
26.718988 5.198330
26.727322 5.195766
26.735656 5.186290
26.743990 5.187183
26.752324 5.177349
26.760658 5.172700
26.768992 5.159646
26.777326 5.148739
26.785661 5.137950
26.793995 5.124420
26.802329 5.114943
26.810663 5.113154
26.818997 5.097836
26.827331 5.088955
26.835665 5.081922
26.843999 5.070954
26.852333 5.058676
26.860667 5.052477
26.869001 5.035967
26.877335 5.029946
26.885669 5.005807
26.894003 4.998713
26.902337 5.001039
26.910671 4.991323
26.919005 4.979163
26.927339 4.971295
26.935674 4.961461
26.944008 4.947096
26.952342 4.941612
26.960676 4.925341
26.969010 4.917532
26.977344 4.904837
26.985678 4.898161
26.994012 4.891306
27.002346 4.886717
27.010680 4.884333
27.019014 4.868299
27.027348 4.855484
27.035682 4.844337
27.044016 4.833251
27.052350 4.818529
27.060684 4.809171
27.069018 4.804879
27.077353 4.796356
27.085687 4.787951
27.094021 4.778117
27.102355 4.769534
27.110689 4.760117
27.119023 4.751950
27.127357 4.742890
27.135691 4.720598
27.144025 4.712671
27.152359 4.711479
27.160693 4.704803
27.169027 4.694372
27.177361 4.688531
27.185695 4.680127
27.194029 4.673272
27.202363 4.664570
27.210697 4.645258
27.219031 4.633278
27.227366 4.628092
27.235700 4.612833
27.244034 4.607945
27.252368 4.595071
27.260702 4.593521
27.269036 4.590005
27.277370 4.578680
27.285704 4.568368
27.294038 4.550606
27.302372 4.536897
27.310706 4.527241
27.319040 4.521638
27.327374 4.515320
27.335708 4.505664
27.344042 4.496485
27.352376 4.493803
27.360710 4.486233
27.369045 4.470140
27.377379 4.448801
27.385713 4.439145
27.394047 4.426211
27.402381 4.421621
27.410715 4.409045
27.419049 4.407019
27.427383 4.400760
27.435717 4.392356
27.444051 4.386634
27.452385 4.376382
27.460719 4.364401
27.469053 4.353672
27.477387 4.344434
27.485721 4.338175
27.494055 4.327208
27.502389 4.316121
27.510723 4.308194
27.519058 4.300743
27.527392 4.295617
27.535726 4.284710
27.544060 4.271597
27.552394 4.256100
27.560728 4.249662
27.569062 4.241377
27.577396 4.242033
27.585730 4.233808
27.594064 4.226595
27.602398 4.220277
27.610732 4.213363
27.619066 4.195004
27.627400 4.183859
27.635734 4.172593
27.644068 4.158407
27.652402 4.151553
27.660737 4.147858
27.669071 4.141718
27.677405 4.131645
27.685739 4.131884
27.694073 4.117459
27.702407 4.108280
27.710741 4.092127
27.719075 4.078716
27.727409 4.067511
27.735743 4.067927
27.744077 4.066139
27.752411 4.053980
27.760745 4.046411
27.769079 4.042119
27.777413 4.033417
27.785747 4.018217
27.794081 4.004807
27.802416 3.988475
27.810750 3.979295
27.819084 3.973693
27.827418 3.963441
27.835752 3.961354
27.844086 3.946871
27.852420 3.942341
27.860754 3.934175
27.869088 3.926724
27.877422 3.909558
27.885756 3.897518
27.894090 3.885120
27.902424 3.877133
27.910758 3.874391
27.919092 3.873914
27.927426 3.865331
27.935760 3.854662
27.944094 3.852695
27.952429 3.843337
27.960763 3.832132
27.969097 3.814012
27.977431 3.804058
27.985765 3.796011
27.994099 3.783613
28.002433 3.778666
28.010767 3.774256
28.019101 3.764182
28.027435 3.753275
28.035769 3.743798
28.044103 3.733069
28.052437 3.713101
28.060771 3.705651
28.069105 3.702670
28.077439 3.698677
28.085773 3.690332
28.094108 3.688186
28.102442 3.682643
28.110776 3.669649
28.119110 3.662199
28.127444 3.647715
28.135778 3.636271
28.144112 3.622681
28.152446 3.624767
28.160780 3.613323
28.169114 3.606051
28.177448 3.599435
28.185782 3.597945
28.194116 3.586322
28.202450 3.579050
28.210784 3.570288
28.219118 3.555387
28.227452 3.541738
28.235786 3.537446
28.244121 3.535539
28.252455 3.523916
28.260789 3.510743
28.269123 3.503352
28.277457 3.499478
28.285791 3.487021
28.294125 3.473192
28.302459 3.471643
28.310793 3.454655
28.319127 3.448874
28.327461 3.444284
28.335795 3.434628
28.344129 3.429621
28.352463 3.419787
28.360797 3.415197
28.369131 3.409117
28.377465 3.396004
28.385800 3.380626
28.394134 3.374487
28.402468 3.365010
28.410802 3.353745
28.419136 3.351301
28.427470 3.343612
28.435804 3.337890
28.444138 3.329068
28.452472 3.317684
28.460806 3.304511
28.469140 3.300458
28.477474 3.284425
28.485808 3.275782
28.494142 3.268987
28.502476 3.267974
28.510810 3.263384
28.519144 3.253490
28.527478 3.249854
28.535813 3.234714
28.544147 3.227085
28.552481 3.216892
28.560815 3.213614
28.569149 3.205687
28.577483 3.196269
28.585817 3.183573
28.594151 3.182560
28.602485 3.175467
28.610819 3.165036
28.619153 3.151566
28.627487 3.138691
28.635821 3.130943
28.644155 3.130466
28.652489 3.121942
28.660823 3.110915
28.669157 3.105432
28.677492 3.094465
28.685826 3.089517
28.694160 3.080696
28.702494 3.072411
28.710828 3.066629
28.719162 3.053755
28.727496 3.038913
28.735830 3.035277
28.744164 3.022879
28.752498 3.023475
28.760832 3.020138
28.769166 3.015012
28.777500 3.001601
28.785834 2.984434
28.794168 2.980143
28.802502 2.971381
28.810836 2.969950
28.819171 2.958804
28.827505 2.956659
28.835839 2.948433
28.844173 2.940685
28.852507 2.933592
28.860841 2.928823
28.869175 2.923399
28.877509 2.914578
28.885843 2.908617
28.894177 2.888590
28.902511 2.892226
28.910845 2.885371
28.919179 2.878040
28.927513 2.869159
28.935847 2.861112
28.944181 2.856702
28.952515 2.844959
28.960849 2.832979
28.969184 2.822965
28.977518 2.809376
28.985852 2.805084
28.994186 2.795011
29.002520 2.790600
29.010854 2.786070
29.019188 2.774388
29.027522 2.770454
29.035856 2.771944
29.044190 2.757937
29.052524 2.741784
29.060858 2.733558
29.069192 2.733141
29.077526 2.726823
29.085860 2.721220
29.094194 2.711684
29.102528 2.704650
29.110863 2.699643
29.119197 2.684981
29.127531 2.688974
29.135865 2.679497
29.144199 2.665967
29.152533 2.651066
29.160867 2.647668
29.169201 2.644688
29.177535 2.641708
29.185869 2.639979
29.194203 2.635509
29.202537 2.622396
29.210871 2.612025
29.219205 2.599806
29.227539 2.587646
29.235873 2.582282
29.244207 2.571076
29.252541 2.568990
29.260876 2.563924
29.269210 2.554804
29.277544 2.545923
29.285878 2.541810
29.294212 2.534121
29.302546 2.523571
29.310880 2.514213
29.319214 2.509385
29.327548 2.504736
29.335882 2.502412
29.344216 2.490908
29.352550 2.491742
29.360884 2.479881
29.369218 2.475053
29.377552 2.468556
29.385886 2.460569
29.394220 2.447993
29.402555 2.442032
29.410889 2.436727
29.419223 2.430350
29.427557 2.427250
29.435891 2.428502
29.444225 2.416819
29.452559 2.412707
29.460893 2.401441
29.469227 2.389282
29.477561 2.377659
29.485895 2.370209
29.494229 2.364129
29.502563 2.356738
29.510897 2.353400
29.519231 2.345949
29.527565 2.342254
29.535899 2.335221
29.544234 2.329141
29.552568 2.316505
29.560902 2.304167
29.569236 2.301186
29.577570 2.295583
29.585904 2.293617
29.594238 2.284080
29.602572 2.285033
29.610906 2.276510
29.619240 2.268583
29.627574 2.257258
29.635908 2.247661
29.644242 2.240330
29.652576 2.234429
29.660910 2.228051
29.669244 2.224654
29.677578 2.220482
29.685912 2.224654
29.694247 2.217740
29.702581 2.209455
29.710915 2.199203
29.719249 2.186745
29.727583 2.179176
29.735917 2.165765
29.744251 2.168208
29.752585 2.171367
29.760919 2.166182
29.769253 2.165586
29.777587 2.151042
29.785921 2.143234
29.794255 2.144128
29.802589 2.128333
29.810923 2.122730
29.819257 2.113372
29.827591 2.112240
29.835926 2.105981
29.844260 2.099067
29.852594 2.093464
29.860928 2.089888
29.869262 2.078921
29.877596 2.069920
29.885930 2.062529
29.894264 2.056271
29.902598 2.043754
29.910932 2.034754
29.919266 2.028018
29.927600 2.026051
29.935934 2.028257
29.944268 2.017945
29.952602 2.008289
29.960936 2.008289
29.969270 2.000779
29.977604 1.994818
29.985939 1.989931
29.994273 1.980573
30.002607 1.977891
30.010941 1.973957
30.019275 1.973778
30.027609 1.960486
30.035943 1.953810
30.044277 1.947373
30.052611 1.938254
30.060945 1.926988
30.069279 1.926512
30.077613 1.923651
30.085947 1.919657
30.094281 1.918107
30.102615 1.911253
30.110949 1.905829
30.119283 1.899093
30.127618 1.893073
30.135952 1.884371
30.144286 1.880437
30.152620 1.875490
30.160954 1.863569
30.169288 1.859277
30.177622 1.855642
30.185956 1.857609
30.194290 1.849920
30.202624 1.843899
30.210958 1.839191
30.219292 1.821548
30.227626 1.817316
30.235960 1.811415
30.244294 1.810819
30.252628 1.809627
30.260962 1.795381
30.269296 1.795143
30.277631 1.791209
30.285965 1.784950
30.294299 1.776785
30.302633 1.775891
30.310967 1.770347
30.319301 1.762718
30.327635 1.755625
30.335969 1.749009
30.344303 1.745552
30.352637 1.748472
30.360971 1.743168
30.369305 1.730174
30.377639 1.721889
30.385973 1.716465
30.394307 1.710206
30.402641 1.701504
30.410975 1.696438
30.419310 1.684994
30.427644 1.684219
30.435978 1.688093
30.444312 1.682907
30.452646 1.676291
30.460980 1.673192
30.469314 1.664370
30.477648 1.657873
30.485982 1.652151
30.494316 1.651734
30.502650 1.644701
30.510984 1.635164
30.519318 1.636475
30.527652 1.629084
30.535986 1.629978
30.544320 1.622945
30.552654 1.619786
30.560989 1.610070
30.569323 1.592010
30.577657 1.596481
30.585991 1.594752
30.594325 1.582831
30.602659 1.581401
30.610993 1.577228
30.619327 1.567692
30.627661 1.567334
30.635995 1.560360
30.644329 1.556605
30.652663 1.558632
30.660997 1.553863
30.669331 1.550287
30.677665 1.537949
30.685999 1.537472
30.694333 1.538247
30.702667 1.531988
30.711002 1.527876
30.719336 1.520962
30.727670 1.509160
30.736004 1.500338
30.744338 1.502961
30.752672 1.498729
30.761006 1.494557
30.769340 1.490504
30.777674 1.487166
30.786008 1.483291
30.794342 1.479238
30.802676 1.464278
30.811010 1.462132
30.819344 1.453608
30.827678 1.454920
30.836012 1.444489
30.844346 1.439065
30.852681 1.439542
30.861015 1.435965
30.869349 1.433223
30.877683 1.429468
30.886017 1.420528
30.894351 1.413435
30.902685 1.411945
30.911019 1.409441
30.919353 1.406163
30.927687 1.401037
30.936021 1.400143
30.944355 1.399070
30.952689 1.389831
30.961023 1.382083
30.969357 1.377672
30.977691 1.366585
30.986025 1.361102
30.994359 1.363605
31.002694 1.364201
31.011028 1.362830
31.019362 1.360506
31.027696 1.358181
31.036030 1.346558
31.044364 1.340836
31.052698 1.335591
31.061032 1.329273
31.069366 1.326710
31.077700 1.323909
31.086034 1.324266
31.094368 1.322418
31.102702 1.317948
31.111036 1.310974
31.119370 1.303762
31.127704 1.301676
31.136038 1.295477
31.144373 1.286060
31.152707 1.281291
31.161041 1.283616
31.169375 1.273960
31.177709 1.270562
31.186043 1.264840
31.194377 1.260728
31.202711 1.260072
31.211045 1.258641
31.219379 1.248807
31.227713 1.245648
31.236047 1.243860
31.244381 1.240581
31.252715 1.231700
31.261049 1.238436
31.269383 1.224846
31.277717 1.224190
31.286052 1.219124
31.294386 1.216382
31.302720 1.215547
31.311054 1.206607
31.319388 1.197010
31.327722 1.194566
31.336056 1.187831
31.344390 1.187831
31.352724 1.188666
31.361058 1.183122
31.369392 1.183838
31.377726 1.178592
31.386060 1.169652
31.394394 1.167208
31.402728 1.163453
31.411062 1.161844
31.419396 1.158088
31.427730 1.154929
31.436065 1.153320
31.444399 1.152307
31.452733 1.142472
31.461067 1.137286
31.469401 1.132220
31.477735 1.134068
31.486069 1.125008
31.494403 1.128823
31.502737 1.127154
31.511071 1.118928
31.519405 1.116604
31.527739 1.114875
31.536073 1.104504
31.544407 1.105458
31.552741 1.098543
31.561075 1.093596
31.569409 1.089305
31.577744 1.087517
31.586078 1.080185
31.594412 1.077503
31.602746 1.077563
31.611080 1.073271
31.619414 1.065224
31.627748 1.065642
31.636082 1.065046
31.644416 1.058966
31.652750 1.057297
31.661084 1.051992
31.669418 1.052767
31.677752 1.044005
31.686086 1.042753
31.694420 1.036495
31.702754 1.036793
31.711088 1.040071
31.719422 1.031548
31.727757 1.023918
31.736091 1.019031
31.744425 1.018673
31.752759 1.013786
31.761093 1.011103
31.769427 1.010925
31.777761 1.006395
31.786095 1.011103
31.794429 1.000911
31.802763 0.996262
31.811097 0.991195
31.819431 0.985891
31.827765 0.986427
31.836099 0.983566
31.844433 0.979275
31.852767 0.977248
31.861101 0.974327
31.869436 0.969023
31.877770 0.969380
31.886104 0.964731
31.894438 0.957996
31.902772 0.951499
31.911106 0.947982
31.919440 0.945300
31.927774 0.946611
31.936108 0.946492
31.944442 0.944525
31.952776 0.934273
31.961110 0.930518
31.969444 0.931352
31.977778 0.929624
31.986112 0.921816
31.994446 0.921637
32.002780 0.917166
32.011114 0.915140
32.019449 0.911444
32.027783 0.911921
32.036117 0.904471
32.044451 0.911444
32.052785 0.899822
32.061119 0.898629
32.069453 0.894636
32.077787 0.898987
32.086121 0.890523
32.094455 0.888258
32.102789 0.884742
32.111123 0.877410
32.119457 0.872523
32.127791 0.868469
32.136125 0.869364
32.144459 0.862151
32.152793 0.858516
32.161128 0.862032
32.169462 0.856787
32.177796 0.856668
32.186130 0.864595
32.194464 0.854462
32.202798 0.853568
32.211132 0.846654
32.219466 0.844568
32.227800 0.836760
32.236134 0.840932
32.244468 0.834435
32.252802 0.837237
32.261136 0.840575
32.269470 0.837654
32.277804 0.833243
32.286138 0.831574
32.294472 0.821501
32.302807 0.822157
32.311141 0.821501
32.319475 0.816911
32.327809 0.815958
32.336143 0.813693
32.344477 0.808388
32.352811 0.809819
32.361145 0.808090
32.369479 0.792950
32.377813 0.794202
32.386147 0.789434
32.394481 0.786155
32.402815 0.787765
32.411149 0.786573
32.419483 0.777453
32.427817 0.776440
32.436151 0.771075
32.444485 0.766844
32.452820 0.766605
32.461154 0.765115
32.469488 0.766724
32.477822 0.764996
32.486156 0.756592
32.494490 0.757068
32.502824 0.752300
32.511158 0.748903
32.519492 0.744015
32.527826 0.740618
32.536160 0.749201
32.544494 0.748426
32.552828 0.739068
32.561162 0.737935
32.569496 0.740141
32.577830 0.732094
32.586164 0.735730
32.594499 0.735611
32.602833 0.726253
32.611167 0.727206
32.619501 0.734895
32.627835 0.728756
32.636169 0.727028
32.644503 0.723809
32.652837 0.716358
32.661171 0.710815
32.669505 0.709981
32.677839 0.705212
32.686173 0.707537
32.694507 0.705034
32.702841 0.709325
32.711175 0.706404
32.719509 0.696510
32.727843 0.693828
32.736177 0.692219
32.744512 0.688761
32.752846 0.686854
32.761180 0.686437
32.769514 0.680536
32.777848 0.675946
32.786182 0.679821
32.794516 0.681251
32.802850 0.669152
32.811184 0.667840
32.819518 0.667542
32.827852 0.659794
32.836186 0.658959
32.844520 0.658602
32.852854 0.661999
32.861188 0.658005
32.869522 0.653237
32.877856 0.654250
32.886191 0.645429
32.894525 0.646144
32.902859 0.648588
32.911193 0.651270
32.919527 0.647992
32.927861 0.643820
32.936195 0.642031
32.944529 0.641674
32.952863 0.631839
32.961197 0.632435
32.969531 0.627428
32.977865 0.628024
32.986199 0.631720
32.994533 0.628561
33.002867 0.619918
33.011201 0.619203
33.019535 0.615567
33.027869 0.612170
33.036204 0.615329
33.044538 0.613064
33.052872 0.610381
33.061206 0.602692
33.069540 0.600368
33.077874 0.597805
33.086208 0.600487
33.094542 0.600189
33.102876 0.595719
33.111210 0.593930
33.119544 0.598282
33.127878 0.595897
33.136212 0.591129
33.144546 0.583619
33.152880 0.578552
33.161214 0.576824
33.169548 0.579745
33.177883 0.579149
33.186217 0.582427
33.194551 0.574380
33.202885 0.575274
33.211219 0.577360
33.219553 0.581235
33.227887 0.573844
33.236221 0.562817
33.244555 0.565916
33.252889 0.568897
33.261223 0.567943
33.269557 0.561565
33.277891 0.560969
33.286225 0.559300
33.294559 0.559717
33.302893 0.558883
33.311227 0.560373
33.319562 0.552088
33.327896 0.549585
33.336230 0.551373
33.344564 0.547200
33.352898 0.546187
33.361232 0.544935
33.369566 0.541836
33.377900 0.540107
33.386234 0.541359
33.394568 0.535101
33.402902 0.535458
33.411236 0.531405
33.419570 0.535399
33.427904 0.533074
33.436238 0.530332
33.444572 0.522763
33.452906 0.517517
33.461240 0.519365
33.469575 0.523716
33.477909 0.521332
33.486243 0.516564
33.494577 0.518769
33.502911 0.510544
33.511245 0.511378
33.519579 0.509471
33.527913 0.507981
33.536247 0.508279
33.544581 0.506729
33.552915 0.505298
33.561249 0.503629
33.569583 0.495464
33.577917 0.496536
33.586251 0.494093
33.594585 0.499576
33.602919 0.497252
33.611254 0.493020
33.619588 0.497550
33.627922 0.498265
33.636256 0.488967
33.644590 0.484079
33.652924 0.483543
33.661258 0.481278
33.669592 0.482768
33.677926 0.476271
33.686260 0.479609
33.694594 0.482231
33.702928 0.474066
33.711262 0.477999
33.719596 0.474066
33.727930 0.470489
33.736264 0.472695
33.744598 0.472754
33.752932 0.471264
33.761267 0.464886
33.769601 0.460058
33.777935 0.456303
33.786269 0.462979
33.794603 0.454456
33.802937 0.456482
33.811271 0.453979
33.819605 0.455350
33.827939 0.448018
33.836273 0.456482
33.844607 0.452608
33.852941 0.453562
33.861275 0.459045
33.869609 0.449687
33.877943 0.441581
33.886277 0.441581
33.894611 0.440270
33.902946 0.442833
33.911280 0.435024
33.919614 0.431865
33.927948 0.432342
33.936282 0.433713
33.944616 0.431985
33.952950 0.431329
33.961284 0.432879
33.969618 0.426978
33.977952 0.416845
33.986286 0.422508
33.994620 0.429302
34.002954 0.428289
34.011288 0.422984
34.019622 0.425369
34.027956 0.420719
34.036290 0.413984
34.044625 0.418454
34.052959 0.417262
34.061293 0.407428
34.069627 0.405043
34.077961 0.400752
34.086295 0.404269
34.094629 0.397056
34.102963 0.404149
34.111297 0.402480
34.119631 0.407249
34.127965 0.399500
34.136299 0.397533
34.144633 0.401288
34.152967 0.395447
34.161301 0.391513
34.169635 0.387877
34.177969 0.382990
34.186303 0.384480
34.194638 0.383109
34.202972 0.384361
34.211306 0.382751
34.219640 0.381142
34.227974 0.380129
34.236308 0.379831
34.244642 0.379950
34.252976 0.377566
34.261310 0.382453
34.269644 0.380248
34.277978 0.380546
34.286312 0.374585
34.294646 0.376552
34.302980 0.370473
34.311314 0.373274
34.319648 0.363737
34.327982 0.369877
34.336317 0.367314
34.344651 0.366777
34.352985 0.356406
34.361319 0.358015
34.369653 0.361174
34.377987 0.355512
34.386321 0.364929
34.394655 0.362068
34.402989 0.364453
34.411323 0.356764
34.419657 0.357956
34.427991 0.355333
34.436325 0.357479
34.444659 0.353426
34.452993 0.353903
34.461327 0.350744
34.469661 0.350624
34.477995 0.353247
34.486330 0.350446
34.494664 0.339419
34.502998 0.341147
34.511332 0.338346
34.519666 0.336915
34.528000 0.339717
34.536334 0.336140
34.544668 0.340194
34.553002 0.336498
34.561336 0.328094
34.569670 0.327855
34.578004 0.327498
34.586338 0.326127
34.594672 0.325650
34.603006 0.326544
34.611340 0.327915
34.619674 0.328809
34.628009 0.323921
34.636343 0.323445
34.644677 0.324398
34.653011 0.317603
34.661345 0.323683
34.669679 0.317723
34.678013 0.317484
34.686347 0.316888
34.694681 0.313729
34.703015 0.315875
34.711349 0.315219
34.719683 0.314683
34.728017 0.319332
34.736351 0.311106
34.744685 0.303954
34.753019 0.306755
34.761353 0.303835
34.769687 0.302702
34.778022 0.304312
34.786356 0.305086
34.794690 0.302285
34.803024 0.304312
34.811358 0.306875
34.819692 0.297815
34.828026 0.295430
34.836360 0.296980
34.844694 0.293940
34.853028 0.302225
34.861362 0.296324
34.869696 0.293761
34.878030 0.295252
34.886364 0.290364
34.894698 0.289172
34.903032 0.280052
34.911366 0.282258
34.919701 0.291854
34.928035 0.285894
34.936369 0.283629
34.944703 0.278264
34.953037 0.283152
34.961371 0.283808
34.969705 0.274807
34.978039 0.271589
34.986373 0.272304
34.994707 0.269204
35.003041 0.271112
35.011375 0.272185
35.019709 0.270635
35.028043 0.271887
35.036377 0.274152
35.044711 0.274688
35.053045 0.272483
35.061380 0.273913
35.069714 0.272304
35.078048 0.271469
35.086382 0.266343
35.094716 0.268847
35.103050 0.266343
35.111384 0.264257
35.119718 0.265628
35.128052 0.266939
35.136386 0.263542
35.144720 0.268430
35.153054 0.257581
35.161388 0.258774
35.169722 0.256330
35.178056 0.255734
35.186390 0.253528
35.194724 0.256091
35.203058 0.252634
35.211393 0.253350
35.219727 0.253946
35.228061 0.257462
35.236395 0.251740
35.244729 0.250608
35.253063 0.248045
35.261397 0.241607
35.269731 0.243157
35.278065 0.250429
35.286399 0.243992
35.294733 0.249416
35.303067 0.253528
35.311401 0.251442
35.319735 0.245780
35.328069 0.248462
35.336403 0.248760
35.344737 0.241190
35.353072 0.230819
35.361406 0.228196
35.369740 0.234753
35.378074 0.229865
35.386408 0.232488
35.394742 0.234157
35.403076 0.227302
35.411410 0.229985
35.419744 0.231892
35.428078 0.229090
35.436412 0.234753
35.444746 0.233382
35.453080 0.223845
35.461414 0.224441
35.469748 0.217885
35.478082 0.220329
35.486416 0.223130
35.494750 0.219733
35.503085 0.217170
35.511419 0.216514
35.519753 0.216872
35.528087 0.223905
35.536421 0.218540
35.544755 0.220567
35.553089 0.211507
35.561423 0.215322
35.569757 0.214487
35.578091 0.216812
35.586425 0.212938
35.594759 0.213236
35.603093 0.216872
35.611427 0.218242
35.619761 0.217646
35.628095 0.210315
35.636429 0.210077
35.644764 0.209242
35.653098 0.204355
35.661432 0.208765
35.669766 0.211090
35.678100 0.206143
35.686434 0.207514
35.694768 0.209123
35.703102 0.205189
35.711436 0.205964
35.719770 0.200301
35.728104 0.197977
35.736438 0.198096
35.744772 0.203341
35.753106 0.201672
35.761440 0.201851
35.769774 0.203937
35.778108 0.206620
35.786442 0.202864
35.794777 0.202090
35.803111 0.198096
35.811445 0.203699
35.819779 0.199944
35.828113 0.194699
35.836447 0.193208
35.844781 0.190645
35.853115 0.200301
35.861449 0.198513
35.869783 0.194103
35.878117 0.196427
35.886451 0.196308
35.894785 0.196308
35.903119 0.197738
35.911453 0.191778
35.919787 0.192732
35.928121 0.194639
35.936456 0.193745
35.944790 0.195235
35.953124 0.186116
35.961458 0.180036
35.969792 0.177830
35.978126 0.175923
35.986460 0.182003
35.994794 0.180155
36.003128 0.181824
36.011462 0.178307
36.019796 0.181168
36.028130 0.180811
36.036464 0.181288
36.044798 0.181824
36.053132 0.184268
36.061466 0.184923
36.069800 0.178427
36.078135 0.173241
36.086469 0.175923
36.094803 0.173539
36.103137 0.181526
36.111471 0.178844
36.119805 0.171572
36.128139 0.169724
36.136473 0.166506
36.144807 0.163049
36.153141 0.172287
36.161475 0.172645
36.169809 0.171393
36.178143 0.173539
36.186477 0.170916
36.194811 0.171095
36.203145 0.169307
36.211479 0.169963
36.219813 0.174075
36.228148 0.168294
36.236482 0.166208
36.244816 0.164300
36.253150 0.159532
36.261484 0.163049
36.269818 0.162452
36.278152 0.165015
36.286486 0.162572
36.294820 0.158101
36.303154 0.162452
36.311488 0.156730
36.319822 0.159174
36.328156 0.158995
36.336490 0.151485
36.344824 0.148088
36.353158 0.146359
36.361492 0.146359
36.369827 0.156015
36.378161 0.153810
36.386495 0.156194
36.394829 0.150532
36.403163 0.155181
36.411497 0.149935
36.419831 0.156015
36.428165 0.149935
36.436499 0.146717
36.444833 0.146955
36.453167 0.146478
36.461501 0.150114
36.469835 0.149339
36.478169 0.149101
36.486503 0.141472
36.494837 0.138909
36.503171 0.140697
36.511505 0.136942
36.519840 0.141889
36.528174 0.139266
36.536508 0.144333
36.544842 0.139743
36.553176 0.140697
36.561510 0.140101
36.569844 0.136942
36.578178 0.135511
36.586512 0.147372
36.594846 0.140280
36.603180 0.140637
36.611514 0.134617
36.619848 0.134796
36.628182 0.130683
36.636516 0.138611
36.644850 0.144511
36.653184 0.144333
36.661519 0.134498
36.669853 0.128955
36.678187 0.138313
36.686521 0.139982
36.694855 0.132650
36.703189 0.130862
36.711523 0.135273
36.719857 0.138193
36.728191 0.132233
36.736525 0.134021
36.744859 0.128180
36.753193 0.125021
36.761527 0.125855
36.769861 0.128537
36.778195 0.127286
36.786529 0.132173
36.794863 0.128180
36.803198 0.129193
36.811532 0.127822
36.819866 0.123292
36.828200 0.121921
36.836534 0.120312
36.844868 0.118047
36.853202 0.122935
36.861536 0.123113
36.869870 0.124782
36.878204 0.119895
36.886538 0.121206
36.894872 0.121921
36.903206 0.120610
36.911540 0.115007
