0.000000 0.000000
0.008334 0.000000
0.016668 0.000000
0.025002 0.060976
0.033336 0.061274
0.041670 0.058532
0.050004 0.058532
0.058338 0.055015
0.066673 0.060260
0.075007 0.053704
0.083341 0.056446
0.091675 0.056088
0.100009 0.052452
0.108343 0.052035
0.116677 0.051081
0.125011 0.050128
0.133345 0.046670
0.141679 0.044644
0.150013 -0.005007
0.158347 -0.016987
0.166681 -0.020146
0.175015 -0.019789
0.183349 -0.020146
0.191683 -0.022829
0.200018 -0.024438
0.208352 -0.017107
0.216686 -0.023365
0.225020 -0.024557
0.233354 -0.020385
0.241688 -0.022352
0.250022 -0.017464
0.258356 -0.025034
0.266690 -0.021636
0.275024 -0.024438
0.283358 -0.031590
0.291692 -0.027359
0.300026 -0.026226
0.308360 -0.030160
0.316694 -0.029385
0.325029 -0.037014
0.333363 -0.039458
0.341697 -0.041783
0.350031 -0.037849
0.358365 -0.045419
0.366699 -0.040829
0.375033 -0.042856
0.383367 -0.045836
0.391701 -0.047386
0.400035 -0.041068
0.408369 -0.048995
0.416703 -0.047505
0.425037 -0.044703
0.433371 -0.050426
0.441705 -0.053585
0.450040 -0.052989
0.458374 -0.046909
0.466708 -0.052512
0.475042 -0.055075
0.483376 -0.049889
0.491710 -0.046551
0.500044 -0.048637
0.508378 -0.054538
0.516712 -0.053704
0.525046 -0.054359
0.533380 -0.052989
0.541714 -0.048697
0.550048 -0.057876
0.558382 -0.057936
0.566716 -0.064611
0.575050 -0.058770
0.583385 -0.059724
0.591719 -0.058651
0.600053 -0.066519
0.608387 -0.055254
0.616721 -0.060558
0.625055 -0.058949
0.633389 -0.066519
0.641723 -0.068784
0.650057 -0.065923
0.658391 -0.067174
0.666725 -0.074863
0.675059 -0.074446
0.683393 -0.069380
0.691727 -0.065506
0.700061 -0.069678
0.708396 -0.072658
0.716730 -0.073075
0.725064 -0.066698
0.733398 -0.060320
0.741732 -0.072181
0.750066 -0.076532
0.758400 -0.072896
0.766734 -0.080824
0.775068 -0.082016
0.783402 -0.077069
0.791736 -0.076056
0.800070 -0.074983
0.808404 -0.081360
0.816738 -0.083387
0.825072 -0.083208
0.833406 -0.085890
0.841741 -0.090480
0.850075 -0.089645
0.858409 -0.093877
0.866743 -0.087678
0.875077 -0.090957
0.883411 -0.089765
0.891745 -0.092328
0.900079 -0.091553
0.908413 -0.097811
0.916747 -0.098884
0.925081 -0.096262
0.933415 -0.097930
0.941749 -0.095427
0.950083 -0.098705
0.958417 -0.096738
0.966752 -0.094533
0.975086 -0.103295
0.983420 -0.096023
0.991754 -0.095844
1.000088 -0.094712
1.008422 -0.094950
1.016756 -0.100970
1.025090 -0.097513
1.033424 -0.095844
1.041758 -0.097752
1.050092 -0.104368
1.058426 -0.105500
1.066760 -0.109851
1.075094 -0.109613
1.083428 -0.106931
1.091762 -0.106931
1.100097 -0.109434
1.108431 -0.107765
1.116765 -0.108540
1.125099 -0.112653
1.133433 -0.114858
1.141767 -0.114501
1.150101 -0.109732
1.158435 -0.109553
1.166769 -0.112474
1.175103 -0.112057
1.183437 -0.113547
1.191771 -0.119090
1.200105 -0.120461
1.208439 -0.121117
1.216773 -0.127554
1.225108 -0.126243
1.233442 -0.124872
1.241776 -0.124693
1.250110 -0.122905
1.258444 -0.128090
1.266778 -0.123143
1.275112 -0.129640
1.283446 -0.134706
1.291780 -0.133991
1.300114 -0.136852
1.308448 -0.131249
1.316782 -0.132442
1.325116 -0.129819
1.333450 -0.128806
1.341784 -0.129819
1.350119 -0.126183
1.358453 -0.129998
1.366787 -0.131845
1.375121 -0.130713
1.383455 -0.136733
1.391789 -0.134408
1.400123 -0.133038
1.408457 -0.134706
1.416791 -0.133753
1.425125 -0.137687
1.433459 -0.135303
1.441793 -0.132620
1.450127 -0.131726
1.458461 -0.140250
1.466795 -0.136316
1.475129 -0.137687
1.483464 -0.136137
1.491798 -0.135899
1.500132 -0.140607
1.508466 -0.137210
1.516800 -0.136316
1.525134 -0.142336
1.533468 -0.143886
1.541802 -0.136614
1.550136 -0.137568
1.558470 -0.144064
1.566804 -0.143349
1.575138 -0.145495
1.583472 -0.144780
1.591806 -0.147760
1.600140 -0.153601
1.608475 -0.149012
1.616809 -0.142574
1.625143 -0.142336
1.633477 -0.151813
1.641811 -0.149310
1.650145 -0.155389
1.658479 -0.157595
1.666813 -0.155985
1.675147 -0.163257
1.683481 -0.160396
1.691815 -0.158608
1.700149 -0.153720
1.708483 -0.155091
1.716817 -0.154912
1.725151 -0.151753
1.733485 -0.159383
1.741820 -0.164449
1.750154 -0.164866
1.758488 -0.159800
1.766822 -0.161171
1.775156 -0.165164
1.783490 -0.166535
1.791824 -0.164688
1.800158 -0.159919
1.808492 -0.162840
1.816826 -0.163376
1.825160 -0.165761
1.833494 -0.162363
1.841828 -0.163674
1.850162 -0.169933
1.858496 -0.162184
1.866831 -0.160277
1.875165 -0.164568
1.883499 -0.164092
1.891833 -0.162840
1.900167 -0.158429
1.908501 -0.162363
1.916835 -0.163555
1.925169 -0.166059
1.933503 -0.170529
1.941837 -0.171006
1.950171 -0.171542
1.958505 -0.171542
1.966839 -0.175416
1.975173 -0.173569
1.983507 -0.175714
1.991842 -0.172198
2.000176 -0.172496
2.008510 -0.174999
2.016844 -0.175416
2.025178 -0.170112
2.033512 -0.172019
2.041846 -0.178337
2.050180 -0.176370
2.058514 -0.181854
2.066848 -0.183105
2.075182 -0.177622
2.083516 -0.181258
2.091850 -0.185728
2.100184 -0.182629
2.108518 -0.183821
2.116852 -0.179946
2.125187 -0.185013
2.133521 -0.191987
2.141855 -0.191689
2.150189 -0.190973
2.158523 -0.188828
2.166857 -0.191391
2.175191 -0.199974
2.183525 -0.198781
2.191859 -0.200331
2.200193 -0.197053
2.208527 -0.198781
2.216861 -0.196397
2.225195 -0.192881
2.233529 -0.195563
2.241863 -0.191987
2.250198 -0.193954
2.258532 -0.195622
2.266866 -0.196636
2.275200 -0.197291
2.283534 -0.189424
2.291868 -0.189483
2.300202 -0.197351
2.308536 -0.200152
2.316870 -0.203013
2.325204 -0.201881
2.333538 -0.207245
2.341872 -0.203252
2.350206 -0.207007
2.358540 -0.204444
2.366874 -0.207305
2.375208 -0.205457
2.383543 -0.199080
2.391877 -0.206411
2.400211 -0.206530
2.408545 -0.206351
2.416879 -0.206530
2.425213 -0.207424
2.433547 -0.208020
2.441881 -0.206172
2.450215 -0.207543
2.458549 -0.204921
2.466883 -0.207245
2.475217 -0.209868
2.483551 -0.211060
2.491885 -0.212252
2.500219 -0.208616
2.508554 -0.218749
2.516888 -0.212789
2.525222 -0.210106
2.533556 -0.209987
2.541890 -0.209689
2.550224 -0.207484
2.558558 -0.209332
2.566892 -0.214100
2.575226 -0.212550
2.583560 -0.218630
2.591894 -0.216842
2.600228 -0.220060
2.608562 -0.222147
2.616896 -0.219107
2.625230 -0.215054
2.633564 -0.213385
2.641899 -0.215352
2.650233 -0.222325
2.658567 -0.219584
2.666901 -0.214875
2.675235 -0.222683
2.683569 -0.225306
2.691903 -0.222921
2.700237 -0.224054
2.708571 -0.225425
2.716905 -0.226736
2.725239 -0.227809
2.733573 -0.230908
2.741907 -0.224710
2.750241 -0.224829
2.758575 -0.226438
2.766910 -0.229597
2.775244 -0.229597
2.783578 -0.231087
2.791912 -0.227988
2.800246 -0.224710
2.808580 -0.217915
2.816914 -0.225723
2.825248 -0.228763
2.833582 -0.225306
2.841916 -0.227630
2.850250 -0.226557
2.858584 -0.230074
2.866918 -0.231802
2.875252 -0.228882
2.883586 -0.228584
2.891921 -0.226736
2.900255 -0.230253
2.908589 -0.235081
2.916923 -0.231445
2.925257 -0.234842
2.933591 -0.236094
2.941925 -0.239491
2.950259 -0.234544
2.958593 -0.230193
2.966927 -0.226438
2.975261 -0.226021
2.983595 -0.222206
2.991929 -0.229359
3.000263 -0.235379
3.008597 -0.234544
3.016931 -0.232279
3.025266 -0.234246
3.033600 -0.234604
3.041934 -0.235260
3.050268 -0.242352
3.058602 -0.237167
3.066936 -0.242174
3.075270 -0.240326
3.083604 -0.241518
3.091938 -0.246406
3.100272 -0.242352
3.108606 -0.243902
3.116940 -0.249386
3.125274 -0.248551
3.133608 -0.250697
3.141942 -0.252366
3.150277 -0.249743
3.158611 -0.248909
3.166945 -0.249922
3.175279 -0.252664
3.183613 -0.255466
3.191947 -0.261605
3.200281 -0.258565
3.208615 -0.258029
3.216949 -0.255346
3.225283 -0.250876
3.233617 -0.253439
3.241951 -0.254273
3.250285 -0.256538
3.258619 -0.253022
3.266953 -0.259876
3.275287 -0.260592
3.283622 -0.262618
3.291956 -0.261307
3.300290 -0.262320
3.308624 -0.256836
3.316958 -0.256240
3.325292 -0.260115
3.333626 -0.259042
3.341960 -0.256598
3.350294 -0.258267
3.358628 -0.258863
3.366962 -0.256777
3.375296 -0.259876
3.383630 -0.263989
3.391964 -0.268698
3.400298 -0.265419
3.408633 -0.260651
3.416967 -0.259221
3.425301 -0.263214
3.433635 -0.270307
3.441969 -0.264347
3.450303 -0.262320
3.458637 -0.271380
3.466971 -0.275254
3.475305 -0.273287
3.483639 -0.268877
3.491973 -0.268281
3.500307 -0.262320
3.508641 -0.269413
3.516975 -0.267506
3.525309 -0.267267
3.533643 -0.266731
3.541978 -0.266135
3.550312 -0.268102
3.558646 -0.268281
3.566980 -0.271022
3.575314 -0.265598
3.583648 -0.266731
3.591982 -0.268459
3.600316 -0.271976
3.608650 -0.275850
3.616984 -0.273287
3.625318 -0.272214
3.633652 -0.274837
3.641986 -0.269890
3.650320 -0.273645
3.658654 -0.274777
3.666989 -0.272572
3.675323 -0.276625
3.683657 -0.278652
3.691991 -0.272274
3.700325 -0.276148
3.708659 -0.275254
3.716993 -0.276685
3.725327 -0.276923
3.733661 -0.282943
3.741995 -0.280321
3.750329 -0.275970
3.758663 -0.283241
3.766997 -0.287473
3.775331 -0.280023
3.783665 -0.285625
3.792000 -0.282824
3.800334 -0.283599
3.808668 -0.286996
3.817002 -0.291765
3.825336 -0.290453
3.833670 -0.283539
3.842004 -0.286877
3.850338 -0.288188
3.858672 -0.289559
3.867006 -0.284493
3.875340 -0.285208
3.883674 -0.288606
3.892008 -0.286162
3.900342 -0.285745
3.908676 -0.292480
3.917010 -0.292838
3.925345 -0.294566
3.933679 -0.290871
3.942013 -0.292838
3.950347 -0.298440
3.958681 -0.291348
3.967015 -0.291765
3.975349 -0.287175
3.983683 -0.287175
3.992017 -0.295401
4.000351 -0.296235
4.008685 -0.292242
4.017019 -0.300944
4.025353 -0.297368
4.033687 -0.295043
4.042021 -0.298858
4.050356 -0.296772
4.058690 -0.293732
4.067024 -0.293255
4.075358 -0.290453
4.083692 -0.295639
4.092026 -0.295877
4.100360 -0.294924
4.108694 -0.294209
4.117028 -0.297248
4.125362 -0.295043
4.133696 -0.295639
4.142030 -0.292957
4.150364 -0.296652
4.158698 -0.302732
4.167032 -0.292480
4.175366 -0.296652
4.183701 -0.298917
4.192035 -0.297844
4.200369 -0.294864
4.208703 -0.297606
4.217037 -0.298738
4.225371 -0.294030
4.233705 -0.299692
4.242039 -0.306606
4.250373 -0.300884
4.258707 -0.300527
4.267041 -0.299037
4.275375 -0.297606
4.283709 -0.304580
4.292043 -0.304818
4.300377 -0.299811
4.308712 -0.302792
4.317046 -0.298440
4.325380 -0.302315
4.333714 -0.299513
4.342048 -0.299335
4.350382 -0.308394
4.358716 -0.305831
4.367050 -0.308931
4.375384 -0.314474
4.383718 -0.312865
4.392052 -0.317276
4.400386 -0.311673
4.408720 -0.309825
4.417054 -0.313342
4.425388 -0.309408
4.433723 -0.316322
4.442057 -0.305295
4.450391 -0.310838
4.458725 -0.309706
4.467059 -0.313938
4.475393 -0.310183
4.483727 -0.303447
4.492061 -0.302315
4.500395 -0.311732
4.508729 -0.314236
4.517063 -0.312448
4.525397 -0.309408
4.533731 -0.316262
4.542065 -0.315547
4.550399 -0.310183
4.558733 -0.317931
4.567068 -0.312269
4.575402 -0.317514
4.583736 -0.316262
4.592070 -0.310600
4.600404 -0.309706
4.608738 -0.310183
4.617072 -0.317395
4.625406 -0.311375
4.633740 -0.313163
4.642074 -0.311673
4.650408 -0.315130
4.658742 -0.316858
4.667076 -0.316679
4.675410 -0.315070
4.683744 -0.319898
4.692079 -0.314772
4.700413 -0.315309
4.708747 -0.318944
4.717081 -0.320077
4.725415 -0.318468
4.733749 -0.316918
4.742083 -0.313699
4.750417 -0.321150
4.758751 -0.319839
4.767085 -0.319600
4.775419 -0.319123
4.783753 -0.322223
4.792087 -0.321627
4.800421 -0.317752
4.808755 -0.323355
4.817089 -0.326216
4.825424 -0.325203
4.833758 -0.321209
4.842092 -0.329316
4.850426 -0.333250
4.858760 -0.328839
4.867094 -0.323236
4.875428 -0.326931
4.883762 -0.322402
4.892096 -0.320017
4.900430 -0.322998
4.908764 -0.327826
4.917098 -0.331581
4.925432 -0.332415
4.933766 -0.331759
4.942100 -0.333488
4.950435 -0.328481
4.958769 -0.331044
4.967103 -0.331163
4.975437 -0.331879
4.983771 -0.331581
4.992105 -0.324786
5.000439 -0.328004
5.008773 -0.332594
5.017107 -0.330567
5.025441 -0.329673
5.033775 -0.327885
5.042109 -0.329256
5.050443 -0.322998
5.058777 -0.325680
5.067111 -0.329256
5.075445 -0.333965
5.083780 -0.324130
5.092114 -0.325978
5.100448 -0.324726
5.108782 -0.331163
5.117116 -0.328898
5.125450 -0.325322
5.133784 -0.328004
5.142118 -0.324368
5.150452 -0.323415
5.158786 -0.329494
5.167120 -0.332534
5.175454 -0.327468
5.183788 -0.335753
5.192122 -0.330389
5.200456 -0.328481
5.208791 -0.329316
5.217125 -0.329554
5.225459 -0.337064
5.233793 -0.332355
5.242127 -0.340223
5.250461 -0.333846
5.258795 -0.333965
5.267129 -0.336230
5.275463 -0.337362
5.283797 -0.345886
5.292131 -0.337124
5.300465 -0.337124
5.308799 -0.339687
5.317133 -0.339031
5.325467 -0.340343
5.333802 -0.342011
5.342136 -0.337958
5.350470 -0.337124
5.358804 -0.340581
5.367138 -0.339210
5.375472 -0.337303
5.383806 -0.337780
5.392140 -0.337660
5.400474 -0.341594
5.408808 -0.342071
5.417142 -0.335336
5.425476 -0.340700
5.433810 -0.342906
5.442144 -0.338376
5.450478 -0.341356
5.458812 -0.339210
5.467147 -0.340343
5.475481 -0.342071
5.483815 -0.343919
5.492149 -0.342786
5.500483 -0.341833
5.508817 -0.339031
5.517151 -0.340223
5.525485 -0.348866
5.533819 -0.349164
5.542153 -0.349462
5.550487 -0.352204
5.558821 -0.352502
5.567155 -0.348866
5.575489 -0.354826
5.583823 -0.354469
5.592158 -0.353336
5.600492 -0.356257
5.608826 -0.358522
5.617160 -0.362933
5.625494 -0.363290
5.633828 -0.358522
5.642162 -0.352681
5.650496 -0.352383
5.658830 -0.339210
5.667164 -0.350773
5.675498 -0.350475
5.683832 -0.348687
5.692166 -0.350952
5.700500 -0.352502
5.708834 -0.347078
5.717168 -0.347376
5.725503 -0.350475
5.733837 -0.352561
5.742171 -0.352204
5.750505 -0.343382
5.758839 -0.343621
5.767173 -0.351667
5.775507 -0.355363
5.783841 -0.349224
5.792175 -0.347316
5.800509 -0.350475
5.808843 -0.349104
5.817177 -0.348389
5.825511 -0.347495
5.833845 -0.347674
5.842179 -0.348866
5.850514 -0.348270
5.858848 -0.347674
5.867182 -0.350833
5.875516 -0.346363
5.883850 -0.350952
5.892184 -0.347912
5.900518 -0.344634
5.908852 -0.343919
5.917186 -0.352800
5.925520 -0.351489
5.933854 -0.350773
5.942188 -0.351548
5.950522 -0.350952
5.958856 -0.347018
5.967190 -0.351191
5.975525 -0.351846
5.983859 -0.351667
5.992193 -0.350296
6.000527 -0.352442
6.008861 -0.354350
6.017195 -0.348389
6.025529 -0.350475
6.033863 -0.349700
6.042197 -0.350833
6.050531 -0.352025
6.058865 -0.349939
6.067199 -0.350654
6.075533 -0.345349
6.083867 -0.351965
6.092201 -0.357211
6.100535 -0.359118
6.108870 -0.356793
6.117204 -0.352740
6.125538 -0.357926
6.133872 -0.352204
6.142206 -0.353456
6.150540 -0.349581
6.158874 -0.350654
6.167208 -0.353634
6.175542 -0.351846
6.183876 -0.357449
6.192210 -0.357449
6.200544 -0.359118
6.208878 -0.356257
6.217212 -0.357509
6.225546 -0.359416
6.233881 -0.356972
6.242215 -0.355244
6.250549 -0.359714
6.258883 -0.366986
6.267217 -0.365078
6.275551 -0.362515
6.283885 -0.363648
6.292219 -0.361502
6.300553 -0.364006
6.308887 -0.366330
6.317221 -0.364304
6.325555 -0.355601
6.333889 -0.357628
6.342223 -0.355422
6.350557 -0.357330
6.358891 -0.359237
6.367226 -0.355721
6.375560 -0.349700
6.383894 -0.359535
6.392228 -0.364482
6.400562 -0.365198
6.408896 -0.363290
6.417230 -0.367284
6.425564 -0.363410
6.433898 -0.366449
6.442232 -0.361681
6.450566 -0.362456
6.458900 -0.361025
6.467234 -0.363410
6.475568 -0.365734
6.483902 -0.361562
6.492237 -0.360429
6.500571 -0.366092
6.508905 -0.367105
6.517239 -0.368416
6.525573 -0.370383
6.533907 -0.373363
6.542241 -0.369489
6.550575 -0.366986
6.558909 -0.364482
6.567243 -0.363708
6.575577 -0.363648
6.583911 -0.364184
6.592245 -0.364006
6.600579 -0.366449
6.608913 -0.358522
6.617247 -0.360966
6.625582 -0.364542
6.633916 -0.367880
6.642250 -0.361025
6.650584 -0.366807
6.658918 -0.368655
6.667252 -0.364602
6.675586 -0.366092
6.683920 -0.366211
6.692254 -0.364363
6.700588 -0.367880
6.708922 -0.369251
6.717256 -0.371337
6.725590 -0.365913
6.733924 -0.368536
6.742258 -0.364304
6.750593 -0.360847
6.758927 -0.360966
6.767261 -0.362396
6.775595 -0.360012
6.783929 -0.362396
6.792263 -0.360310
6.800597 -0.358224
6.808931 -0.358522
6.817265 -0.359416
6.825599 -0.368118
6.833933 -0.368893
6.842267 -0.365615
6.850601 -0.362635
6.858935 -0.365973
6.867269 -0.368893
6.875604 -0.367999
6.883938 -0.370741
6.892272 -0.371397
6.900606 -0.370502
6.908940 -0.369310
6.917274 -0.366092
6.925608 -0.370383
6.933942 -0.366986
6.942276 -0.369072
6.950610 -0.375450
6.958944 -0.372350
6.967278 -0.375152
6.975612 -0.370681
6.983946 -0.375211
6.992280 -0.372171
7.000614 -0.376821
7.008949 -0.375986
7.017283 -0.378072
7.025617 -0.380337
7.033951 -0.372589
7.042285 -0.365913
7.050619 -0.370562
7.058953 -0.369549
7.067287 -0.374556
7.075621 -0.377536
7.083955 -0.377178
7.092289 -0.373662
7.100623 -0.372052
7.108957 -0.369847
7.117291 -0.373185
7.125625 -0.372410
7.133960 -0.380337
7.142294 -0.379622
7.150628 -0.380337
7.158962 -0.383496
7.167296 -0.372350
7.175630 -0.374138
7.183964 -0.375926
7.192298 -0.376105
7.200632 -0.374675
7.208966 -0.384986
7.217300 -0.382543
7.225634 -0.381112
7.233968 -0.380874
7.242302 -0.374973
7.250636 -0.377715
7.258970 -0.376165
7.267305 -0.375032
7.275639 -0.373542
7.283973 -0.385106
7.292307 -0.387192
7.300641 -0.381708
7.308975 -0.385880
7.317309 -0.382543
7.325643 -0.382066
7.333977 -0.377178
7.342311 -0.382602
7.350645 -0.384390
7.358979 -0.389278
7.367313 -0.385582
7.375647 -0.386894
7.383981 -0.378132
7.392316 -0.374556
7.400650 -0.380933
7.408984 -0.377655
7.417318 -0.378430
7.425652 -0.384390
7.433986 -0.380695
7.442320 -0.383079
7.450654 -0.379145
7.458988 -0.382185
7.467322 -0.382602
7.475656 -0.380158
7.483990 -0.375032
7.492324 -0.380218
7.500658 -0.388563
7.508992 -0.386298
7.517327 -0.379324
7.525661 -0.386000
7.533995 -0.385642
7.542329 -0.393212
7.550663 -0.388801
7.558997 -0.390291
7.567331 -0.384748
7.575665 -0.390649
7.583999 -0.391781
7.592333 -0.394225
7.600667 -0.390768
7.609001 -0.396848
7.617335 -0.396550
7.625669 -0.396729
7.634003 -0.393212
7.642337 -0.389457
7.650672 -0.386834
7.659006 -0.387788
7.667340 -0.396490
7.675674 -0.394940
7.684008 -0.392735
7.692342 -0.392795
7.700676 -0.392556
7.709010 -0.393391
7.717344 -0.396490
7.725678 -0.398040
7.734012 -0.390649
7.742346 -0.389278
7.750680 -0.397444
7.759014 -0.395119
7.767348 -0.389993
7.775683 -0.395060
7.784017 -0.387549
7.792351 -0.390172
7.800685 -0.391364
7.809019 -0.393152
7.817353 -0.394940
7.825687 -0.391483
7.834021 -0.383496
7.842355 -0.380397
7.850689 -0.381589
7.859023 -0.383079
7.867357 -0.382304
7.875691 -0.382841
7.884025 -0.384748
7.892359 -0.388980
7.900693 -0.386596
7.909028 -0.386715
7.917362 -0.391245
7.925696 -0.393689
7.934030 -0.402451
7.942364 -0.398457
7.950698 -0.393867
7.959032 -0.400603
7.967366 -0.396490
7.975700 -0.393748
7.984034 -0.392437
7.992368 -0.393450
8.000702 -0.388741
8.009036 -0.383317
8.017370 -0.386596
8.025704 -0.390649
8.034039 -0.395238
8.042373 -0.388503
8.050707 -0.388980
8.059041 -0.391960
8.067375 -0.390768
8.075709 -0.393748
8.084043 -0.396550
8.092377 -0.390768
8.100711 -0.397503
8.109045 -0.393748
8.117379 -0.389993
8.125713 -0.388563
8.134047 -0.397861
8.142381 -0.393689
8.150715 -0.397325
8.159049 -0.392854
8.167384 -0.394881
8.175718 -0.396848
8.184052 -0.400424
8.192386 -0.402331
8.200720 -0.403583
8.209054 -0.406504
8.217388 -0.403881
8.225722 -0.407875
8.234056 -0.407636
8.242390 -0.405788
8.250724 -0.409365
8.259058 -0.403166
8.267392 -0.402808
8.275726 -0.401139
8.284060 -0.396013
8.292395 -0.394881
8.300729 -0.403523
8.309063 -0.404537
8.317397 -0.408888
8.325731 -0.408113
8.334065 -0.409544
8.342399 -0.405908
8.350733 -0.414133
8.359067 -0.409663
8.367401 -0.406563
8.375735 -0.410020
8.384069 -0.403821
8.392403 -0.409186
8.400737 -0.412345
8.409071 -0.411391
8.417406 -0.412345
8.425740 -0.401795
8.434074 -0.406086
8.442408 -0.407577
8.450742 -0.411630
8.459076 -0.409901
8.467410 -0.408292
8.475744 -0.409782
8.484078 -0.412941
8.492412 -0.416338
8.500746 -0.406861
8.509080 -0.410557
8.517414 -0.409663
8.525748 -0.412166
8.534082 -0.413299
8.542416 -0.412941
8.550751 -0.408888
8.559085 -0.407398
8.567419 -0.411391
8.575753 -0.408173
8.584087 -0.410676
8.592421 -0.407934
8.600755 -0.407636
8.609089 -0.414968
8.617423 -0.416338
8.625757 -0.415146
8.634091 -0.414252
8.642425 -0.405729
8.650759 -0.406682
8.659093 -0.417411
8.667427 -0.415146
8.675762 -0.410676
8.684096 -0.412107
8.692430 -0.412107
8.700764 -0.415921
8.709098 -0.412822
8.717432 -0.416338
8.725766 -0.411093
8.734100 -0.410557
8.742434 -0.415325
8.750768 -0.409782
8.759102 -0.410736
8.767436 -0.411987
8.775770 -0.410676
8.784104 -0.406742
8.792438 -0.406027
8.800772 -0.408351
8.809107 -0.407696
8.817441 -0.404537
8.825775 -0.407100
8.834109 -0.414252
8.842443 -0.419676
8.850777 -0.409305
8.859111 -0.409901
8.867445 -0.412107
8.875779 -0.420392
8.884113 -0.419319
8.892447 -0.418305
8.900781 -0.411868
8.909115 -0.413775
8.917449 -0.417411
8.925783 -0.412226
8.934118 -0.411868
8.942452 -0.415742
8.950786 -0.409186
8.959120 -0.420153
8.967454 -0.421107
8.975788 -0.417352
8.984122 -0.416577
8.992456 -0.421643
9.000790 -0.420451
9.009124 -0.420272
9.017458 -0.424981
9.025792 -0.418961
9.034126 -0.419676
9.042460 -0.422418
9.050794 -0.422716
9.059128 -0.419021
9.067463 -0.411868
9.075797 -0.412583
9.084131 -0.417590
9.092465 -0.421345
9.100799 -0.416756
9.109133 -0.418663
9.117467 -0.419319
9.125801 -0.414848
9.134135 -0.415564
9.142469 -0.420690
9.150803 -0.418305
9.159137 -0.420153
9.167471 -0.417948
9.175805 -0.411153
9.184139 -0.410378
9.192474 -0.410080
9.200808 -0.412464
9.209142 -0.415146
9.217476 -0.413179
9.225810 -0.414491
9.234144 -0.417113
9.242478 -0.422716
9.250812 -0.412643
9.259146 -0.409663
9.267480 -0.412107
9.275814 -0.411987
9.284148 -0.415146
9.292482 -0.415742
9.300816 -0.412881
9.309150 -0.414789
9.317485 -0.419438
9.325819 -0.415862
9.334153 -0.412822
9.342487 -0.417411
9.350821 -0.419438
9.359155 -0.418365
9.367489 -0.415146
9.375823 -0.413060
9.384157 -0.405550
9.392491 -0.403583
9.400825 -0.401974
9.409159 -0.404775
9.417493 -0.399172
9.425827 -0.409186
9.434161 -0.405550
9.442495 -0.405014
9.450830 -0.398040
9.459164 -0.401437
9.467498 -0.397742
9.475832 -0.398159
9.484166 -0.394046
9.492500 -0.391603
9.500834 -0.392735
9.509168 -0.388741
9.517502 -0.387013
9.525836 -0.385880
9.534170 -0.383019
9.542504 -0.381827
9.550838 -0.382543
9.559172 -0.372648
9.567506 -0.373781
9.575841 -0.374317
9.584175 -0.374496
9.592509 -0.358224
9.600843 -0.351310
9.609177 -0.352502
9.617511 -0.342429
9.625845 -0.345409
9.634179 -0.343740
9.642513 -0.345349
9.650847 -0.337660
9.659181 -0.330806
9.667515 -0.328004
9.675849 -0.321448
9.684183 -0.313640
9.692517 -0.304878
9.700851 -0.299633
9.709186 -0.293314
9.717520 -0.285804
9.725854 -0.290215
9.734188 -0.280142
9.742522 -0.265598
9.750856 -0.259697
9.759190 -0.252366
9.767524 -0.242710
9.775858 -0.234246
9.784192 -0.224054
9.792526 -0.213861
9.800860 -0.214159
9.809194 -0.206828
9.817528 -0.186741
9.825862 -0.174522
9.834197 -0.172317
9.842531 -0.156224
9.850865 -0.136137
9.859199 -0.119030
9.867533 -0.105560
9.875867 -0.105560
9.884201 -0.095248
9.892535 -0.083625
9.900869 -0.074923
9.909203 -0.058234
9.917537 -0.034690
9.925871 -0.020683
9.934205 -0.003159
9.942539 0.022829
9.950873 0.038803
9.959208 0.047565
9.967542 0.059128
9.975876 0.076771
9.984210 0.093460
9.992544 0.113010
10.000878 0.135839
10.009212 0.156581
10.017546 0.183642
10.025880 0.206232
10.034214 0.225425
10.042548 0.238717
10.050882 0.254095
10.059216 0.272036
10.067550 0.296056
10.075884 0.316024
10.084218 0.347674
10.092553 0.369132
10.100887 0.398695
10.109221 0.428855
10.117555 0.455201
10.125889 0.466704
10.134223 0.474095
10.142557 0.493050
10.150891 0.521123
10.159225 0.548065
10.167559 0.569165
10.175893 0.599980
10.184227 0.637949
10.192561 0.666201
10.200895 0.683725
10.209229 0.698507
10.217564 0.715852
10.225898 0.743508
10.234232 0.768244
10.242566 0.797868
10.250900 0.826359
10.259234 0.862122
10.267568 0.900328
10.275902 0.929177
10.284236 0.953078
10.292570 0.979304
10.300904 0.993252
10.309238 1.009166
10.317572 1.045287
10.325906 1.072168
10.334240 1.107633
10.342574 1.142144
10.350909 1.185417
10.359243 1.223207
10.367577 1.244843
10.375911 1.272738
10.384245 1.297891
10.392579 1.325727
10.400913 1.357913
10.409247 1.396954
10.417581 1.434326
10.425915 1.474679
10.434249 1.526415
10.442583 1.565635
10.450917 1.608670
10.459251 1.635849
10.467585 1.672089
10.475920 1.705587
10.484254 1.750112
10.492588 1.792967
10.500922 1.841843
10.509256 1.892090
10.517590 1.953721
10.525924 2.008379
10.534258 2.053678
10.542592 2.092302
10.550926 2.147257
10.559260 2.194703
10.567594 2.253354
10.575928 2.315819
10.584262 2.395153
10.592596 2.466738
10.600930 2.547920
10.609265 2.632916
10.617599 2.724111
10.625933 2.799094
10.634267 2.874553
10.642601 2.957880
10.650935 3.073871
10.659269 3.188074
10.667603 3.313661
10.675937 3.450274
10.684271 3.642380
10.692605 3.817558
10.700939 3.982186
10.709273 4.151464
10.717607 4.342020
10.725941 4.528105
10.734276 4.728675
10.742610 4.963934
10.750944 5.263984
10.759278 5.549133
10.767612 5.860507
10.775946 6.195068
10.784280 6.552696
10.792614 6.842852
10.800948 7.139385
10.809282 7.444739
10.817616 7.830620
10.825950 8.187950
10.834284 8.551002
10.842618 8.947790
10.850952 9.460747
10.859287 9.902835
10.867621 10.304630
10.875955 10.677814
10.884289 11.090458
10.892623 11.450827
10.900957 11.830032
10.909291 12.218833
10.917625 12.696147
10.925959 13.129115
10.934293 13.598383
10.942627 14.056980
10.950961 14.536201
10.959295 14.902889
10.967629 15.238583
10.975963 15.576363
10.984297 15.986085
10.992632 16.357183
11.000966 16.733170
11.009300 17.118572
11.017634 17.600000
11.025968 17.999113
11.034302 18.352568
11.042636 18.665909
11.050970 18.999695
11.059304 19.279062
11.067638 19.566118
11.075972 19.850016
11.084306 20.200848
11.092640 20.496845
11.100974 20.829380
11.109308 21.132410
11.117643 21.444679
11.125977 21.671057
11.134311 21.878958
11.142645 22.074581
11.150979 22.300720
11.159313 22.493780
11.167647 22.692799
11.175981 22.894621
11.184315 23.136377
11.192649 23.324787
11.200983 23.487209
11.209317 23.621321
11.217651 23.753284
11.225985 23.858547
11.234319 23.962616
11.242653 24.067461
11.250988 24.163364
11.259322 24.253963
11.267656 24.357140
11.275990 24.433851
11.284324 24.503290
11.292658 24.537922
11.300992 24.569809
11.309326 24.584532
11.317660 24.596096
11.325994 24.601042
11.334328 24.605692
11.342662 24.609507
11.350996 24.594248
11.359330 24.571598
11.367664 24.536907
11.375999 24.493158
11.384333 24.444698
11.392667 24.392487
11.401001 24.329424
11.409335 24.264454
11.417669 24.182438
11.426003 24.101675
11.434337 24.001122
11.442671 23.906946
11.451005 23.788870
11.459339 23.683250
11.467673 23.579836
11.476007 23.478149
11.484341 23.349403
11.492675 23.227633
11.501010 23.098410
11.509344 22.969007
11.517678 22.796095
11.526012 22.636593
11.534346 22.493124
11.542680 22.350670
11.551014 22.190453
11.559348 22.055864
11.567682 21.916508
11.576016 21.765947
11.584350 21.575928
11.592684 21.407604
11.601018 21.228672
11.609352 21.039127
11.617686 20.834982
11.626020 20.669819
11.634355 20.509838
11.642689 20.368099
11.651023 20.169199
11.659357 20.012140
11.667691 19.842030
11.676025 19.662975
11.684359 19.432186
11.692693 19.235611
11.701027 19.055426
11.709361 18.885851
11.717695 18.696903
11.726029 18.536270
11.734363 18.374802
11.742697 18.204807
11.751031 18.004536
11.759366 17.816723
11.767700 17.618359
11.776034 17.417549
11.784368 17.208874
11.792702 17.041862
11.801036 16.889811
11.809370 16.746819
11.817704 16.564905
11.826038 16.398430
11.834372 16.235531
11.842706 16.071438
11.851040 15.849173
11.859374 15.673757
11.867708 15.501261
11.876042 15.344381
11.884376 15.175283
11.892711 15.043438
11.901045 14.904380
11.909379 14.762044
11.917713 14.588714
11.926047 14.446318
11.934381 14.282167
11.942715 14.120340
11.951049 13.952435
11.959383 13.820707
11.967717 13.701200
11.976051 13.597369
11.984385 13.462484
11.992719 13.344288
12.001053 13.224899
12.009387 13.105392
12.017722 12.955486
12.026056 12.823284
12.034390 12.705267
12.042724 12.604356
12.051058 12.500107
12.059392 12.417734
12.067726 12.328267
12.076060 12.244821
12.084394 12.132525
12.092728 12.035608
12.101062 11.946499
12.109396 11.846423
12.117730 11.749447
12.126064 11.673570
12.134398 11.614919
12.142732 11.549354
12.151067 11.471748
12.159401 11.410117
12.167735 11.352420
12.176069 11.283577
12.184403 11.206091
12.192737 11.138142
12.201071 11.076927
12.209405 11.034012
12.217739 10.980368
12.226073 10.949194
12.234407 10.907471
12.242741 10.860920
12.251075 10.810256
12.259409 10.776102
12.267743 10.723352
12.276078 10.677874
12.284412 10.631323
12.292746 10.606230
12.301080 10.584652
12.309414 10.572493
12.317748 10.539055
12.326082 10.506988
12.334416 10.476112
12.342750 10.443449
12.351084 10.402262
12.359418 10.381401
12.367752 10.359168
12.376086 10.331154
12.384420 10.310173
12.392754 10.295272
12.401089 10.273337
12.409423 10.246277
12.417757 10.219455
12.426091 10.196388
12.434425 10.165811
12.442759 10.132610
12.451093 10.101736
12.459427 10.083318
12.467761 10.063410
12.476095 10.043621
12.484429 10.019302
12.492763 9.998441
12.501097 9.975672
12.509431 9.950459
12.517765 9.911299
12.526099 9.879053
12.534434 9.847700
12.542768 9.821712
12.551102 9.795130
12.559436 9.771288
12.567770 9.743929
12.576104 9.718537
12.584438 9.687483
12.592772 9.654343
12.601106 9.616673
12.609440 9.579718
12.617774 9.534657
12.626108 9.504736
12.634442 9.472370
12.642776 9.443224
12.651110 9.412289
12.659445 9.376347
12.667779 9.349942
12.676113 9.306728
12.684447 9.264112
12.692781 9.221613
12.701115 9.176493
12.709449 9.136438
12.717783 9.101272
12.726117 9.069740
12.734451 9.037733
12.742785 9.004116
12.751119 8.957445
12.759453 8.920967
12.767787 8.875191
12.776121 8.823276
12.784455 8.773268
12.792790 8.734584
12.801124 8.703828
12.809458 8.667171
12.817792 8.620143
12.826126 8.584202
12.834460 8.554697
12.842794 8.505344
12.851128 8.453072
12.859462 8.399248
12.867796 8.355618
12.876130 8.308053
12.884464 8.261800
12.892798 8.232713
12.901132 8.193016
12.909466 8.154572
12.917801 8.100927
12.926135 8.061171
12.934469 8.015574
12.942803 7.957995
12.951137 7.904470
12.959471 7.863998
12.967805 7.831335
12.976139 7.797480
12.984473 7.752955
12.992807 7.712066
13.001141 7.659376
13.009475 7.618308
13.017809 7.571399
13.026143 7.516444
13.034477 7.470250
13.042811 7.427394
13.051146 7.384121
13.059480 7.353723
13.067814 7.314026
13.076148 7.274806
13.084482 7.218719
13.092816 7.179618
13.101150 7.131875
13.109484 7.077634
13.117818 7.027447
13.126152 6.984472
13.134486 6.944478
13.142820 6.904364
13.151154 6.856322
13.159488 6.828904
13.167822 6.784201
13.176157 6.734908
13.184491 6.686151
13.192825 6.632864
13.201159 6.586611
13.209493 6.549954
13.217827 6.506741
13.226161 6.473064
13.234495 6.443739
13.242829 6.404102
13.251163 6.353796
13.259497 6.311357
13.267831 6.270945
13.276165 6.223440
13.284499 6.173491
13.292833 6.131768
13.301168 6.096840
13.309502 6.067812
13.317836 6.029546
13.326170 5.993664
13.334504 5.955279
13.342838 5.914390
13.351172 5.870223
13.359506 5.828798
13.367840 5.787134
13.376174 5.754948
13.384508 5.710959
13.392842 5.674243
13.401176 5.637646
13.409510 5.602181
13.417844 5.562842
13.426178 5.530894
13.434513 5.493224
13.442847 5.451262
13.451181 5.400658
13.459515 5.362272
13.467849 5.330086
13.476183 5.307257
13.484517 5.275548
13.492851 5.247891
13.501185 5.211592
13.509519 5.181313
13.517853 5.145729
13.526187 5.106926
13.534521 5.068421
13.542855 5.027235
13.551189 4.996300
13.559524 4.963338
13.567858 4.938066
13.576192 4.911721
13.584526 4.875541
13.592860 4.850268
13.601194 4.817843
13.609528 4.788220
13.617862 4.745841
13.626196 4.715323
13.634530 4.687846
13.642864 4.661441
13.651198 4.632771
13.659532 4.608154
13.667866 4.579723
13.676200 4.549086
13.684534 4.521430
13.692869 4.489064
13.701203 4.459083
13.709537 4.434466
13.717871 4.405618
13.726205 4.381657
13.734539 4.357994
13.742873 4.333735
13.751207 4.306316
13.759541 4.283786
13.767875 4.263461
13.776209 4.235148
13.784543 4.200935
13.792877 4.176795
13.801211 4.158318
13.809545 4.131436
13.817880 4.121423
13.826214 4.100919
13.834548 4.073143
13.842882 4.050672
13.851216 4.022062
13.859550 3.992796
13.867884 3.972888
13.876218 3.945887
13.884552 3.924429
13.892886 3.908277
13.901220 3.884733
13.909554 3.875554
13.917888 3.849089
13.926222 3.827095
13.934556 3.809869
13.942891 3.787398
13.951225 3.756642
13.959559 3.733814
13.967893 3.716767
13.976227 3.701389
13.984561 3.693044
13.992895 3.672361
14.001229 3.652036
14.009563 3.632605
14.017897 3.606379
14.026231 3.586411
14.034565 3.562927
14.042899 3.537714
14.051233 3.521264
14.059567 3.507078
14.067901 3.494084
14.076236 3.477931
14.084570 3.462076
14.092904 3.449738
14.101238 3.430486
14.109572 3.418803
14.117906 3.394008
14.126240 3.373861
14.134574 3.362894
14.142908 3.354609
14.151242 3.338933
14.159576 3.325939
14.167910 3.312051
14.176244 3.299356
14.184578 3.282547
14.192912 3.265023
14.201247 3.250420
14.209581 3.235817
14.217915 3.234267
14.226249 3.231466
14.234583 3.218412
14.242917 3.204882
14.251251 3.186524
14.259585 3.180385
14.267919 3.175378
14.276253 3.162444
14.284587 3.151059
14.292921 3.139973
14.301255 3.132999
14.309589 3.126800
14.317923 3.128171
14.326257 3.122747
14.334592 3.118396
14.342926 3.108859
14.351260 3.102660
14.359594 3.095150
14.367928 3.086567
14.376262 3.088534
14.384596 3.089130
14.392930 3.094494
14.401264 3.091514
14.409598 3.094852
14.417932 3.087163
14.426266 3.087640
14.434600 3.091693
14.442934 3.094852
14.451268 3.096879
14.459603 3.104627
14.467937 3.110588
14.476271 3.114462
14.484605 3.118038
14.492939 3.134847
14.501273 3.147423
14.509607 3.149688
14.517941 3.162265
14.526275 3.176451
14.534609 3.191352
14.542943 3.216207
14.551277 3.226817
14.559611 3.244281
14.567945 3.262341
14.576279 3.280103
14.584613 3.299057
14.592948 3.324389
14.601282 3.352344
14.609616 3.383994
14.617950 3.425121
14.626284 3.454506
14.634618 3.490806
14.642952 3.523707
14.651286 3.561080
14.659620 3.599823
14.667954 3.641784
14.676288 3.675938
14.684622 3.730297
14.692956 3.792644
14.701290 3.851473
14.709624 3.911972
14.717959 3.965795
14.726293 4.016519
14.734627 4.078269
14.742961 4.127800
14.751295 4.206538
14.759629 4.276633
14.767963 4.349053
14.776297 4.442155
14.784631 4.555583
14.792965 4.655063
14.801299 4.745662
14.809633 4.832506
14.817967 4.921854
14.826301 5.024612
14.834635 5.136549
14.842970 5.250931
14.851304 5.393326
14.859638 5.535364
14.867972 5.693734
14.876306 5.849779
14.884640 6.015778
14.892974 6.144226
14.901308 6.276786
14.909642 6.430686
14.917976 6.622255
14.926310 6.804466
14.934644 6.989777
14.942978 7.200360
14.951312 7.471681
14.959646 7.699192
14.967980 7.916629
14.976315 8.116364
14.984649 8.350908
14.992983 8.570671
15.001317 8.813143
15.009651 9.072781
15.017985 9.399235
15.026319 9.712815
15.034653 10.047972
15.042987 10.381281
15.051321 10.742008
15.059655 11.031092
15.067989 11.319340
15.076323 11.626005
15.084657 12.021721
15.092991 12.391270
15.101326 12.778938
15.109660 13.219177
15.117994 13.773859
15.126328 14.235079
15.134662 14.659166
15.142996 15.063227
15.151330 15.519381
15.159664 15.947878
15.167998 16.399622
15.176332 16.894699
15.184666 17.515957
15.193000 18.101097
15.201334 18.733383
15.209668 19.362450
15.218002 20.022572
15.226336 20.556450
15.234671 21.070599
15.243005 21.613716
15.251339 22.309303
15.259673 22.963226
15.268007 23.639679
15.276341 24.386524
15.284675 25.341093
15.293009 26.135624
15.301343 26.852667
15.309677 27.533590
15.318011 28.278172
15.326345 28.969109
15.334679 29.715717
15.343013 30.518353
15.351347 31.505764
15.359682 32.441677
15.368016 33.439636
15.376350 34.426033
15.384684 35.462975
15.393018 36.284534
15.401352 37.059547
15.409686 37.893684
15.418020 38.936584
15.426354 39.888351
15.434688 40.899487
15.443022 41.996986
15.451356 43.376892
15.459690 44.541122
15.468024 45.576511
15.476358 46.539665
15.484693 47.601700
15.493027 48.564465
15.501361 49.591213
15.509695 50.700695
15.518029 52.050652
15.526363 53.309261
15.534697 54.666668
15.543031 55.985481
15.551365 57.367237
15.559699 58.447392
15.568033 59.460876
15.576367 60.530693
15.584701 61.872364
15.593035 63.096195
15.601369 64.383385
15.609703 65.752922
15.618038 67.497017
15.626372 68.946419
15.634706 70.239632
15.643040 71.417480
15.651374 72.707382
15.659708 73.858170
15.668042 75.091568
15.676376 76.394646
15.684710 78.002365
15.693044 79.469444
15.701378 81.059608
15.709712 82.596718
15.718046 84.196564
15.726380 85.427284
15.734714 86.585609
15.743049 87.775406
15.751383 89.261917
15.759717 90.628471
15.768051 92.058182
15.776385 93.553276
15.784719 95.460770
15.793053 97.038628
15.801387 98.446518
15.809721 99.715080
15.818055 101.086464
15.826389 102.298889
15.834723 103.580803
15.843057 104.946495
15.851391 106.623413
15.859725 108.143326
15.868059 109.775841
15.876394 111.364037
15.884728 113.000664
15.893062 114.257874
15.901396 115.415512
15.909730 116.585640
15.918064 118.052658
15.926398 119.402199
15.934732 120.798019
15.943066 122.263374
15.951400 124.128136
15.959734 125.663582
15.968068 127.022179
15.976402 128.239456
15.984736 129.532104
15.993070 130.670792
16.001405 131.872772
16.009739 133.154785
16.018073 134.710876
16.026407 136.122437
16.034741 137.634125
16.043075 139.105194
16.051409 140.607208
16.059743 141.744110
16.068077 142.781830
16.076411 143.837097
16.084745 145.138443
16.093079 146.332382
16.101413 147.574371
16.109747 148.858994
16.118081 150.501633
16.126415 151.855743
16.134750 153.050629
16.143084 154.099731
16.151418 155.209274
16.159752 156.172241
16.168086 157.192261
16.176420 158.267563
16.184754 159.593048
16.193088 160.763855
16.201422 162.041931
16.209756 163.279739
16.218090 164.537247
16.226424 165.453796
16.234758 166.305267
16.243092 167.145248
16.251426 168.194977
16.259761 169.150467
16.268095 170.160324
16.276429 171.190582
16.284763 172.505890
16.293097 173.593338
16.301431 174.535538
16.309765 175.344498
16.318099 176.198746
16.326433 176.923691
16.334767 177.694702
16.343101 178.525742
16.351435 179.537888
16.359769 180.432114
16.368103 181.402023
16.376437 182.343536
16.384772 183.279877
16.393106 183.970474
16.401440 184.581253
16.409774 185.189102
16.418108 185.937347
16.426442 186.627121
16.434776 187.345947
16.443110 188.102310
16.451444 189.049545
16.459778 189.829056
16.468112 190.486816
16.476446 191.042252
16.484780 191.625565
16.493114 192.115753
16.501448 192.628983
16.509782 193.183273
16.518117 193.864075
16.526451 194.460953
16.534785 195.116226
16.543119 195.744217
16.551453 196.357376
16.559787 196.783966
16.568121 197.170670
16.576455 197.543198
16.584789 198.005890
16.593123 198.425644
16.601457 198.870331
16.609791 199.325439
16.618125 199.911438
16.626459 200.378098
16.634793 200.772583
16.643128 201.084885
16.651462 201.401855
16.659796 201.658997
16.668130 201.949829
16.676464 202.240082
16.684798 202.602692
16.693132 202.924637
16.701466 203.277344
16.709800 203.610474
16.718134 203.921494
16.726468 204.108383
16.734802 204.275574
16.743136 204.440979
16.751470 204.631989
16.759804 204.816635
16.768138 205.014709
16.776473 205.206451
16.784807 205.454910
16.793141 205.657364
16.801475 205.808395
16.809809 205.903198
16.818143 205.992523
16.826477 206.061691
16.834811 206.128754
16.843145 206.204865
16.851479 206.305267
16.859813 206.385818
16.868147 206.477997
16.876481 206.563293
16.884815 206.611359
16.893149 206.619049
16.901484 206.605011
16.909818 206.586655
16.918152 206.566635
16.926486 206.548935
16.934820 206.530685
16.943154 206.519012
16.951488 206.506348
16.959822 206.481934
16.968156 206.420685
16.976490 206.333878
16.984824 206.230347
16.993158 206.147247
17.001492 206.045807
17.009826 205.943130
17.018160 205.834595
17.026495 205.733902
17.034829 205.617523
17.043163 205.497086
17.051497 205.329895
17.059831 205.170517
17.068165 205.012833
17.076499 204.865158
17.084833 204.675995
17.093167 204.508667
17.101501 204.335983
17.109835 204.163193
17.118169 203.933395
17.126503 203.727875
17.134837 203.505936
17.143171 203.287811
17.151505 203.037354
17.159840 202.842026
17.168174 202.624146
17.176508 202.403076
17.184842 202.130890
17.193176 201.888138
17.201510 201.626831
17.209844 201.353012
17.218178 201.027237
17.226512 200.743973
17.234846 200.494675
17.243180 200.257568
17.251514 199.950195
17.259848 199.680450
17.268182 199.403549
17.276516 199.104370
17.284851 198.732254
17.293185 198.398590
17.301519 198.070343
17.309853 197.750000
17.318187 197.407150
17.326521 197.129074
17.334855 196.827209
17.343189 196.506561
17.351523 196.120651
17.359857 195.774948
17.368191 195.416595
17.376525 195.037399
17.384859 194.601837
17.393193 194.241699
17.401527 193.916824
17.409861 193.601959
17.418196 193.220795
17.426530 192.871414
17.434864 192.503326
17.443198 192.133667
17.451532 191.672241
17.459866 191.249908
17.468200 190.830978
17.476534 190.447891
17.484868 190.029922
17.493202 189.704651
17.501536 189.353165
17.509870 188.983078
17.518204 188.519394
17.526538 188.113480
17.534872 187.683258
17.543207 187.234161
17.551541 186.707947
17.559875 186.307159
17.568209 185.926758
17.576543 185.576324
17.584877 185.154373
17.593211 184.763199
17.601545 184.355286
17.609879 183.932663
17.618213 183.399643
17.626547 182.918991
17.634881 182.455627
17.643215 182.034134
17.651549 181.580688
17.659883 181.219574
17.668217 180.837875
17.676552 180.439026
17.684886 179.943390
17.693220 179.502792
17.701554 179.026901
17.709888 178.524887
17.718222 177.962662
17.726556 177.529602
17.734890 177.129242
17.743224 176.750961
17.751558 176.300552
17.759892 175.887405
17.768226 175.450348
17.776560 174.985168
17.784894 174.424683
17.793228 173.901642
17.801563 173.403534
17.809897 172.954346
17.818231 172.479507
17.826565 172.104034
17.834899 171.708099
17.843233 171.282318
17.851567 170.759476
17.859901 170.298401
17.868235 169.803833
17.876569 169.275787
17.884903 168.684097
17.893237 168.226425
17.901571 167.813950
17.909905 167.423218
17.918239 166.956009
17.926574 166.533051
17.934908 166.072754
17.943242 165.601669
17.951576 165.019836
17.959910 164.476456
17.968244 163.960449
17.976578 163.488861
17.984912 162.991074
17.993246 162.606262
18.001580 162.206177
18.009914 161.788345
18.018248 161.246216
18.026582 160.763565
18.034916 160.256989
18.043250 159.715118
18.051584 159.096115
18.059919 158.631927
18.068253 158.202286
18.076587 157.807861
18.084921 157.333069
18.093255 156.900101
18.101589 156.442169
18.109923 155.960144
18.118257 155.371307
18.126591 154.817200
18.134925 154.291275
18.143259 153.812912
18.151593 153.303650
18.159927 152.907913
18.168261 152.508820
18.176595 152.081375
18.184930 151.539474
18.193264 151.058762
18.201598 150.554001
18.209932 149.995651
18.218266 149.378891
18.226600 148.901520
18.234934 148.467834
18.243268 148.077606
18.251602 147.610962
18.259936 147.175400
18.268270 146.713135
18.276604 146.238480
18.284938 145.640015
18.293272 145.088409
18.301606 144.553070
18.309940 144.067139
18.318275 143.566284
18.326609 143.168472
18.334943 142.770706
18.343277 142.343796
18.351611 141.814377
18.359945 141.331528
18.368279 140.837555
18.376613 140.286774
18.384947 139.671417
18.393281 139.188766
18.401615 138.765900
18.409949 138.374146
18.418283 137.909088
18.426617 137.478912
18.434951 137.020432
18.443286 136.551224
18.451620 135.975098
18.459954 135.430542
18.468288 134.886856
18.476622 134.412979
18.484956 133.918823
18.493290 133.524979
18.501624 133.130402
18.509958 132.706009
18.518292 132.180191
18.526626 131.718964
18.534960 131.231339
18.543294 130.692215
18.551628 130.073578
18.559962 129.590012
18.568296 129.166840
18.576631 128.778961
18.584965 128.331299
18.593299 127.912971
18.601633 127.473473
18.609967 127.022568
18.618301 126.453758
18.626635 125.919792
18.634969 125.398247
18.643303 124.925346
18.651637 124.435753
18.659971 124.052109
18.668305 123.672394
18.676639 123.272148
18.684973 122.766075
18.693307 122.301338
18.701642 121.835320
18.709976 121.317238
18.718310 120.705040
18.726644 120.237259
18.734978 119.828316
18.743312 119.448456
18.751646 119.011848
18.759980 118.617088
18.768314 118.188591
18.776648 117.744804
18.784982 117.210541
18.793316 116.699905
18.801650 116.192253
18.809984 115.722504
18.818318 115.251007
18.826653 114.882950
18.834987 114.523262
18.843321 114.129898
18.851655 113.648682
18.859989 113.222420
18.868323 112.770081
18.876657 112.270805
18.884991 111.681671
18.893325 111.231979
18.901659 110.837105
18.909993 110.479591
18.918327 110.079437
18.926661 109.695282
18.934995 109.294441
18.943329 108.862968
18.951663 108.352486
18.959998 107.860924
18.968332 107.369453
18.976666 106.930824
18.985000 106.482147
18.993334 106.133881
19.001668 105.795738
19.010002 105.431793
19.018336 104.971794
19.026670 104.558350
19.035004 104.126007
19.043338 103.663925
19.051672 103.109451
19.060006 102.680984
19.068340 102.299271
19.076674 101.963936
19.085009 101.588905
19.093343 101.227699
19.101677 100.852547
19.110011 100.454956
19.118345 99.972191
19.126679 99.511353
19.135013 99.044563
19.143347 98.624588
19.151681 98.202644
19.160015 97.876907
19.168349 97.551437
19.176683 97.222595
19.185017 96.794395
19.193351 96.412209
19.201685 96.005615
19.210019 95.569107
19.218354 95.041481
19.226688 94.638046
19.235022 94.288048
19.243356 93.964813
19.251690 93.600395
19.260024 93.279007
19.268358 92.930702
19.276692 92.558357
19.285026 92.111618
19.293360 91.687355
19.301694 91.249825
19.310028 90.854080
19.318362 90.451004
19.326696 90.147224
19.335030 89.850929
19.343365 89.539528
19.351699 89.147118
19.360033 88.789139
19.368367 88.414520
19.376701 88.009117
19.385035 87.515800
19.393369 87.138298
19.401703 86.809784
19.410037 86.512955
19.418371 86.181221
19.426705 85.883797
19.435039 85.550461
19.443373 85.207878
19.451707 84.783226
19.460041 84.401131
19.468376 83.986786
19.476710 83.609848
19.485044 83.235893
19.493378 82.952026
19.501712 82.684814
19.510046 82.392067
19.518380 82.033722
19.526714 81.694427
19.535048 81.352829
19.543382 80.983849
19.551716 80.527069
19.560050 80.167206
19.568384 79.855469
19.576718 79.578072
19.585052 79.272476
19.593386 78.995407
19.601721 78.699020
19.610055 78.392624
19.618389 77.998817
19.626723 77.636780
19.635057 77.253731
19.643391 76.897415
19.651725 76.549652
19.660059 76.289177
19.668393 76.032669
19.676727 75.764122
19.685061 75.437515
19.693395 75.131775
19.701729 74.815903
19.710063 74.476036
19.718397 74.044052
19.726732 73.714226
19.735066 73.421684
19.743400 73.166130
19.751734 72.877136
19.760068 72.624054
19.768402 72.354736
19.776736 72.064903
19.785070 71.711510
19.793404 71.382584
19.801738 71.039497
19.810072 70.703804
19.818406 70.378632
19.826740 70.134644
19.835074 69.897919
19.843408 69.651756
19.851742 69.337067
19.860077 69.051712
19.868411 68.763527
19.876745 68.457840
19.885079 68.073929
19.893413 67.755165
19.901747 67.478806
19.910081 67.248642
19.918415 66.991386
19.926749 66.756012
19.935083 66.511185
19.943417 66.240074
19.951751 65.912872
19.960085 65.602928
19.968419 65.280945
19.976753 64.974991
19.985088 64.667854
19.993422 64.438614
20.001756 64.227226
20.010090 64.002487
20.018424 63.727440
20.026758 63.472481
20.035092 63.198956
20.043426 62.914936
20.051760 62.549561
20.060094 62.253563
20.068428 62.013237
20.076762 61.789036
20.085096 61.550556
20.093430 61.330944
20.101764 61.102806
20.110098 60.863285
20.118433 60.562820
20.126767 60.287117
20.135101 59.984089
20.143435 59.702156
20.151769 59.409081
20.160103 59.208244
20.168437 59.013367
20.176771 58.810772
20.185105 58.552773
20.193439 58.322071
20.201773 58.065952
20.210107 57.807713
20.218441 57.469219
20.226775 57.189377
20.235109 56.962223
20.243444 56.755215
20.251778 56.540161
20.260112 56.340008
20.268446 56.132168
20.276780 55.912941
20.285114 55.641891
20.293448 55.385979
20.301782 55.108101
20.310116 54.840534
20.318450 54.574192
20.326784 54.387569
20.335118 54.205536
20.343452 54.018379
20.351786 53.792538
20.360120 53.582699
20.368455 53.357780
20.376789 53.105713
20.385123 52.803337
20.393457 52.544922
20.401791 52.324383
20.410125 52.134098
20.418459 51.932514
20.426793 51.758976
20.435127 51.574230
20.443461 51.368385
20.451795 51.112740
20.460129 50.883503
20.468463 50.622761
20.476797 50.378471
20.485131 50.135315
20.493465 49.950512
20.501800 49.784599
20.510134 49.613892
20.518468 49.411030
20.526802 49.208969
20.535136 49.004555
20.543470 48.793823
20.551804 48.510105
20.560138 48.258335
20.568472 48.061192
20.576806 47.882618
20.585140 47.701180
20.593474 47.539204
20.601808 47.374249
20.610142 47.188549
20.618476 46.954601
20.626811 46.742439
20.635145 46.516151
20.643479 46.293259
20.651813 46.064259
20.660147 45.900642
20.668481 45.749397
20.676815 45.590847
20.685149 45.401543
20.693483 45.225143
20.701817 45.031219
20.710151 44.836433
20.718485 44.575455
20.726819 44.357090
20.735153 44.171185
20.743487 44.012993
20.751821 43.842495
20.760156 43.693333
20.768490 43.540657
20.776824 43.375820
20.785158 43.160172
20.793492 42.969257
20.801826 42.756348
20.810160 42.547287
20.818494 42.331039
20.826828 42.185574
20.835162 42.047024
20.843496 41.907520
20.851830 41.728107
20.860164 41.572838
20.868498 41.404217
20.876832 41.227997
20.885167 40.985825
20.893501 40.783047
20.901835 40.603966
20.910169 40.463535
20.918503 40.302902
20.926837 40.169121
20.935171 40.024639
20.943505 39.879440
20.951839 39.688946
20.960173 39.514332
20.968507 39.321602
20.976841 39.123177
20.985175 38.933666
20.993509 38.796009
21.001843 38.669197
21.010178 38.537563
21.018512 38.378300
21.026846 38.232834
21.035180 38.079678
21.043514 37.916393
21.051848 37.702232
21.060182 37.520527
21.068516 37.361145
21.076850 37.232220
21.085184 37.080257
21.093518 36.963730
21.101852 36.841064
21.110186 36.699116
21.118520 36.523254
21.126854 36.360146
21.135188 36.189259
21.143523 36.011578
21.151857 35.833061
21.160191 35.705925
21.168525 35.587906
21.176859 35.471142
21.185193 35.332859
21.193527 35.198807
21.201861 35.058914
21.210195 34.910084
21.218529 34.716068
21.226863 34.552513
21.235197 34.407436
21.243531 34.274517
21.251865 34.142555
21.260199 34.033714
21.268534 33.919693
21.276868 33.793331
21.285202 33.643246
21.293536 33.491074
21.301870 33.334255
21.310204 33.178509
21.318538 33.008873
21.326872 32.882629
21.335206 32.777428
21.343540 32.673298
21.351874 32.548843
21.360208 32.431244
21.368542 32.306553
21.376876 32.178162
21.385210 32.004238
21.393544 31.843842
21.401879 31.707108
21.410213 31.593918
21.418547 31.480371
21.426881 31.382084
21.435215 31.278969
21.443549 31.163454
21.451883 31.022131
21.460217 30.894995
21.468551 30.750156
21.476885 30.601322
21.485219 30.445934
21.493553 30.332207
21.501887 30.239761
21.510221 30.139805
21.518555 30.034245
21.526890 29.927135
21.535224 29.812157
21.543558 29.688477
21.551892 29.534340
21.560226 29.391706
21.568560 29.263615
21.576894 29.157221
21.585228 29.045403
21.593562 28.954029
21.601896 28.862358
21.610230 28.758049
21.618564 28.637945
21.626898 28.521717
21.635232 28.394043
21.643566 28.260529
21.651900 28.117298
21.660235 28.019369
21.668569 27.916729
21.676903 27.837753
21.685237 27.738689
21.693571 27.642250
21.701905 27.532578
21.710239 27.421534
21.718573 27.285397
21.726907 27.154087
21.735241 27.040123
21.743575 26.941895
21.751909 26.838303
21.760243 26.762188
21.768577 26.675463
21.776911 26.585997
21.785246 26.471317
21.793580 26.365936
21.801914 26.247084
21.810248 26.127756
21.818582 25.993109
21.826916 25.903343
21.835250 25.816977
21.843584 25.739372
21.851918 25.651991
21.860252 25.565088
21.868586 25.473953
21.876920 25.371433
21.885254 25.242149
21.893588 25.128483
21.901922 25.017441
21.910257 24.924576
21.918591 24.837612
21.926925 24.763943
21.935259 24.692654
21.943593 24.609566
21.951927 24.502159
21.960261 24.409712
21.968595 24.300814
21.976929 24.190187
21.985263 24.068535
21.993597 23.980200
22.001931 23.906767
22.010265 23.839355
22.018599 23.755192
22.026933 23.672462
22.035267 23.600817
22.043602 23.512899
22.051936 23.389875
22.060270 23.281515
22.068604 23.178041
22.076938 23.096443
22.085272 23.014307
22.093606 22.946178
22.101940 22.881805
22.110274 22.809744
22.118608 22.716463
22.126942 22.624016
22.135276 22.525549
22.143610 22.421598
22.151944 22.317945
22.160278 22.241056
22.168613 22.172749
22.176947 22.112846
22.185281 22.028387
22.193615 21.955490
22.201949 21.881521
22.210283 21.799206
22.218617 21.696568
22.226951 21.604538
22.235285 21.510124
22.243619 21.433889
22.251953 21.363735
22.260287 21.293282
22.268621 21.230995
22.276955 21.165907
22.285289 21.079063
22.293623 21.005749
22.301958 20.921349
22.310292 20.826160
22.318626 20.721912
22.326960 20.650208
22.335294 20.591141
22.343628 20.533562
22.351962 20.460606
22.360296 20.398378
22.368630 20.330965
22.376964 20.257950
22.385298 20.157040
22.393632 20.066500
22.401966 19.979179
22.410300 19.911884
22.418634 19.849121
22.426969 19.791306
22.435303 19.737780
22.443637 19.679905
22.451971 19.602299
22.460305 19.528271
22.468639 19.452930
22.476973 19.372643
22.485307 19.275009
22.493641 19.210100
22.501975 19.152582
22.510309 19.108772
22.518643 19.047678
22.526977 18.981575
22.535311 18.918217
22.543645 18.850803
22.551980 18.772961
22.560314 18.695593
22.568648 18.613995
22.576982 18.549801
22.585316 18.486261
22.593650 18.434048
22.601984 18.379688
22.610318 18.330574
22.618652 18.260420
22.626986 18.196404
22.635320 18.122911
22.643654 18.047691
22.651988 17.962038
22.660322 17.900349
22.668656 17.852545
22.676990 17.806053
22.685325 17.741798
22.693659 17.695189
22.701993 17.631172
22.710327 17.576099
22.718661 17.500401
22.726995 17.418503
22.735329 17.343224
22.743663 17.290413
22.751997 17.231047
22.760331 17.187119
22.768665 17.143965
22.776999 17.094910
22.785333 17.022789
22.793667 16.965092
22.802001 16.910076
22.810336 16.837894
22.818670 16.749741
22.827004 16.697168
22.835338 16.651094
22.843672 16.608059
22.852006 16.558289
22.860340 16.507805
22.868674 16.460001
22.877008 16.406895
22.885342 16.335785
22.893676 16.268015
22.902010 16.201555
22.910344 16.140520
22.918678 16.086042
22.927012 16.042591
22.935346 16.000509
22.943681 15.965700
22.952015 15.909016
22.960349 15.859783
22.968683 15.803695
22.977017 15.742361
22.985351 15.670835
22.993685 15.614330
23.002019 15.570820
23.010353 15.523076
23.018687 15.479803
23.027021 15.442371
23.035355 15.392423
23.043689 15.342653
23.052023 15.283405
23.060357 15.225351
23.068692 15.165329
23.077026 15.101552
23.085360 15.055239
23.093694 15.018821
23.102028 14.976084
23.110362 14.939606
23.118696 14.886438
23.127030 14.831662
23.135364 14.785647
23.143698 14.729082
23.152032 14.658332
23.160366 14.607965
23.168700 14.566601
23.177034 14.536322
23.185368 14.494360
23.193702 14.454126
23.202037 14.412045
23.210371 14.362156
23.218705 14.306248
23.227039 14.254152
23.235373 14.199734
23.243707 14.143586
23.252041 14.104546
23.260375 14.068604
23.268709 14.037371
23.277043 13.996660
23.285377 13.948381
23.293711 13.909042
23.302045 13.862371
23.310379 13.807535
23.318713 13.745666
23.327048 13.702631
23.335382 13.668358
23.343716 13.629317
23.352050 13.585329
23.360384 13.550341
23.368718 13.518990
23.377052 13.473213
23.385386 13.418198
23.393720 13.360023
23.402054 13.304890
23.410388 13.269007
23.418722 13.226151
23.427056 13.202667
23.435390 13.172329
23.443724 13.134718
23.452059 13.093114
23.460393 13.045847
23.468727 13.004899
23.477061 12.961030
23.485395 12.904585
23.493729 12.855530
23.502063 12.829721
23.510397 12.801766
23.518731 12.769043
23.527065 12.734116
23.535399 12.700677
23.543733 12.661160
23.552067 12.611448
23.560401 12.561262
23.568735 12.508690
23.577069 12.469411
23.585404 12.434303
23.593738 12.405931
23.602072 12.383699
23.610406 12.354016
23.618740 12.313307
23.627074 12.280046
23.635408 12.239038
23.643742 12.184381
23.652076 12.127579
23.660410 12.093126
23.668744 12.054086
23.677078 12.030959
23.685412 12.002707
23.693746 11.976004
23.702080 11.942207
23.710415 11.909366
23.718749 11.865675
23.727083 11.819839
23.735417 11.780083
23.743751 11.729420
23.752085 11.693419
23.760419 11.662186
23.768753 11.634350
23.777087 11.611164
23.785421 11.580050
23.793755 11.545181
23.802089 11.514723
23.810423 11.473894
23.818757 11.423111
23.827091 11.383295
23.835425 11.364579
23.843760 11.330962
23.852094 11.298836
23.860428 11.272728
23.868762 11.247217
23.877096 11.210322
23.885430 11.173606
23.893764 11.136174
23.902098 11.095285
23.910432 11.058271
23.918766 11.024475
23.927100 10.999859
23.935434 10.977387
23.943768 10.953724
23.952102 10.922432
23.960436 10.888338
23.968771 10.858715
23.977105 10.819435
23.985439 10.768711
23.993773 10.731876
24.002107 10.707558
24.010441 10.691584
24.018775 10.664940
24.027109 10.641456
24.035443 10.618091
24.043777 10.590612
24.052111 10.552704
24.060445 10.518253
24.068779 10.479391
24.077113 10.447205
24.085447 10.409236
24.093781 10.386526
24.102116 10.365367
24.110450 10.344088
24.118784 10.308981
24.127118 10.277927
24.135452 10.247469
24.143786 10.224401
24.152120 10.174513
24.160454 10.143816
24.168788 10.118842
24.177122 10.094047
24.185456 10.075867
24.193790 10.049046
24.202124 10.031282
24.210458 10.003567
24.218792 9.969891
24.227127 9.935260
24.235461 9.908855
24.243795 9.872019
24.252129 9.846687
24.260463 9.823620
24.268797 9.805977
24.277131 9.790600
24.285465 9.765923
24.293799 9.732426
24.302133 9.711266
24.310467 9.680152
24.318801 9.640694
24.327135 9.604872
24.335469 9.586990
24.343803 9.562551
24.352138 9.539307
24.360472 9.521723
24.368806 9.497345
24.377140 9.474098
24.385474 9.441733
24.393808 9.415984
24.402142 9.387970
24.410476 9.353042
24.418810 9.325624
24.427144 9.306133
24.435478 9.292126
24.443812 9.273291
24.452146 9.248018
24.460480 9.234309
24.468814 9.208738
24.477148 9.179831
24.485483 9.140312
24.493817 9.110689
24.502151 9.088516
24.510485 9.070337
24.518819 9.054720
24.527153 9.027600
24.535487 9.013534
24.543821 8.993685
24.552155 8.962393
24.560489 8.939743
24.568823 8.904755
24.577157 8.877218
24.585491 8.851647
24.593825 8.836985
24.602159 8.819222
24.610494 8.802593
24.618828 8.774221
24.627162 8.757234
24.635496 8.735180
24.643830 8.710443
24.652164 8.683384
24.660498 8.654475
24.668832 8.636236
24.677166 8.618057
24.685500 8.590878
24.693834 8.581877
24.702168 8.559942
24.710502 8.548737
24.718836 8.517385
24.727170 8.489191
24.735504 8.463800
24.743839 8.429527
24.752173 8.415937
24.760507 8.403837
24.768841 8.385599
24.777175 8.371711
24.785509 8.357943
24.793843 8.341610
24.802177 8.315145
24.810511 8.288145
24.818845 8.260369
24.827179 8.235752
24.835513 8.217454
24.843847 8.203268
24.852181 8.181393
24.860515 8.168459
24.868850 8.147478
24.877184 8.133650
24.885518 8.109152
24.893852 8.094549
24.902186 8.062720
24.910520 8.038818
24.918854 8.017540
24.927188 7.999599
24.935522 7.988572
24.943856 7.973909
24.952190 7.953703
24.960524 7.938921
24.968858 7.916033
24.977192 7.900953
24.985526 7.872999
24.993861 7.853389
25.002195 7.831097
25.010529 7.820010
25.018863 7.803559
25.027197 7.791638
25.035531 7.777691
25.043865 7.766128
25.052199 7.739425
25.060533 7.720053
25.068867 7.702529
25.077201 7.678986
25.085535 7.651985
25.093869 7.641196
25.102203 7.631958
25.110537 7.612526
25.118871 7.602096
25.127206 7.585585
25.135540 7.569373
25.143874 7.554352
25.152208 7.521570
25.160542 7.493019
25.168876 7.477462
25.177210 7.467449
25.185544 7.454991
25.193878 7.440388
25.202212 7.428586
25.210546 7.416308
25.218880 7.396400
25.227214 7.378459
25.235548 7.356048
25.243882 7.337570
25.252217 7.320523
25.260551 7.308483
25.268885 7.293582
25.277219 7.282078
25.285553 7.259488
25.293887 7.243872
25.302221 7.230282
25.310555 7.213593
25.318889 7.192314
25.327223 7.171035
25.335557 7.158160
25.343891 7.146478
25.352225 7.136166
25.360559 7.123709
25.368893 7.115126
25.377227 7.097781
25.385562 7.081091
25.393896 7.062197
25.402230 7.035553
25.410564 7.017791
25.418898 7.007897
25.427232 6.994545
25.435566 6.981373
25.443900 6.970823
25.452234 6.960392
25.460568 6.949008
25.468902 6.936610
25.477236 6.924450
25.485570 6.900907
25.493904 6.884098
25.502238 6.864130
25.510573 6.845474
25.518907 6.837428
25.527241 6.826639
25.535575 6.811440
25.543909 6.806731
25.552243 6.788492
25.560577 6.777227
25.568911 6.762087
25.577245 6.750405
25.585579 6.727517
25.593913 6.716371
25.602247 6.712854
25.610581 6.699204
25.618915 6.690562
25.627249 6.672621
25.635583 6.658137
25.643918 6.650448
25.652252 6.625235
25.660586 6.607950
25.668920 6.596148
25.677254 6.589353
25.685588 6.579280
25.693922 6.565630
25.702256 6.557584
25.710590 6.548882
25.718924 6.536722
25.727258 6.523311
25.735592 6.505370
25.743926 6.484151
25.752260 6.467044
25.760594 6.460190
25.768929 6.451488
25.777263 6.443083
25.785597 6.426692
25.793931 6.418586
25.802265 6.405413
25.810599 6.396294
25.818933 6.380200
25.827267 6.356776
25.835601 6.336451
25.843935 6.334186
25.852269 6.322742
25.860603 6.315708
25.868937 6.305754
25.877271 6.301343
25.885605 6.281078
25.893940 6.269217
25.902274 6.255090
25.910608 6.242931
25.918942 6.225884
25.927276 6.222963
25.935610 6.212592
25.943944 6.196856
25.952278 6.193697
25.960612 6.184936
25.968946 6.172717
25.977280 6.156266
25.985614 6.147027
25.993948 6.123424
26.002282 6.104350
26.010616 6.095111
26.018950 6.083131
26.027285 6.076217
26.035619 6.071031
26.043953 6.063759
26.052287 6.053805
26.060621 6.043732
26.068955 6.027579
26.077289 6.014764
26.085623 5.991697
26.093957 5.979657
26.102291 5.978882
26.110625 5.969226
26.118959 5.967796
26.127293 5.956113
26.135627 5.951524
26.143961 5.928338
26.152296 5.920053
26.160630 5.900979
26.168964 5.887628
26.177298 5.876541
26.185632 5.864024
26.193966 5.860209
26.202300 5.854666
26.210634 5.849540
26.218968 5.836666
26.227302 5.826831
26.235636 5.813956
26.243970 5.804241
26.252304 5.785048
26.260638 5.780756
26.268972 5.764902
26.277306 5.756080
26.285641 5.752623
26.293975 5.751133
26.302309 5.744040
26.310643 5.722821
26.318977 5.706787
26.327311 5.691707
26.335645 5.677581
26.343979 5.669653
26.352313 5.665362
26.360647 5.653501
26.368981 5.647123
26.377315 5.638778
26.385649 5.627692
26.393983 5.620658
26.402317 5.606830
26.410652 5.594075
26.418986 5.578220
26.427320 5.568802
26.435654 5.563796
26.443988 5.559921
26.452322 5.551040
26.460656 5.546570
26.468990 5.532205
26.477324 5.523920
26.485658 5.509198
26.493992 5.493224
26.502326 5.482376
26.510660 5.475700
26.518994 5.472243
26.527328 5.463839
26.535663 5.455017
26.543997 5.453825
26.552331 5.443752
26.560665 5.425990
26.568999 5.416811
26.577333 5.407691
26.585667 5.392611
26.594001 5.384326
26.602335 5.378664
26.610669 5.371034
26.619003 5.363643
26.627337 5.362093
26.635671 5.349219
26.644005 5.342126
26.652339 5.327284
26.660673 5.316377
26.669008 5.295217
26.677342 5.292177
26.685676 5.287766
26.694010 5.277157
26.702344 5.265117
26.710678 5.259097
26.719012 5.254984
26.727346 5.246699
26.735680 5.229235
26.744014 5.221069
26.752348 5.214095
26.760682 5.206823
26.769016 5.193770
26.777350 5.183876
26.785684 5.173683
26.794019 5.161464
26.802353 5.159855
26.810687 5.145967
26.819021 5.136132
26.827355 5.128801
26.835689 5.113006
26.844023 5.101323
26.852357 5.088508
26.860691 5.087614
26.869025 5.081356
26.877359 5.078077
26.885693 5.075455
26.894027 5.062819
26.902361 5.048156
26.910695 5.029380
26.919029 5.017459
26.927364 5.010545
26.935698 5.005360
26.944032 5.000651
26.952366 4.993916
26.960700 4.985750
26.969034 4.980564
26.977368 4.969060
26.985702 4.962444
26.994036 4.948556
27.002370 4.936278
27.010704 4.921973
27.019038 4.918814
27.027372 4.916549
27.035706 4.908442
27.044040 4.901052
27.052375 4.899502
27.060709 4.888833
27.069043 4.874468
27.077377 4.860878
27.085711 4.850566
27.094045 4.840791
27.102379 4.839778
27.110713 4.832387
27.119047 4.822493
27.127381 4.815936
27.135715 4.811883
27.144049 4.794538
27.152383 4.785299
27.160717 4.778504
27.169051 4.765749
27.177385 4.754126
27.185720 4.752696
27.194054 4.747748
27.202388 4.738212
27.210722 4.727840
27.219056 4.716754
27.227390 4.698873
27.235724 4.697978
27.244058 4.690528
27.252392 4.673898
27.260726 4.668593
27.269060 4.665077
27.277394 4.661858
27.285728 4.647911
27.294062 4.644036
27.302396 4.636168
27.310731 4.624546
27.319065 4.612029
27.327399 4.605711
27.335733 4.593968
27.344067 4.581690
27.352401 4.576802
27.360735 4.564524
27.369069 4.559100
27.377403 4.554987
27.385737 4.550695
27.394071 4.544199
27.402405 4.531860
27.410739 4.518390
27.419073 4.501581
27.427407 4.493713
27.435742 4.495919
27.444076 4.488528
27.452410 4.485488
27.460744 4.475415
27.469078 4.464626
27.477412 4.452109
27.485746 4.440486
27.494080 4.433036
27.502414 4.425704
27.510748 4.414558
27.519082 4.407883
27.527416 4.402578
27.535750 4.392147
27.544084 4.388690
27.552418 4.382074
27.560752 4.371643
27.569087 4.365385
27.577421 4.356802
27.585755 4.342377
27.594089 4.330575
27.602423 4.322112
27.610757 4.316986
27.619091 4.307568
27.627425 4.303515
27.635759 4.295409
27.644093 4.284441
27.652427 4.275680
27.660761 4.263878
27.669095 4.249215
27.677429 4.246652
27.685763 4.241526
27.694098 4.227519
27.702432 4.224837
27.710766 4.219830
27.719100 4.212558
27.727434 4.209042
27.735768 4.193485
27.744102 4.182220
27.752436 4.176557
27.760770 4.171073
27.769104 4.160285
27.777438 4.153252
27.785772 4.147172
27.794106 4.137158
27.802440 4.130900
27.810774 4.120827
27.819108 4.117727
27.827443 4.108191
27.835777 4.090071
27.844111 4.082978
27.852445 4.076481
27.860779 4.078627
27.869113 4.066050
27.877447 4.064739
27.885781 4.052520
27.894115 4.045069
27.902449 4.033983
27.910783 4.022241
27.919117 4.007757
27.927451 4.002035
27.935785 3.993213
27.944119 3.993154
27.952454 3.981233
27.960788 3.973961
27.969122 3.970444
27.977456 3.961444
27.985790 3.957808
27.994124 3.946543
28.002458 3.933012
28.010792 3.921032
28.019126 3.913343
28.027460 3.904819
28.035794 3.904939
28.044128 3.894448
28.052462 3.890336
28.060796 3.877342
28.069130 3.863394
28.077465 3.853261
28.085799 3.839970
28.094133 3.833771
28.102467 3.826499
28.110801 3.828824
28.119135 3.818035
28.127469 3.813505
28.135803 3.801763
28.144137 3.800511
28.152471 3.782630
28.160805 3.778636
28.169139 3.764212
28.177473 3.756523
28.185807 3.743351
28.194141 3.744721
28.202475 3.741384
28.210810 3.732145
28.219144 3.717244
28.227478 3.710568
28.235812 3.701508
28.244146 3.692865
28.252480 3.681839
28.260814 3.674150
28.269148 3.667653
28.277482 3.652215
28.285816 3.644705
28.294150 3.645658
28.302484 3.635645
28.310818 3.631175
28.319152 3.621399
28.327486 3.614426
28.335821 3.599942
28.344155 3.592014
28.352489 3.586173
28.360823 3.584802
28.369157 3.578842
28.377491 3.571987
28.385825 3.564179
28.394159 3.557444
28.402493 3.543437
28.410827 3.533959
28.419161 3.522217
28.427495 3.515065
28.435829 3.515184
28.444163 3.507376
28.452497 3.502071
28.460831 3.502011
28.469166 3.480673
28.477500 3.477037
28.485834 3.475845
28.494168 3.465414
28.502502 3.457069
28.510836 3.440320
28.519170 3.424048
28.527504 3.424048
28.535838 3.407300
28.544172 3.415167
28.552506 3.407300
28.560840 3.398180
28.569174 3.391743
28.577508 3.389657
28.585842 3.374696
28.594177 3.364384
28.602511 3.356636
28.610845 3.355324
28.619179 3.346741
28.627513 3.341794
28.635847 3.333807
28.644181 3.327549
28.652515 3.320038
28.660849 3.311574
28.669183 3.298283
28.677517 3.291488
28.685851 3.285646
28.694185 3.280640
28.702519 3.271878
28.710853 3.271103
28.719187 3.261089
28.727522 3.240645
28.735856 3.234267
28.744190 3.236592
28.752524 3.219068
28.760858 3.216445
28.769192 3.205240
28.777526 3.201485
28.785860 3.194034
28.794194 3.185332
28.802528 3.184676
28.810862 3.180206
28.819196 3.166795
28.827530 3.160000
28.835864 3.152490
28.844198 3.134072
28.852533 3.136456
28.860867 3.125787
28.869201 3.125966
28.877535 3.115058
28.885869 3.104985
28.894203 3.097653
28.902537 3.095388
28.910871 3.087044
28.919205 3.065765
28.927539 3.065109
28.935873 3.060162
28.944207 3.048420
28.952541 3.049731
28.960875 3.043413
28.969209 3.034711
28.977544 3.026545
28.985878 3.016293
28.994212 3.004134
29.002546 2.996981
29.010880 2.995789
29.019214 2.987623
29.027548 2.969921
29.035882 2.970934
29.044216 2.963305
29.052550 2.954960
29.060884 2.954185
29.069218 2.945304
29.077552 2.934694
29.085886 2.922714
29.094220 2.911150
29.102554 2.908707
29.110889 2.904713
29.119223 2.892971
29.127557 2.889693
29.135891 2.888381
29.144225 2.879977
29.152559 2.872109
29.160893 2.865076
29.169227 2.855122
29.177561 2.845645
29.185895 2.842188
29.194229 2.837956
29.202563 2.832532
29.210897 2.825022
29.219231 2.816677
29.227565 2.802968
29.235900 2.796650
29.244234 2.790391
29.252568 2.779484
29.260902 2.766430
29.269236 2.765119
29.277570 2.755463
29.285904 2.749681
29.294238 2.743006
29.302572 2.740979
29.310906 2.736807
29.319240 2.722800
29.327574 2.716720
29.335908 2.707183
29.344242 2.696455
29.352576 2.688050
29.360910 2.680123
29.369245 2.682447
29.377579 2.680957
29.385913 2.667308
29.394247 2.659559
29.402581 2.653420
29.410915 2.650857
29.419249 2.642870
29.427583 2.631903
29.435917 2.633333
29.444251 2.617300
29.452585 2.615929
29.460919 2.608478
29.469253 2.600431
29.477587 2.598166
29.485921 2.586007
29.494256 2.576172
29.502590 2.568424
29.510924 2.559721
29.519258 2.548218
29.527592 2.544343
29.535926 2.539337
29.544260 2.536297
29.552594 2.532601
29.560928 2.522707
29.569262 2.515435
29.577596 2.519429
29.585930 2.507508
29.594264 2.494514
29.602598 2.485514
29.610932 2.479672
29.619266 2.473474
29.627601 2.468050
29.635935 2.463520
29.644269 2.458751
29.652603 2.450883
29.660937 2.444327
29.669271 2.435148
29.677605 2.422571
29.685939 2.416074
29.694273 2.407312
29.702607 2.401948
29.710941 2.397835
29.719275 2.393663
29.727609 2.391577
29.735943 2.386332
29.744277 2.373099
29.752612 2.366066
29.760946 2.363741
29.769280 2.353072
29.777614 2.352893
29.785948 2.342939
29.794282 2.338171
29.802616 2.335668
29.810950 2.325118
29.819284 2.320945
29.827618 2.311409
29.835952 2.301395
29.844286 2.298951
29.852620 2.288103
29.860954 2.286971
29.869288 2.278745
29.877623 2.269030
29.885957 2.263069
29.894291 2.256274
29.902625 2.254963
29.910959 2.245784
29.919293 2.234936
29.927627 2.222955
29.935961 2.215922
29.944295 2.215564
29.952629 2.209425
29.960963 2.208710
29.969297 2.195895
29.977631 2.183735
29.985965 2.184451
29.994299 2.176225
30.002633 2.166927
30.010968 2.155364
30.019302 2.147853
30.027636 2.149045
30.035970 2.148926
30.044304 2.144992
30.052638 2.140224
30.060972 2.133012
30.069306 2.124727
30.077640 2.120137
30.085974 2.112925
30.094308 2.102196
30.102642 2.099752
30.110976 2.093077
30.119310 2.073407
30.127644 2.070844
30.135979 2.070189
30.144313 2.072513
30.152647 2.066731
30.160981 2.057552
30.169315 2.050817
30.177649 2.043128
30.185983 2.028346
30.194317 2.022386
30.202651 2.019763
30.210985 2.008200
30.219319 2.009153
30.227653 2.012908
30.235987 2.012432
30.244321 2.002537
30.252655 1.996875
30.260989 1.982987
30.269324 1.972616
30.277658 1.974523
30.285992 1.964688
30.294326 1.961231
30.302660 1.955807
30.310994 1.951218
30.319328 1.934290
30.327662 1.930952
30.335996 1.926422
30.344330 1.921654
30.352664 1.914442
30.360998 1.912117
30.369332 1.903832
30.377666 1.897693
30.386000 1.890898
30.394335 1.884520
30.402669 1.885414
30.411003 1.883864
30.419337 1.864552
30.427671 1.857877
30.436005 1.851022
30.444339 1.852214
30.452673 1.846194
30.461007 1.844823
30.469341 1.838803
30.477675 1.831412
30.486009 1.824915
30.494343 1.827300
30.502677 1.820862
30.511011 1.805007
30.519346 1.794934
30.527680 1.789093
30.536014 1.798689
30.544348 1.792073
30.552682 1.788795
30.561016 1.784682
30.569350 1.776099
30.577684 1.769245
30.586018 1.758516
30.594352 1.753986
30.602686 1.748145
30.611020 1.744151
30.619354 1.737058
30.627688 1.730561
30.636022 1.730204
30.644356 1.732290
30.652691 1.724720
30.661025 1.723230
30.669359 1.707792
30.677693 1.700401
30.686027 1.694143
30.694361 1.690447
30.702695 1.688361
30.711029 1.684427
30.719363 1.679480
30.727697 1.671374
30.736031 1.672745
30.744365 1.663744
30.752699 1.656294
30.761033 1.647413
30.769367 1.641273
30.777702 1.636028
30.786036 1.633704
30.794370 1.633942
30.802704 1.625717
30.811038 1.621366
30.819372 1.613200
30.827706 1.608551
30.836040 1.601994
30.844374 1.601338
30.852708 1.593828
30.861042 1.586914
30.869376 1.577973
30.877710 1.580119
30.886044 1.569152
30.894378 1.565814
30.902712 1.565874
30.911047 1.562297
30.919381 1.552403
30.927715 1.542568
30.936049 1.538277
30.944383 1.537681
30.952717 1.532793
30.961051 1.523495
30.969385 1.523852
30.977719 1.522183
30.986053 1.523495
30.994387 1.520991
31.002721 1.508474
31.011055 1.495719
31.019389 1.486301
31.027723 1.482904
31.036058 1.479506
31.044392 1.476645
31.052726 1.473606
31.061060 1.466155
31.069394 1.462281
31.077728 1.467347
31.086062 1.462579
31.094396 1.449168
31.102730 1.449168
31.111064 1.439333
31.119398 1.433849
31.127732 1.430809
31.136066 1.432717
31.144400 1.431465
31.152734 1.427352
31.161068 1.424074
31.169403 1.417458
31.177737 1.409888
31.186071 1.401007
31.194405 1.401246
31.202739 1.396179
31.211073 1.394749
31.219407 1.383960
31.227741 1.370907
31.236075 1.376867
31.244409 1.375020
31.252743 1.368523
31.261077 1.363277
31.269411 1.350284
31.277745 1.350582
31.286079 1.346827
31.294414 1.348495
31.302748 1.342535
31.311082 1.345456
31.319416 1.333773
31.327750 1.331329
31.336084 1.324117
31.344418 1.323223
31.352752 1.316190
31.361086 1.313150
31.369420 1.312256
31.377754 1.316011
31.386088 1.306832
31.394422 1.305997
31.402756 1.296520
31.411090 1.296878
31.419425 1.290560
31.427759 1.281440
31.436093 1.274288
31.444427 1.274467
31.452761 1.271129
31.461095 1.262009
31.469429 1.260221
31.477763 1.253188
31.486097 1.255572
31.494431 1.258075
31.502765 1.252413
31.511099 1.239955
31.519433 1.236677
31.527767 1.230955
31.536101 1.228094
31.544435 1.223683
31.552770 1.223683
31.561104 1.217365
31.569438 1.219213
31.577772 1.215100
31.586106 1.212597
31.594440 1.199841
31.602774 1.188219
31.611108 1.185000
31.619442 1.178384
31.627776 1.176596
31.636110 1.183748
31.644444 1.170993
31.652778 1.175225
31.661112 1.165032
31.669446 1.163900
31.677781 1.156986
31.686115 1.154602
31.694449 1.153350
31.702783 1.147091
31.711117 1.140177
31.719451 1.140833
31.727785 1.137614
31.736119 1.140535
31.744453 1.125693
31.752787 1.123011
31.761121 1.125991
31.769455 1.121104
31.777789 1.114607
31.786123 1.111925
31.794457 1.113236
31.802791 1.109838
31.811126 1.108050
31.819460 1.097500
31.827794 1.089573
31.836128 1.079261
31.844462 1.083076
31.852796 1.077771
31.861130 1.074433
31.869464 1.073003
31.877798 1.070619
31.886132 1.069188
31.894466 1.066804
31.902800 1.061082
31.911134 1.059175
31.919468 1.054823
31.927802 1.050055
31.936137 1.046181
31.944471 1.056314
31.952805 1.047969
31.961139 1.037836
31.969473 1.034379
31.977807 1.031935
31.986141 1.039267
31.994475 1.032352
32.002809 1.024365
32.011143 1.015425
32.019477 1.018226
32.027811 1.007259
32.036145 1.010180
32.044479 1.010120
32.052813 1.004934
32.061148 0.997603
32.069482 0.996232
32.077816 0.999391
32.086150 0.991702
32.094484 0.990987
32.102818 0.988603
32.111152 0.981450
32.119486 0.977933
32.127820 0.971735
32.136154 0.966430
32.144488 0.967443
32.152822 0.968456
32.161156 0.960350
32.169490 0.951409
32.177824 0.955880
32.186158 0.945389
32.194493 0.938892
32.202827 0.944495
32.211161 0.937998
32.219495 0.936747
32.227829 0.934124
32.236163 0.926614
32.244497 0.920475
32.252831 0.926435
32.261165 0.925243
32.269499 0.920773
32.277833 0.912428
32.286167 0.907779
32.294501 0.905454
32.302835 0.901759
32.311169 0.900567
32.319504 0.895798
32.327838 0.892520
32.336172 0.891387
32.344506 0.888348
32.352840 0.888944
32.361174 0.881135
32.369508 0.880480
32.377842 0.876129
32.386176 0.872970
32.394510 0.872970
32.402844 0.871062
32.411178 0.876248
32.419512 0.868320
32.427846 0.865400
32.436180 0.858963
32.444514 0.854552
32.452849 0.856400
32.461183 0.858009
32.469517 0.852466
32.477851 0.848234
32.486185 0.841737
32.494519 0.846267
32.502853 0.837743
32.511187 0.835538
32.519521 0.823677
32.527855 0.826061
32.536189 0.828862
32.544523 0.825763
32.552857 0.819385
32.561191 0.819027
32.569525 0.818551
32.577860 0.819623
32.586194 0.808060
32.594528 0.801623
32.602862 0.802577
32.611196 0.797510
32.619530 0.797212
32.627864 0.796199
32.636198 0.789165
32.644532 0.791609
32.652866 0.786304
32.661200 0.783980
32.669534 0.782430
32.677868 0.780165
32.686202 0.778556
32.694536 0.768304
32.702870 0.769436
32.711205 0.762701
32.719539 0.765562
32.727873 0.770330
32.736207 0.755608
32.744541 0.753939
32.752875 0.752151
32.761209 0.753403
32.769543 0.745714
32.777877 0.738263
32.786211 0.736058
32.794545 0.729740
32.802879 0.728726
32.811213 0.727534
32.819547 0.730515
32.827881 0.728130
32.836216 0.715554
32.844550 0.711977
32.852884 0.711381
32.861218 0.718951
32.869552 0.709474
32.877886 0.711083
32.886220 0.713944
32.894554 0.712991
32.902888 0.709414
32.911222 0.705123
32.919556 0.703633
32.927890 0.700653
32.936224 0.692129
32.944558 0.693321
32.952892 0.692248
32.961227 0.683725
32.969561 0.683486
32.977895 0.683844
32.986229 0.677586
32.994563 0.680923
33.002897 0.673592
33.011231 0.669718
33.019565 0.668585
33.027899 0.667393
33.036233 0.666142
33.044567 0.663459
33.052901 0.661135
33.061235 0.658989
33.069569 0.659585
33.077903 0.656426
33.086237 0.656903
33.094572 0.650764
33.102906 0.644505
33.111240 0.644803
33.119574 0.641644
33.127908 0.639558
33.136242 0.637949
33.144576 0.639260
33.152910 0.641465
33.161244 0.641227
33.169578 0.636816
33.177912 0.632286
33.186246 0.625968
33.194580 0.618637
33.202914 0.620723
33.211248 0.619769
33.219583 0.615358
33.227917 0.616550
33.236251 0.614703
33.244585 0.612795
33.252919 0.613749
33.261253 0.609934
33.269587 0.606120
33.277921 0.599742
33.286255 0.607014
33.294589 0.602543
33.302923 0.600874
33.311257 0.595808
33.319591 0.587046
33.327925 0.591218
33.336259 0.596166
33.344593 0.593185
33.352928 0.590324
33.361262 0.584960
33.369596 0.578642
33.377930 0.576258
33.386264 0.572383
33.394598 0.577807
33.402932 0.572145
33.411266 0.572145
33.419600 0.573218
33.427934 0.565708
33.436268 0.567496
33.444602 0.569224
33.452936 0.566900
33.461270 0.561774
33.469604 0.563622
33.477939 0.558674
33.486273 0.561655
33.494607 0.558853
33.502941 0.555456
33.511275 0.550568
33.519609 0.546932
33.527943 0.546157
33.536277 0.545442
33.544611 0.547469
33.552945 0.541747
33.561279 0.546038
33.569613 0.546932
33.577947 0.536740
33.586281 0.534952
33.594615 0.535786
33.602950 0.530899
33.611284 0.524998
33.619618 0.520766
33.627952 0.526667
33.636286 0.516295
33.644620 0.515342
33.652954 0.519097
33.661288 0.519454
33.669622 0.514567
33.677956 0.519156
33.686290 0.514686
33.694624 0.515759
33.702958 0.514686
33.711292 0.514388
33.719626 0.512898
33.727960 0.507653
33.736295 0.499189
33.744629 0.495732
33.752963 0.498712
33.761297 0.494599
33.769631 0.496447
33.777965 0.487089
33.786299 0.487566
33.794633 0.492036
33.802967 0.492215
33.811301 0.489771
33.819635 0.493169
33.827969 0.488639
33.836303 0.487566
33.844637 0.491619
33.852971 0.482678
33.861306 0.477731
33.869640 0.473559
33.877974 0.472426
33.886308 0.473320
33.894642 0.482619
33.902976 0.480711
33.911310 0.474095
33.919644 0.478148
33.927978 0.472605
33.936312 0.467956
33.944646 0.465155
33.952980 0.458181
33.961314 0.461459
33.969648 0.456095
33.977982 0.459313
33.986316 0.453711
33.994651 0.450313
34.002985 0.449300
34.011319 0.451326
34.019653 0.453055
34.027987 0.449598
34.036321 0.451267
34.044655 0.445604
34.052989 0.439107
34.061323 0.440717
34.069657 0.441790
34.077991 0.443637
34.086325 0.438750
34.094659 0.436544
34.102993 0.439942
34.111327 0.433981
34.119662 0.436187
34.127996 0.426710
34.136330 0.423729
34.144664 0.428379
34.152998 0.429571
34.161332 0.430346
34.169666 0.428200
34.178000 0.427008
34.186334 0.419855
34.194668 0.421524
34.203002 0.417948
34.211336 0.421643
34.219670 0.417173
34.228004 0.413716
34.236338 0.412405
34.244672 0.413597
34.253007 0.416100
34.261341 0.413179
34.269675 0.407457
34.278009 0.405669
34.286343 0.410557
34.294677 0.411451
34.303011 0.411332
34.311345 0.399828
34.319679 0.399470
34.328013 0.400066
34.336347 0.392854
34.344681 0.394464
34.353015 0.386536
34.361349 0.388086
34.369683 0.390947
34.378018 0.392377
34.386352 0.390530
34.394686 0.386000
34.403020 0.390887
34.411354 0.390172
34.419688 0.387192
34.428022 0.379980
34.436356 0.370920
34.444690 0.374317
34.453024 0.376344
34.461358 0.385106
34.469692 0.375688
34.478026 0.378191
34.486360 0.374913
34.494694 0.376523
34.503029 0.368714
34.511363 0.368237
34.519697 0.366449
34.528031 0.357807
34.536365 0.360191
34.544699 0.362694
34.553033 0.354409
34.561367 0.357985
34.569701 0.358403
34.578035 0.356317
34.586369 0.352740
34.594703 0.350058
34.603037 0.353456
34.611371 0.340760
34.619705 0.342786
34.628039 0.344098
34.636374 0.342607
34.644708 0.342607
34.653042 0.345886
34.661376 0.346065
34.669710 0.341237
34.678044 0.339329
34.686378 0.340939
34.694712 0.330269
34.703046 0.340521
34.711380 0.337064
34.719714 0.334263
34.728048 0.334620
34.736382 0.341833
34.744716 0.334620
34.753050 0.342906
34.761385 0.336111
34.769719 0.328898
34.778053 0.322223
34.786387 0.329196
34.794721 0.326991
34.803055 0.324786
34.811389 0.328124
34.819723 0.320256
34.828057 0.317097
34.836391 0.321269
34.844725 0.319541
34.853059 0.316679
34.861393 0.313997
34.869727 0.318050
34.878061 0.318289
34.886395 0.310421
34.894730 0.306964
34.903064 0.306249
34.911398 0.311434
34.919732 0.313044
34.928066 0.312984
34.936400 0.319362
34.944734 0.308633
34.953068 0.315487
34.961402 0.308156
34.969736 0.307322
34.978070 0.308275
34.986404 0.302255
34.994738 0.303388
35.003072 0.297904
35.011406 0.305951
35.019741 0.302792
35.028075 0.301003
35.036409 0.303686
35.044743 0.297725
35.053077 0.295043
35.061411 0.287175
35.069745 0.294268
35.078079 0.289798
35.086413 0.286698
35.094747 0.283480
35.103081 0.286281
35.111415 0.287354
35.119749 0.280440
35.128083 0.281692
35.136417 0.279367
35.144751 0.280142
35.153086 0.279844
35.161420 0.282109
35.169754 0.282645
35.178088 0.282288
35.186422 0.282586
35.194756 0.279129
35.203090 0.269592
35.211424 0.268936
35.219758 0.271678
35.228092 0.273049
35.236426 0.267744
35.244760 0.272810
35.253094 0.267327
35.261428 0.265419
35.269762 0.267804
35.278097 0.269413
35.286431 0.266433
35.294765 0.268519
35.303099 0.271499
35.311433 0.270844
35.319767 0.271678
35.328101 0.268281
35.336435 0.262022
35.344769 0.263870
35.353103 0.265837
35.361437 0.263274
35.369771 0.258863
35.378105 0.264645
35.386439 0.264525
35.394773 0.260770
35.403108 0.255287
35.411442 0.257373
35.419776 0.255227
35.428110 0.255823
35.436444 0.261664
35.444778 0.256181
35.453112 0.247240
35.461446 0.247836
35.469780 0.247121
35.478114 0.251353
35.486448 0.241876
35.494782 0.247657
35.503116 0.244200
35.511450 0.246346
35.519784 0.249684
35.528118 0.246644
35.536453 0.240326
35.544787 0.248611
35.553121 0.243783
35.561455 0.242174
35.569789 0.242591
35.578123 0.241876
35.586457 0.243783
35.594791 0.238955
35.603125 0.234723
35.611459 0.233829
35.619793 0.233471
35.628127 0.232816
35.636461 0.235319
35.644795 0.229180
35.653129 0.227392
35.661464 0.226140
35.669798 0.227809
35.678132 0.228822
35.686466 0.222862
35.694800 0.231624
35.703134 0.226498
35.711468 0.227451
35.719802 0.222147
35.728136 0.221431
35.736470 0.220895
35.744804 0.226140
35.753138 0.222623
35.761472 0.221610
35.769806 0.218928
35.778140 0.221610
35.786474 0.222385
35.794809 0.216544
35.803143 0.213563
35.811477 0.217557
35.819811 0.213802
35.828145 0.216544
35.836479 0.219524
35.844813 0.216961
35.853147 0.216126
35.861481 0.219464
35.869815 0.219345
35.878149 0.210166
35.886483 0.209272
35.894817 0.210047
35.903151 0.209272
35.911485 0.210762
35.919820 0.204325
35.928154 0.210702
35.936488 0.205278
35.944822 0.202239
35.953156 0.204206
35.961490 0.197947
35.969824 0.200748
35.978158 0.201046
35.986492 0.198603
35.994826 0.197589
36.003160 0.190973
36.011494 0.199795
36.019828 0.196457
36.028162 0.192821
36.036496 0.188529
36.044831 0.194669
36.053165 0.197470
36.061499 0.203729
36.069833 0.199437
36.078167 0.200152
36.086501 0.193298
36.094835 0.195920
36.103169 0.189900
36.111503 0.182927
36.119837 0.181675
36.128171 0.184655
36.136505 0.193298
36.144839 0.187635
36.153173 0.186324
36.161507 0.188649
36.169841 0.183761
36.178176 0.187516
36.186510 0.187218
36.194844 0.189424
36.203178 0.188828
36.211512 0.189602
36.219846 0.179648
36.228180 0.176132
36.236514 0.179172
36.244848 0.176013
36.253182 0.171304
36.261516 0.168741
36.269850 0.167429
36.278184 0.173032
36.286518 0.179172
36.294852 0.176489
36.303187 0.176132
36.311521 0.171661
36.319855 0.175774
36.328189 0.183821
36.336523 0.177801
36.344857 0.180006
36.353191 0.174522
36.361525 0.172555
36.369859 0.172198
36.378193 0.168264
36.386527 0.161886
36.394861 0.161588
36.403195 0.162780
36.411529 0.163794
36.419863 0.160992
36.428197 0.166178
36.436532 0.158131
36.444866 0.161350
36.453200 0.160754
36.461534 0.157833
36.469868 0.158012
36.478202 0.158429
36.486536 0.155449
36.494870 0.159383
36.503204 0.156820
36.511538 0.152707
36.519872 0.150263
36.528206 0.152767
36.536540 0.150144
36.544874 0.154674
36.553208 0.156939
36.561543 0.160098
36.569877 0.154257
36.578211 0.153661
36.586545 0.156820
36.594879 0.158548
36.603213 0.159204
36.611547 0.154257
36.619881 0.150561
36.628215 0.147760
36.636549 0.149667
36.644883 0.150979
36.653217 0.146210
36.661551 0.143766
36.669885 0.147998
36.678219 0.146210
36.686553 0.146747
36.694888 0.149786
36.703222 0.140905
36.711556 0.140727
36.719890 0.144660
36.728224 0.146031
36.736558 0.143051
36.744892 0.139117
36.753226 0.148416
36.761560 0.143051
