0.000000 0.000000
0.008334 0.000000
0.016668 0.000000
0.025002 0.403821
0.033336 0.397682
0.041670 0.400066
0.050004 0.398993
0.058338 0.400424
0.066672 0.393629
0.075006 0.396371
0.083340 0.396967
0.091674 0.399947
0.100008 0.396013
0.108342 0.393212
0.116676 0.390232
0.125010 0.393867
0.133344 0.392616
0.141677 0.389457
0.150011 0.387251
0.158345 0.382900
0.166679 0.384152
0.175013 0.387132
0.183347 0.383854
0.191681 0.384569
0.200015 0.380397
0.208349 0.384271
0.216683 0.390649
0.225017 0.381231
0.233351 0.382245
0.241685 0.378788
0.250019 0.374317
0.258353 0.000000
0.266687 0.019670
0.275021 0.011504
0.283355 0.013471
0.291689 0.015199
0.300023 0.008404
0.308357 0.007212
0.316691 0.005543
0.325025 0.006318
0.333359 0.005960
0.341693 0.010252
0.350027 0.005364
0.358361 0.009537
0.366695 0.013053
0.375029 0.006974
0.383363 0.004590
0.391697 0.002861
0.400031 0.007808
0.408365 0.007033
0.416698 0.010431
0.425032 0.007510
0.433366 0.007331
0.441700 0.011802
0.450034 0.005305
0.458368 0.003278
0.466702 0.010729
0.475036 0.010490
0.483370 0.000477
0.491704 0.001073
0.500038 -0.000417
0.508372 0.002086
0.516706 -0.002086
0.525040 -0.006735
0.533374 -0.000656
0.541708 0.004351
0.550042 -0.002503
0.558376 -0.000179
0.566710 -0.008047
0.575044 -0.009775
0.583378 -0.004292
0.591712 -0.003278
0.600046 0.000060
0.608380 -0.004470
0.616714 -0.004888
0.625048 -0.010252
0.633382 -0.008583
0.641716 -0.006199
0.650050 -0.003934
0.658384 -0.000596
0.666718 -0.003636
0.675052 -0.008583
0.683386 -0.012755
0.691719 -0.015020
0.700053 -0.015914
0.708387 -0.018954
0.716721 -0.018179
0.725055 -0.013232
0.733389 -0.012636
0.741723 -0.010610
0.750057 -0.022709
0.758391 -0.021219
0.766725 -0.023305
0.775059 -0.018597
0.783393 -0.015795
0.791727 -0.019908
0.800061 -0.032127
0.808395 -0.031531
0.816729 -0.030637
0.825063 -0.028670
0.833397 -0.019789
0.841731 -0.021040
0.850065 -0.021875
0.858399 -0.020862
0.866733 -0.022113
0.875067 -0.025451
0.883401 -0.019848
0.891735 -0.024199
0.900069 -0.024855
0.908403 -0.030458
0.916737 -0.023007
0.925071 -0.019193
0.933405 -0.023901
0.941739 -0.027001
0.950073 -0.029445
0.958407 -0.026882
0.966741 -0.029802
0.975074 -0.030518
0.983408 -0.025570
0.991742 -0.031531
1.000076 -0.035822
1.008410 -0.029325
1.016744 -0.026166
1.025078 -0.029564
1.033412 -0.036657
1.041746 -0.039339
1.050080 -0.036716
1.058414 -0.031471
1.066748 -0.038981
1.075082 -0.038862
1.083416 -0.037253
1.091750 -0.042081
1.100084 -0.040531
1.108418 -0.048220
1.116752 -0.042260
1.125086 -0.044227
1.133420 -0.047624
1.141754 -0.047028
1.150088 -0.042439
1.158422 -0.044584
1.166756 -0.034928
1.175090 -0.039577
1.183424 -0.040174
1.191758 -0.039816
1.200092 -0.042796
1.208426 -0.042975
1.216760 -0.047266
1.225094 -0.039876
1.233428 -0.047147
1.241762 -0.052512
1.250095 -0.057578
1.258429 -0.052631
1.266763 -0.046194
1.275097 -0.049233
1.283431 -0.050902
1.291765 -0.052989
1.300099 -0.050426
1.308433 -0.043750
1.316767 -0.048578
1.325101 -0.055075
1.333435 -0.056207
1.341769 -0.057399
1.350103 -0.055969
1.358437 -0.050902
1.366771 -0.050247
1.375105 -0.058711
1.383439 -0.054836
1.391773 -0.058293
1.400107 -0.051022
1.408441 -0.060081
1.416775 -0.058770
1.425109 -0.056922
1.433443 -0.055611
1.441777 -0.055432
1.450111 -0.059009
1.458445 -0.057161
1.466779 -0.058472
1.475113 -0.058115
1.483447 -0.055075
1.491781 -0.054121
1.500115 -0.053704
1.508449 -0.061095
1.516783 -0.062346
1.525116 -0.064254
1.533450 -0.059724
1.541784 -0.060439
1.550118 -0.062346
1.558452 -0.058174
1.566786 -0.063479
1.575120 -0.063002
1.583454 -0.069439
1.591788 -0.068247
1.600122 -0.069022
1.608456 -0.067532
1.616790 -0.066340
1.625124 -0.068605
1.633458 -0.064135
1.641792 -0.066221
1.650126 -0.066817
1.658460 -0.067770
1.666794 -0.071168
1.675128 -0.073552
1.683462 -0.070691
1.691796 -0.068128
1.700130 -0.065565
1.708464 -0.072539
1.716798 -0.075579
1.725132 -0.073791
1.733466 -0.073195
1.741800 -0.077486
1.750134 -0.074387
1.758468 -0.078857
1.766802 -0.075459
1.775136 -0.073731
1.783470 -0.080645
1.791804 -0.079930
1.800137 -0.079572
1.808471 -0.078857
1.816805 -0.082910
1.825139 -0.078380
1.833473 -0.074387
1.841807 -0.068784
1.850141 -0.072181
1.858475 -0.077665
1.866809 -0.079751
1.875143 -0.079870
1.883477 -0.080645
1.891811 -0.082433
1.900145 -0.080943
1.908479 -0.085056
1.916813 -0.083864
1.925147 -0.082314
1.933481 -0.087976
1.941815 -0.080347
1.950149 -0.083864
1.958483 -0.083148
1.966817 -0.084102
1.975151 -0.091672
1.983485 -0.086725
1.991819 -0.086606
2.000153 -0.091195
2.008487 -0.092745
2.016821 -0.089705
2.025155 -0.088155
2.033489 -0.091493
2.041823 -0.089884
2.050157 -0.090063
2.058491 -0.083208
2.066825 -0.081778
2.075158 -0.085711
2.083492 -0.095069
2.091826 -0.088513
2.100160 -0.084817
2.108494 -0.087619
2.116828 -0.095248
2.125162 -0.095785
2.133496 -0.097573
2.141830 -0.093639
2.150164 -0.095785
2.158498 -0.095844
2.166832 -0.096917
2.175166 -0.098348
2.183500 -0.094771
2.191834 -0.098765
2.200168 -0.101149
2.208502 -0.100076
2.216836 -0.106275
2.225170 -0.106633
2.233504 -0.107288
2.241838 -0.099659
2.250172 -0.096262
2.258506 -0.104189
2.266840 -0.102460
2.275174 -0.103414
2.283508 -0.093639
2.291842 -0.100076
2.300176 -0.104487
2.308510 -0.108361
2.316844 -0.101030
2.325178 -0.106096
2.333512 -0.108182
2.341846 -0.106096
2.350180 -0.099421
2.358513 -0.108600
2.366847 -0.099778
2.375181 -0.106931
2.383515 -0.102043
2.391849 -0.103116
2.400183 -0.114143
2.408517 -0.103414
2.416851 -0.102818
2.425185 -0.100315
2.433519 -0.102043
2.441853 -0.103533
2.450187 -0.099778
2.458521 -0.104547
2.466855 -0.106514
2.475189 -0.103772
2.483523 -0.106275
2.491857 -0.110090
2.500191 -0.111580
2.508525 -0.117242
2.516859 -0.111461
2.525193 -0.110984
2.533527 -0.109255
2.541861 -0.114739
2.550195 -0.107825
2.558529 -0.112593
2.566863 -0.116169
2.575197 -0.111222
2.583531 -0.112653
2.591865 -0.112474
2.600199 -0.110388
2.608533 -0.111461
2.616867 -0.108302
2.625201 -0.111341
2.633534 -0.113189
2.641868 -0.117719
2.650202 -0.121415
2.658536 -0.116527
2.666870 -0.121713
2.675204 -0.122428
2.683538 -0.119448
2.691872 -0.120699
2.700206 -0.118256
2.708540 -0.115335
2.716874 -0.117421
2.725208 -0.116169
2.733542 -0.116348
2.741876 -0.113666
2.750210 -0.115752
2.758544 -0.114858
2.766878 -0.112057
2.775212 -0.120878
2.783546 -0.120699
2.791880 -0.121415
2.800214 -0.124693
2.808548 -0.121832
2.816882 -0.121832
2.825216 -0.121713
2.833550 -0.122428
2.841884 -0.121832
2.850218 -0.122309
2.858552 -0.125408
2.866886 -0.120044
2.875220 -0.122905
2.883554 -0.125468
2.891888 -0.122726
2.900222 -0.124037
2.908555 -0.128567
2.916889 -0.130653
2.925223 -0.123203
2.933557 -0.133872
2.941891 -0.127494
2.950225 -0.127017
2.958559 -0.128150
2.966893 -0.130355
2.975227 -0.129700
2.983561 -0.129879
2.991895 -0.131607
3.000229 -0.135422
3.008563 -0.130236
3.016897 -0.133216
3.025231 -0.131965
3.033565 -0.133157
3.041899 -0.128388
3.050233 -0.126302
3.058567 -0.128388
3.066901 -0.135899
3.075235 -0.147581
3.083569 -0.142992
3.091903 -0.149548
3.100237 -0.139892
3.108571 -0.141621
3.116905 -0.138462
3.125239 -0.135660
3.133573 -0.140905
3.141907 -0.143468
3.150241 -0.134647
3.158575 -0.134230
3.166909 -0.137210
3.175243 -0.140309
3.183576 -0.140905
3.191910 -0.136018
3.200244 -0.138938
3.208578 -0.136614
3.216912 -0.132143
3.225246 -0.136018
3.233580 -0.147879
3.241914 -0.145614
3.250248 -0.149310
3.258582 -0.148356
3.266916 -0.149667
3.275250 -0.145018
3.283584 -0.139177
3.291918 -0.134408
3.300252 -0.145316
3.308586 -0.143588
3.316920 -0.146270
3.325254 -0.146151
3.333588 -0.143766
3.341922 -0.140727
3.350256 -0.138462
3.358590 -0.138640
3.366924 -0.143707
3.375258 -0.141263
3.383592 -0.145614
3.391926 -0.142097
3.400260 -0.146389
3.408594 -0.143111
3.416928 -0.146091
3.425262 -0.142992
3.433596 -0.143766
3.441930 -0.141621
3.450264 -0.147343
3.458597 -0.147104
3.466931 -0.141859
3.475265 -0.149846
3.483599 -0.145853
3.491933 -0.146091
3.500267 -0.148237
3.508601 -0.146568
3.516935 -0.149786
3.525269 -0.161707
3.533603 -0.162363
3.541937 -0.154674
3.550271 -0.157714
3.558605 -0.155926
3.566939 -0.151515
3.575273 -0.147581
3.583607 -0.149131
3.591941 -0.154614
3.600275 -0.153184
3.608609 -0.144064
3.616943 -0.148356
3.625277 -0.154436
3.633611 -0.147700
3.641945 -0.151992
3.650279 -0.151813
3.658613 -0.155926
3.666947 -0.155032
3.675281 -0.156879
3.683615 -0.154436
3.691949 -0.156760
3.700283 -0.163198
3.708617 -0.159681
3.716951 -0.155747
3.725285 -0.162363
3.733618 -0.156224
3.741952 -0.161111
3.750286 -0.159681
3.758620 -0.161469
3.766954 -0.162184
3.775288 -0.159800
3.783622 -0.155389
3.791956 -0.164807
3.800290 -0.157118
3.808624 -0.160515
3.816958 -0.158906
3.825292 -0.157297
3.833626 -0.151277
3.841960 -0.150979
3.850294 -0.154316
3.858628 -0.158489
3.866962 -0.154555
3.875296 -0.155926
3.883630 -0.160754
3.891964 -0.161409
3.900298 -0.159085
3.908632 -0.164688
3.916966 -0.172138
3.925300 -0.168324
3.933634 -0.167847
3.941968 -0.167847
3.950302 -0.164688
3.958636 -0.159800
3.966970 -0.161767
3.975304 -0.157952
3.983638 -0.162244
3.991972 -0.161469
4.000306 -0.163972
4.008640 -0.166953
4.016973 -0.165761
4.025307 -0.167668
4.033641 -0.169933
4.041975 -0.165403
4.050309 -0.168443
4.058643 -0.169575
4.066977 -0.166953
4.075311 -0.161409
4.083645 -0.162899
4.091979 -0.166774
4.100313 -0.164270
4.108647 -0.169814
4.116981 -0.171721
4.125315 -0.176132
4.133649 -0.168145
4.141983 -0.172615
4.150317 -0.162601
4.158651 -0.166297
4.166985 -0.171244
4.175319 -0.172615
4.183653 -0.170231
4.191987 -0.173151
4.200321 -0.173628
4.208655 -0.172555
4.216989 -0.172257
4.225323 -0.172198
4.233657 -0.176787
4.241991 -0.174284
4.250325 -0.170767
4.258659 -0.170648
4.266993 -0.173151
4.275327 -0.175297
4.283661 -0.180781
4.291994 -0.179589
4.300328 -0.171006
4.308662 -0.173926
4.316996 -0.180781
4.325330 -0.175178
4.333664 -0.177264
4.341998 -0.178397
4.350332 -0.178993
4.358666 -0.183344
4.367000 -0.183761
4.375334 -0.179231
4.383668 -0.179052
4.392002 -0.178695
4.400336 -0.181794
4.408670 -0.183284
4.417004 -0.183880
4.425338 -0.188768
4.433672 -0.187993
4.442006 -0.183344
4.450340 -0.183940
4.458674 -0.179589
4.467008 -0.180900
4.475342 -0.174344
4.483676 -0.177383
4.492010 -0.184834
4.500344 -0.190318
4.508678 -0.193596
4.517012 -0.189126
4.525346 -0.185192
4.533680 -0.193000
4.542014 -0.181854
4.550348 -0.184059
4.558682 -0.182450
4.567015 -0.185072
4.575349 -0.182271
4.583683 -0.179291
4.592017 -0.181854
4.600351 -0.180960
4.608685 -0.182986
4.617019 -0.183463
4.625353 -0.187635
4.633687 -0.181496
4.642021 -0.182986
4.650355 -0.183761
4.658689 -0.185072
4.667023 -0.186086
4.675357 -0.189245
4.683691 -0.186861
4.692025 -0.182271
4.700359 -0.189424
4.708693 -0.187635
4.717027 -0.188351
4.725361 -0.181675
4.733695 -0.184834
4.742029 -0.183344
4.750363 -0.184476
4.758697 -0.190556
4.767031 -0.195384
4.775365 -0.193596
4.783699 -0.197530
4.792033 -0.191152
4.800367 -0.193775
4.808701 -0.188112
4.817035 -0.187278
4.825369 -0.184715
4.833703 -0.188708
4.842036 -0.187278
4.850370 -0.185728
4.858704 -0.183940
4.867038 -0.186265
4.875372 -0.192583
4.883706 -0.185549
4.892040 -0.193536
4.900374 -0.193775
4.908708 -0.191033
4.917042 -0.191927
4.925376 -0.193238
4.933710 -0.190675
4.942044 -0.190556
4.950378 -0.199974
4.958712 -0.200331
4.967046 -0.195086
4.975380 -0.192940
4.983714 -0.196278
4.992048 -0.188708
5.000382 -0.188529
5.008716 -0.192404
5.017050 -0.197232
5.025384 -0.191331
5.033718 -0.185192
5.042052 -0.190198
5.050386 -0.189245
5.058720 -0.197113
5.067054 -0.192821
5.075388 -0.199497
5.083722 -0.201046
5.092056 -0.199497
5.100390 -0.196397
5.108724 -0.198722
5.117057 -0.199080
5.125391 -0.196338
5.133725 -0.198603
5.142059 -0.197530
5.150393 -0.203371
5.158727 -0.210941
5.167061 -0.204861
5.175395 -0.205815
5.183729 -0.197411
5.192063 -0.196338
5.200397 -0.196815
5.208731 -0.195026
5.217065 -0.195324
5.225399 -0.197709
5.233733 -0.194252
5.242067 -0.199497
5.250401 -0.205934
5.258735 -0.205576
5.267069 -0.202775
5.275403 -0.201762
5.283737 -0.197053
5.292071 -0.199676
5.300405 -0.195801
5.308739 -0.196517
5.317073 -0.198245
5.325407 -0.196874
5.333741 -0.193596
5.342075 -0.199080
5.350409 -0.198781
5.358743 -0.197053
5.367077 -0.206649
5.375411 -0.203490
5.383745 -0.205934
5.392079 -0.208735
5.400412 -0.204742
5.408746 -0.197530
5.417080 -0.193357
5.425414 -0.200570
5.433748 -0.203967
5.442082 -0.202000
5.450416 -0.199974
5.458750 -0.200570
5.467084 -0.207007
5.475418 -0.199258
5.483752 -0.200093
5.492086 -0.203848
5.500420 -0.211895
5.508754 -0.208437
5.517088 -0.209332
5.525422 -0.212193
5.533756 -0.211537
5.542090 -0.210524
5.550424 -0.206530
5.558758 -0.205815
5.567092 -0.203371
5.575426 -0.207305
5.583760 -0.206649
5.592094 -0.204742
5.600428 -0.208437
5.608762 -0.208974
5.617096 -0.214159
5.625430 -0.216722
5.633764 -0.217378
5.642098 -0.213027
5.650432 -0.219107
5.658766 -0.215113
5.667100 -0.207543
5.675433 -0.210047
5.683767 -0.213325
5.692101 -0.219107
5.700435 -0.214398
5.708769 -0.213027
5.717103 -0.211775
5.725437 -0.214994
5.733771 -0.220537
5.742105 -0.213146
5.750439 -0.215411
5.758773 -0.210941
5.767107 -0.208557
5.775441 -0.215769
5.783775 -0.221074
5.792109 -0.223160
5.800443 -0.225008
5.808777 -0.227392
5.817111 -0.225842
5.825445 -0.223339
5.833779 -0.221431
5.842113 -0.226915
5.850447 -0.224471
5.858781 -0.225008
5.867115 -0.221670
5.875449 -0.224233
5.883783 -0.218868
5.892117 -0.219584
5.900451 -0.224292
5.908785 -0.221074
5.917119 -0.220537
5.925453 -0.226021
5.933787 -0.219464
5.942121 -0.219643
5.950454 -0.216067
5.958788 -0.221550
5.967122 -0.220180
5.975456 -0.223339
5.983790 -0.224769
5.992124 -0.218093
6.000458 -0.222564
6.008792 -0.220001
6.017126 -0.223041
6.025460 -0.219643
6.033794 -0.226557
6.042128 -0.227034
6.050462 -0.229716
6.058796 -0.225842
6.067130 -0.223279
6.075464 -0.224650
6.083798 -0.219584
6.092132 -0.218093
6.100466 -0.227392
6.108800 -0.229836
6.117134 -0.226140
6.125468 -0.223398
6.133802 -0.226140
6.142136 -0.226438
6.150470 -0.223041
6.158804 -0.225663
6.167138 -0.229537
6.175472 -0.227332
6.183806 -0.226915
6.192140 -0.229597
6.200474 -0.227332
6.208808 -0.228047
6.217142 -0.227034
6.225475 -0.222266
6.233809 -0.234604
6.242143 -0.232160
6.250477 -0.233054
6.258811 -0.229478
6.267145 -0.223041
6.275479 -0.231326
6.283813 -0.225246
6.292147 -0.228763
6.300481 -0.229299
6.308815 -0.231802
6.317149 -0.230908
6.325483 -0.235617
6.333817 -0.236809
6.342151 -0.233710
6.350485 -0.236332
6.358819 -0.234306
6.367153 -0.230253
6.375487 -0.236809
6.383821 -0.239193
6.392155 -0.233889
6.400489 -0.234127
6.408823 -0.235677
6.417157 -0.239730
6.425491 -0.237048
6.433825 -0.238836
6.442159 -0.236332
6.450493 -0.235617
6.458827 -0.235379
6.467161 -0.241458
6.475495 -0.239968
6.483829 -0.241339
6.492163 -0.244141
6.500496 -0.244260
6.508830 -0.240624
6.517164 -0.236809
6.525498 -0.243068
6.533832 -0.239253
6.542166 -0.239730
6.550500 -0.240088
6.558834 -0.242054
6.567168 -0.241101
6.575502 -0.247538
6.583836 -0.246406
6.592170 -0.245333
6.600504 -0.250518
6.608838 -0.247061
6.617172 -0.248313
6.625506 -0.255287
6.633840 -0.252306
6.642174 -0.245631
6.650508 -0.246763
6.658842 -0.244141
6.667176 -0.249684
6.675510 -0.248909
6.683844 -0.248909
6.692178 -0.245512
6.700512 -0.244141
6.708846 -0.243783
6.717180 -0.242651
6.725514 -0.244677
6.733848 -0.247061
6.742182 -0.246465
6.750516 -0.242651
6.758850 -0.237823
6.767184 -0.241101
6.775517 -0.243545
6.783851 -0.242472
6.792185 -0.237823
6.800519 -0.245929
6.808853 -0.254810
6.817187 -0.252903
6.825521 -0.247717
6.833855 -0.254452
6.842189 -0.250340
6.850523 -0.255346
6.858857 -0.247419
6.867191 -0.250101
6.875525 -0.251472
6.883859 -0.246942
6.892193 -0.244439
6.900527 -0.249624
6.908861 -0.246704
6.917195 -0.244498
6.925529 -0.253677
6.933863 -0.253797
6.942197 -0.244737
6.950531 -0.251591
6.958865 -0.250340
6.967199 -0.250876
6.975533 -0.250816
6.983867 -0.253797
6.992201 -0.249803
7.000535 -0.257850
7.008869 -0.255585
7.017203 -0.248551
7.025537 -0.252008
7.033871 -0.246704
7.042205 -0.255764
7.050539 -0.252604
7.058872 -0.256479
7.067206 -0.255585
7.075540 -0.256777
7.083874 -0.255287
7.092208 -0.262082
7.100542 -0.262856
7.108876 -0.257552
7.117210 -0.258386
7.125544 -0.258446
7.133878 -0.252903
7.142212 -0.254512
7.150546 -0.246584
7.158880 -0.248790
7.167214 -0.249982
7.175548 -0.255883
7.183882 -0.255108
7.192216 -0.254273
7.200550 -0.256240
7.208884 -0.255346
7.217218 -0.260055
7.225552 -0.260115
7.233886 -0.262916
7.242220 -0.254989
7.250554 -0.250340
7.258888 -0.253797
7.267222 -0.252068
7.275556 -0.250697
7.283890 -0.254989
7.292224 -0.261486
7.300558 -0.255108
7.308892 -0.251710
7.317226 -0.258863
7.325560 -0.261545
7.333893 -0.256002
7.342227 -0.254989
7.350561 -0.252604
7.358895 -0.254273
7.367229 -0.257075
7.375563 -0.261486
7.383897 -0.261009
7.392231 -0.257850
7.400565 -0.257790
7.408899 -0.259638
7.417233 -0.256777
7.425567 -0.254869
7.433901 -0.262737
7.442235 -0.264645
7.450569 -0.254989
7.458903 -0.262737
7.467237 -0.265777
7.475571 -0.259936
7.483905 -0.258684
7.492239 -0.261128
7.500573 -0.262022
7.508907 -0.257790
7.517241 -0.253439
7.525575 -0.262022
7.533909 -0.262082
7.542243 -0.264347
7.550577 -0.259280
7.558911 -0.263155
7.567245 -0.268161
7.575579 -0.263870
7.583913 -0.262976
7.592247 -0.262201
7.600581 -0.262976
7.608914 -0.262320
7.617248 -0.264764
7.625582 -0.257790
7.633916 -0.257790
7.642250 -0.264525
7.650584 -0.262916
7.658918 -0.265002
7.667252 -0.267327
7.675586 -0.272095
7.683920 -0.265777
7.692254 -0.263035
7.700588 -0.267684
7.708922 -0.272930
7.717256 -0.258684
7.725590 -0.260651
7.733924 -0.262022
7.742258 -0.261962
7.750592 -0.260174
7.758926 -0.253975
7.767260 -0.257790
7.775594 -0.259280
7.783928 -0.264525
7.792262 -0.257254
7.800596 -0.269771
7.808930 -0.267684
7.817264 -0.267148
7.825598 -0.262976
7.833932 -0.255108
7.842266 -0.254095
7.850600 -0.257552
7.858934 -0.262737
7.867268 -0.267506
7.875602 -0.262201
7.883935 -0.259757
7.892269 -0.260949
7.900603 -0.261962
7.908937 -0.261128
7.917271 -0.259042
7.925605 -0.257552
7.933939 -0.258446
7.942273 -0.260174
7.950607 -0.264168
7.958941 -0.262082
7.967275 -0.266850
7.975609 -0.267148
7.983943 -0.265837
7.992277 -0.267327
8.000611 -0.267684
8.008945 -0.261307
8.017279 -0.259459
8.025613 -0.259459
8.033947 -0.254273
8.042281 -0.261128
8.050615 -0.266254
8.058949 -0.263870
8.067283 -0.261128
8.075617 -0.267923
8.083951 -0.266612
8.092285 -0.271261
8.100619 -0.274360
8.108953 -0.267446
8.117287 -0.269055
8.125621 -0.268221
8.133955 -0.267923
8.142289 -0.265837
8.150623 -0.260472
8.158956 -0.265121
8.167290 -0.271618
8.175624 -0.268161
8.183958 -0.265598
8.192292 -0.266612
8.200626 -0.269651
8.208960 -0.272870
8.217294 -0.270009
8.225628 -0.275373
8.233962 -0.271678
8.242296 -0.272870
8.250630 -0.273407
8.258964 -0.273168
8.267298 -0.272930
8.275632 -0.261128
8.283966 -0.267804
8.292300 -0.267208
8.300634 -0.268400
8.308968 -0.271499
8.317302 -0.271082
8.325636 -0.275671
8.333970 -0.276744
8.342304 -0.276983
8.350638 -0.276625
8.358972 -0.264168
8.367306 -0.266314
8.375640 -0.267804
8.383974 -0.266314
8.392308 -0.267446
8.400642 -0.265598
8.408976 -0.262439
8.417310 -0.271022
8.425644 -0.271976
8.433977 -0.264287
8.442311 -0.262678
8.450645 -0.258863
8.458979 -0.266254
8.467313 -0.259638
8.475647 -0.263870
8.483981 -0.262439
8.492315 -0.265121
8.500649 -0.257194
8.508983 -0.269830
8.517317 -0.269413
8.525651 -0.271201
8.533985 -0.267684
8.542319 -0.257730
8.550653 -0.259578
8.558987 -0.267804
8.567321 -0.266969
8.575655 -0.270069
8.583989 -0.267446
8.592323 -0.267982
8.600657 -0.268936
8.608991 -0.262737
8.617325 -0.265002
8.625659 -0.264823
8.633993 -0.265956
8.642327 -0.266254
8.650661 -0.271618
8.658995 -0.268221
8.667329 -0.268698
8.675663 -0.265837
8.683997 -0.270545
8.692331 -0.274479
8.700665 -0.271916
8.708999 -0.274539
8.717332 -0.271618
8.725666 -0.265598
8.734000 -0.261009
8.742334 -0.267029
8.750668 -0.273287
8.759002 -0.273347
8.767336 -0.272930
8.775670 -0.271380
8.784004 -0.277400
8.792338 -0.271916
8.800672 -0.270545
8.809006 -0.267446
8.817340 -0.265956
8.825674 -0.276387
8.834008 -0.274062
8.842342 -0.275254
8.850676 -0.265360
8.859010 -0.268936
8.867344 -0.269055
8.875678 -0.262558
8.884012 -0.260115
8.892346 -0.263691
8.900680 -0.265121
8.909014 -0.265360
8.917348 -0.263691
8.925682 -0.265718
8.934016 -0.260174
8.942350 -0.266135
8.950684 -0.256240
8.959018 -0.268817
8.967352 -0.266254
8.975686 -0.267327
8.984020 -0.264168
8.992353 -0.262439
9.000687 -0.271022
9.009021 -0.271201
9.017355 -0.267029
9.025689 -0.269651
9.034023 -0.275671
9.042357 -0.271499
9.050691 -0.270307
9.059025 -0.265598
9.067359 -0.256062
9.075693 -0.263035
9.084027 -0.266790
9.092361 -0.268161
9.100695 -0.264108
9.109029 -0.270903
9.117363 -0.272572
9.125697 -0.266135
9.134031 -0.269234
9.142365 -0.264525
9.150699 -0.263333
9.159033 -0.270903
9.167367 -0.271499
9.175701 -0.276268
9.184035 -0.269890
9.192369 -0.272214
9.200703 -0.274003
9.209037 -0.273347
9.217371 -0.276268
9.225705 -0.272453
9.234039 -0.264823
9.242373 -0.262976
9.250707 -0.266135
9.259041 -0.263691
9.267374 -0.266850
9.275708 -0.269651
9.284042 -0.273168
9.292376 -0.268102
9.300710 -0.267684
9.309044 -0.261724
9.317378 -0.256240
9.325712 -0.257730
9.334046 -0.260115
9.342380 -0.259280
9.350714 -0.256121
9.359048 -0.249803
9.367382 -0.249803
9.375716 -0.254512
9.384050 -0.257432
9.392384 -0.254810
9.400718 -0.254869
9.409052 -0.251830
9.417386 -0.255883
9.425720 -0.252783
9.434054 -0.246227
9.442388 -0.251889
9.450722 -0.246227
9.459056 -0.249445
9.467390 -0.247777
9.475724 -0.247300
9.484058 -0.240564
9.492392 -0.240743
9.500726 -0.243902
9.509060 -0.242949
9.517394 -0.236332
9.525728 -0.230134
9.534062 -0.240922
9.542395 -0.237107
9.550729 -0.229776
9.559063 -0.231802
9.567397 -0.219882
9.575731 -0.225663
9.584065 -0.220180
9.592399 -0.219882
9.600733 -0.212491
9.609067 -0.210106
9.617401 -0.203669
9.625735 -0.206292
9.634069 -0.205278
9.642403 -0.202298
9.650737 -0.193298
9.659071 -0.188351
9.667405 -0.186265
9.675739 -0.178576
9.684073 -0.164568
9.692407 -0.159860
9.700741 -0.153422
9.709075 -0.156641
9.717409 -0.157952
9.725743 -0.155151
9.734077 -0.152946
9.742411 -0.140309
9.750745 -0.129759
9.759079 -0.116348
9.767413 -0.101328
9.775747 -0.093877
9.784081 -0.083864
9.792415 -0.074983
9.800749 -0.069797
9.809083 -0.055790
9.817416 -0.044763
9.825750 -0.035226
9.834084 -0.026524
9.842418 -0.004530
9.850752 0.010788
9.859086 0.026464
9.867420 0.047326
9.875754 0.054002
9.884088 0.063419
9.892422 0.077963
9.900756 0.089824
9.909090 0.109971
9.917424 0.133157
9.925758 0.143707
9.934092 0.170231
9.942426 0.195265
9.950760 0.216603
9.959094 0.229299
9.967428 0.241518
9.975762 0.255883
9.984096 0.278890
9.992430 0.307500
10.000764 0.341117
10.009098 0.368893
10.017432 0.398219
10.025766 0.436068
10.034100 0.473201
10.042434 0.481486
10.050768 0.490844
10.059102 0.503063
10.067436 0.537455
10.075770 0.567734
10.084104 0.598609
10.092438 0.631869
10.100771 0.675380
10.109105 0.716984
10.117439 0.751793
10.125773 0.770450
10.134107 0.799239
10.142441 0.812531
10.150775 0.846982
10.159109 0.884891
10.167443 0.929534
10.175777 0.967562
10.184111 1.018345
10.192445 1.060486
10.200779 1.103997
10.209113 1.129866
10.217447 1.153767
10.225781 1.166046
10.234115 1.195848
10.242449 1.252949
10.250783 1.298606
10.259117 1.331687
10.267451 1.392424
10.275785 1.441121
10.284119 1.478553
10.292453 1.517057
10.300787 1.543522
10.309121 1.563787
10.317455 1.595855
10.325789 1.645625
10.334123 1.701117
10.342457 1.745999
10.350791 1.798272
10.359125 1.846969
10.367459 1.907110
10.375792 1.937628
10.384126 1.965165
10.392460 1.991153
10.400794 2.026737
10.409128 2.075672
10.417462 2.126992
10.425796 2.180040
10.434130 2.245486
10.442464 2.303123
10.450798 2.350748
10.459132 2.383649
10.467466 2.429008
10.475800 2.450585
10.484134 2.488732
10.492468 2.539098
10.500802 2.606034
10.509136 2.666533
10.517470 2.729058
10.525804 2.791166
10.534138 2.849936
10.542472 2.895355
10.550806 2.935171
10.559140 2.966821
10.567474 3.031731
10.575808 3.085613
10.584142 3.158748
10.592476 3.225625
10.600810 3.304124
10.609144 3.383040
10.617478 3.450990
10.625812 3.506839
10.634146 3.572226
10.642480 3.624439
10.650813 3.682613
10.659147 3.755093
10.667481 3.854930
10.675815 3.951788
10.684149 4.059672
10.692483 4.171371
10.700817 4.295290
10.709151 4.397690
10.717485 4.494190
10.725819 4.594028
10.734153 4.731715
10.742487 4.861474
10.750821 5.016506
10.759155 5.181670
10.767489 5.407929
10.775823 5.614698
10.784157 5.835474
10.792491 6.048143
10.800825 6.284595
10.809159 6.488025
10.817493 6.706774
10.825827 6.947875
10.834161 7.268727
10.842495 7.569969
10.850829 7.895172
10.859163 8.253455
10.867497 8.668005
10.875831 8.996904
10.884165 9.301782
10.892499 9.591877
10.900833 9.958982
10.909167 10.287762
10.917501 10.645270
10.925834 11.016548
10.934168 11.484564
10.942502 11.917055
10.950836 12.330830
10.959170 12.711823
10.967504 13.115108
10.975838 13.430655
10.984172 13.754427
10.992506 14.101028
11.000840 14.511347
11.009174 14.881730
11.017508 15.270233
11.025842 15.683710
11.034176 16.143917
11.042510 16.499578
11.050844 16.816975
11.059178 17.109692
11.067512 17.436802
11.075846 17.726063
11.084180 18.033743
11.092514 18.349886
11.100848 18.730820
11.109182 19.075632
11.117516 19.404530
11.125850 19.692183
11.134184 19.986988
11.142518 20.207464
11.150852 20.424484
11.159186 20.650505
11.167520 20.914196
11.175854 21.147013
11.184188 21.384418
11.192522 21.628082
11.200855 21.896065
11.209189 22.099436
11.217523 22.269608
11.225857 22.412062
11.234191 22.565544
11.242525 22.699774
11.250859 22.831799
11.259193 22.967398
11.267527 23.131489
11.275861 23.269474
11.284195 23.394108
11.292529 23.492098
11.300863 23.578285
11.309197 23.639143
11.317531 23.698748
11.325865 23.754835
11.334199 23.798704
11.342533 23.846865
11.350867 23.887634
11.359201 23.920595
11.367535 23.948252
11.375869 23.945391
11.384203 23.936331
11.392537 23.924828
11.400871 23.908138
11.409205 23.881495
11.417539 23.848415
11.425873 23.811459
11.434207 23.758947
11.442541 23.705423
11.450875 23.643135
11.459209 23.573219
11.467543 23.493946
11.475876 23.421585
11.484210 23.343204
11.492544 23.265421
11.500878 23.162067
11.509212 23.062647
11.517546 22.950470
11.525880 22.832691
11.534214 22.686302
11.542548 22.564053
11.550882 22.438229
11.559216 22.325397
11.567550 22.198200
11.575884 22.081196
11.584218 21.952450
11.592552 21.820187
11.600886 21.652580
11.609220 21.495283
11.617554 21.335184
11.625888 21.177053
11.634222 21.005630
11.642556 20.867884
11.650890 20.734846
11.659224 20.596386
11.667558 20.421743
11.675892 20.268499
11.684226 20.101727
11.692560 19.922436
11.700894 19.710541
11.709228 19.540071
11.717562 19.382359
11.725896 19.242584
11.734230 19.081175
11.742564 18.932760
11.750898 18.778442
11.759231 18.617748
11.767565 18.418312
11.775899 18.228352
11.784233 18.050432
11.792567 17.868877
11.800901 17.689526
11.809235 17.546474
11.817569 17.412424
11.825903 17.264605
11.834237 17.086983
11.842571 16.925276
11.850905 16.757429
11.859239 16.583502
11.867573 16.370594
11.875907 16.199350
11.884241 16.042591
11.892575 15.912294
11.900909 15.767395
11.909243 15.632212
11.917577 15.494406
11.925911 15.348255
11.934245 15.165925
11.942579 15.013218
11.950913 14.855087
11.959247 14.687717
11.967581 14.535009
11.975915 14.420271
11.984249 14.301718
11.992583 14.192640
12.000917 14.047503
12.009251 13.919056
12.017585 13.782620
12.025919 13.648748
12.034252 13.483345
12.042586 13.364434
12.050920 13.251125
12.059254 13.153076
12.067588 13.045967
12.075922 12.953341
12.084256 12.851297
12.092590 12.752533
12.100924 12.637019
12.109258 12.527823
12.117592 12.418568
12.125926 12.321531
12.134260 12.220442
12.142594 12.145042
12.150928 12.079239
12.159262 12.008309
12.167596 11.927069
12.175930 11.858404
12.184264 11.784196
12.192598 11.712849
12.200932 11.611521
12.209266 11.536002
12.217600 11.484564
12.225934 11.434197
12.234268 11.379838
12.242602 11.333942
12.250936 11.286318
12.259270 11.237204
12.267604 11.181593
12.275938 11.128306
12.284272 11.070787
12.292606 11.014342
12.300940 10.965705
12.309273 10.939777
12.317607 10.906399
12.325941 10.879636
12.334275 10.838568
12.342609 10.801554
12.350943 10.770857
12.359277 10.730923
12.367611 10.679066
12.375945 10.642349
12.384279 10.611773
12.392613 10.599911
12.400947 10.575115
12.409281 10.554671
12.417615 10.532141
12.425949 10.502518
12.434283 10.468006
12.442617 10.434866
12.450951 10.403454
12.459285 10.366797
12.467619 10.329426
12.475953 10.308563
12.484287 10.290384
12.492621 10.274887
12.500955 10.244846
12.509289 10.214865
12.517623 10.185301
12.525957 10.148525
12.534291 10.111391
12.542625 10.081172
12.550959 10.042250
12.559293 10.011196
12.567627 9.990274
12.575961 9.970665
12.584294 9.934484
12.592628 9.903789
12.600962 9.867609
12.609296 9.826363
12.617630 9.789408
12.625964 9.739935
12.634298 9.685219
12.642632 9.661674
12.650966 9.638309
12.659300 9.615957
12.667634 9.573639
12.675968 9.536446
12.684302 9.495794
12.692636 9.447634
12.700970 9.391308
12.709304 9.348213
12.717638 9.310484
12.725972 9.273708
12.734306 9.236515
12.742640 9.201468
12.750974 9.163082
12.759308 9.120584
12.767642 9.076834
12.775976 9.031177
12.784310 8.981407
12.792644 8.927822
12.800978 8.875311
12.809312 8.827984
12.817646 8.797407
12.825980 8.752584
12.834314 8.713543
12.842648 8.670330
12.850982 8.623898
12.859315 8.574545
12.867649 8.512616
12.875983 8.463264
12.884317 8.416414
12.892651 8.371651
12.900985 8.332729
12.909319 8.290887
12.917653 8.254826
12.925987 8.207262
12.934321 8.160294
12.942655 8.109689
12.950989 8.054554
12.959323 7.989824
12.967657 7.931769
12.975991 7.897317
12.984325 7.854402
12.992659 7.812381
13.000993 7.767379
13.009327 7.726729
13.017661 7.681191
13.025995 7.634997
13.034329 7.578790
13.042663 7.523954
13.050997 7.473111
13.059331 7.432699
13.067665 7.391453
13.075999 7.346988
13.084333 7.310987
13.092667 7.263064
13.101001 7.215381
13.109335 7.163465
13.117669 7.115662
13.126003 7.066309
13.134337 7.007182
13.142670 6.958604
13.151004 6.913841
13.159338 6.884456
13.167672 6.836295
13.176006 6.803215
13.184340 6.760359
13.192674 6.716728
13.201008 6.657481
13.209342 6.603658
13.217676 6.554127
13.226010 6.514549
13.234344 6.473958
13.242678 6.439507
13.251012 6.404698
13.259346 6.368876
13.267680 6.318390
13.276014 6.275117
13.284348 6.224275
13.292682 6.181419
13.301016 6.123245
13.309350 6.082654
13.317684 6.049395
13.326018 6.020010
13.334352 5.976081
13.342686 5.935609
13.351020 5.904853
13.359354 5.868495
13.367688 5.819917
13.376022 5.776584
13.384356 5.729020
13.392690 5.691528
13.401024 5.653858
13.409358 5.621672
13.417691 5.591750
13.426025 5.556583
13.434359 5.514145
13.442693 5.486608
13.451027 5.444944
13.459361 5.399048
13.467695 5.352199
13.476029 5.316734
13.484363 5.282700
13.492697 5.256891
13.501031 5.229294
13.509365 5.200207
13.517699 5.168617
13.526033 5.130768
13.534367 5.085111
13.542701 5.047679
13.551035 5.009472
13.559369 4.984319
13.567703 4.950941
13.576037 4.923701
13.584371 4.893184
13.592705 4.869759
13.601039 4.832327
13.609373 4.802108
13.617707 4.775524
13.626041 4.740298
13.634375 4.701138
13.642709 4.670024
13.651043 4.643440
13.659377 4.622459
13.667711 4.593313
13.676045 4.565895
13.684379 4.535139
13.692712 4.511774
13.701046 4.477859
13.709380 4.438937
13.717714 4.412591
13.726048 4.390538
13.734382 4.368126
13.742716 4.348457
13.751050 4.325449
13.759384 4.309833
13.767718 4.283965
13.776052 4.249215
13.784386 4.210651
13.792720 4.182875
13.801054 4.146516
13.809388 4.131138
13.817722 4.108012
13.826056 4.091561
13.834390 4.069507
13.842724 4.048944
13.851058 4.026949
13.859392 4.002512
13.867726 3.977001
13.876060 3.949463
13.884394 3.930569
13.892728 3.900409
13.901062 3.873825
13.909396 3.856301
13.917730 3.839672
13.926064 3.821671
13.934398 3.800035
13.942732 3.780067
13.951066 3.758490
13.959400 3.739536
13.967733 3.707170
13.976067 3.683031
13.984401 3.668427
13.992735 3.650725
14.001069 3.632128
14.009403 3.618956
14.017737 3.602624
14.026071 3.579974
14.034405 3.557146
14.042739 3.540635
14.051073 3.519654
14.059407 3.495634
14.067741 3.483713
14.076075 3.470361
14.084409 3.454149
14.092743 3.435373
14.101077 3.421605
14.109411 3.408313
14.117745 3.390312
14.126079 3.365397
14.134413 3.341496
14.142747 3.321290
14.151081 3.311217
14.159415 3.301859
14.167749 3.288507
14.176083 3.272772
14.184417 3.256440
14.192751 3.245115
14.201085 3.228724
14.209419 3.214836
14.217753 3.196180
14.226087 3.180027
14.234421 3.169835
14.242754 3.164232
14.251088 3.154635
14.259422 3.141046
14.267756 3.128290
14.276090 3.122926
14.284424 3.108978
14.292758 3.102124
14.301092 3.091514
14.309426 3.085434
14.317760 3.076732
14.326094 3.067136
14.334428 3.062665
14.342762 3.051698
14.351096 3.049374
14.359430 3.039181
14.367764 3.040493
14.376098 3.036201
14.384432 3.029227
14.392766 3.024817
14.401100 3.021181
14.409434 3.023207
14.417768 3.014922
14.426102 3.016710
14.434436 3.014922
14.442770 3.018498
14.451104 3.023028
14.459438 3.023207
14.467772 3.029227
14.476106 3.029346
14.484440 3.036022
14.492774 3.038406
14.501108 3.041744
14.509442 3.050685
14.517775 3.060281
14.526109 3.064215
14.534443 3.079057
14.542777 3.092706
14.551111 3.103614
14.559445 3.120303
14.567779 3.138006
14.576113 3.154993
14.584447 3.167868
14.592781 3.186166
14.601115 3.212094
14.609449 3.240228
14.617783 3.256321
14.626117 3.275335
14.634451 3.311813
14.642785 3.349304
14.651119 3.382325
14.659453 3.416717
14.667787 3.438175
14.676121 3.474891
14.684455 3.515363
14.692789 3.552794
14.701123 3.595531
14.709457 3.649175
14.717791 3.707111
14.726125 3.760695
14.734459 3.825426
14.742793 3.881037
14.751127 3.932118
14.759461 3.978491
14.767795 4.050136
14.776129 4.114330
14.784463 4.187584
14.792797 4.271090
14.801130 4.378378
14.809464 4.479647
14.817798 4.566491
14.826132 4.651904
14.834466 4.744232
14.842800 4.832149
14.851134 4.930377
14.859468 5.038977
14.867802 5.180895
14.876136 5.313993
14.884470 5.463064
14.892804 5.612433
14.901138 5.774319
14.909472 5.902827
14.917806 6.027818
14.926140 6.163418
14.934474 6.344199
14.942808 6.515980
14.951142 6.696403
14.959476 6.892383
14.967810 7.160425
14.976144 7.384777
14.984478 7.597923
14.992812 7.797301
15.001146 8.018136
15.009480 8.223414
15.017814 8.447528
15.026148 8.698821
15.034482 9.013653
15.042816 9.311080
15.051150 9.645641
15.059484 9.982824
15.067818 10.342657
15.076151 10.629713
15.084485 10.907650
15.092819 11.196672
15.101153 11.573851
15.109487 11.930407
15.117821 12.304902
15.126155 12.722672
15.134489 13.260961
15.142823 13.730884
15.151157 14.171659
15.159491 14.577389
15.167825 15.017271
15.176159 15.418827
15.184493 15.853286
15.192827 16.326725
15.201161 16.936720
15.209495 17.494560
15.217829 18.124342
15.226163 18.757343
15.234497 19.444168
15.242831 19.980967
15.251165 20.482540
15.259499 20.996212
15.267833 21.666527
15.276167 22.293926
15.284501 22.960545
15.292835 23.676872
15.301169 24.624825
15.309503 25.437832
15.317837 26.197433
15.326171 26.889801
15.334505 27.622759
15.342839 28.273701
15.351172 28.988420
15.359506 29.757559
15.367840 30.728876
15.376174 31.618416
15.384508 32.616676
15.392842 33.617912
15.401176 34.702362
15.409510 35.540997
15.417844 36.315559
15.426178 37.095577
15.434512 38.086624
15.442846 39.008858
15.451180 39.987892
15.459514 41.039349
15.467848 42.421104
15.476182 43.608932
15.484516 44.695526
15.492850 45.690567
15.501184 46.744259
15.509518 47.646492
15.517852 48.627136
15.526186 49.689205
15.534520 51.006168
15.542854 52.202763
15.551188 53.551823
15.559522 54.893345
15.567856 56.345074
15.576190 57.451038
15.584524 58.464794
15.592858 59.459328
15.601192 60.715763
15.609526 61.891228
15.617860 63.129692
15.626193 64.432892
15.634527 66.141190
15.642861 67.601471
15.651195 68.966270
15.659529 70.173203
15.667863 71.453720
15.676197 72.516769
15.684531 73.662758
15.692865 74.903015
15.701199 76.432678
15.709533 77.814606
15.717867 79.356911
15.726201 80.913338
15.734535 82.583786
15.742869 83.851456
15.751203 84.995926
15.759537 86.089401
15.767871 87.471306
15.776205 88.749825
15.784539 90.104965
15.792873 91.508598
15.801207 93.330711
15.809541 94.915718
15.817875 96.381989
15.826209 97.673264
15.834543 99.021523
15.842877 100.117058
15.851211 101.289452
15.859545 102.548569
15.867879 104.118317
15.876213 105.521324
15.884547 107.075035
15.892881 108.643501
15.901214 110.335854
15.909548 111.594406
15.917882 112.727882
15.926216 113.787560
15.934550 115.110428
15.942884 116.333275
15.951218 117.630363
15.959552 118.967979
15.967886 120.695442
15.976220 122.207283
15.984554 123.612999
15.992888 124.830933
16.001222 126.084656
16.009556 127.083298
16.017890 128.161728
16.026224 129.292374
16.034558 130.712189
16.042892 131.972076
16.051226 133.347061
16.059560 134.764755
16.067894 136.292191
16.076228 137.408737
16.084562 138.412506
16.092896 139.328384
16.101230 140.472595
16.109564 141.508514
16.117898 142.617706
16.126232 143.765503
16.134566 145.219482
16.142900 146.510101
16.151234 147.698914
16.159568 148.721786
16.167902 149.775116
16.176236 150.594116
16.184569 151.451920
16.192903 152.376617
16.201237 153.525894
16.209571 154.553619
16.217905 155.646713
16.226239 156.798370
16.234573 158.028122
16.242907 158.911102
16.251241 159.698013
16.259575 160.409866
16.267909 161.275955
16.276243 162.070068
16.284577 162.924820
16.292911 163.811737
16.301245 164.891846
16.309579 165.887527
16.317913 166.792694
16.326247 167.564896
16.334581 168.330017
16.342915 168.922485
16.351249 169.531616
16.359583 170.188843
16.367917 171.010666
16.376251 171.744080
16.384585 172.512589
16.392919 173.339279
16.401253 174.214752
16.409587 174.835327
16.417921 175.369644
16.426255 175.848312
16.434589 176.411865
16.442923 176.936386
16.451257 177.496201
16.459590 178.081787
16.467924 178.799057
16.476258 179.446198
16.484592 180.042618
16.492926 180.538116
16.501260 181.019211
16.509594 181.374496
16.517928 181.734985
16.526262 182.128845
16.534596 182.617371
16.542930 183.060226
16.551264 183.515076
16.559598 184.012207
16.567932 184.518372
16.576266 184.869980
16.584600 185.154495
16.592934 185.399536
16.601268 185.686462
16.609602 185.965057
16.617936 186.251877
16.626270 186.560486
16.634604 186.914032
16.642938 187.250641
16.651272 187.555969
16.659606 187.775757
16.667940 187.963699
16.676274 188.101120
16.684608 188.235168
16.692942 188.383514
16.701276 188.577499
16.709610 188.757507
16.717944 188.932236
16.726278 189.129807
16.734611 189.315491
16.742945 189.416794
16.751279 189.472855
16.759613 189.513748
16.767947 189.559814
16.776281 189.607147
16.784615 189.662659
16.792949 189.717834
16.801283 189.786606
16.809617 189.835464
16.817951 189.869858
16.826285 189.861542
16.834619 189.805801
16.842953 189.761612
16.851287 189.722336
16.859621 189.676941
16.867955 189.622971
16.876289 189.571442
16.884623 189.524078
16.892957 189.465042
16.901291 189.374481
16.909625 189.264709
16.917959 189.131912
16.926293 189.016968
16.934627 188.870407
16.942961 188.745148
16.951295 188.607956
16.959629 188.468124
16.967963 188.300217
16.976297 188.143158
16.984631 187.964981
16.992965 187.772659
17.001299 187.533356
17.009632 187.335754
17.017966 187.154327
17.026300 186.965103
17.034634 186.718643
17.042968 186.506119
17.051302 186.286621
17.059636 186.039215
17.067970 185.725754
17.076304 185.463013
17.084638 185.193481
17.092972 184.943878
17.101306 184.668427
17.109640 184.409714
17.117974 184.142410
17.126308 183.864655
17.134642 183.526672
17.142976 183.209000
17.151310 182.880020
17.159644 182.545685
17.167978 182.171967
17.176312 181.874481
17.184646 181.601196
17.192980 181.303024
17.201314 180.942322
17.209648 180.603027
17.217982 180.265549
17.226316 179.890335
17.234650 179.434036
17.242984 179.051163
17.251318 178.677612
17.259652 178.343384
17.267986 177.982635
17.276320 177.645691
17.284653 177.298599
17.292987 176.929321
17.301321 176.484619
17.309655 176.062851
17.317989 175.620529
17.326323 175.198700
17.334657 174.734421
17.342991 174.370819
17.351325 174.036591
17.359659 173.683517
17.367993 173.234070
17.376327 172.831711
17.384661 172.419373
17.392995 171.973175
17.401329 171.421326
17.409663 170.966171
17.417997 170.548355
17.426331 170.160950
17.434665 169.750458
17.442999 169.369873
17.451333 168.971039
17.459667 168.549896
17.468001 168.042175
17.476335 167.559952
17.484669 167.057129
17.493003 166.577164
17.501337 166.065720
17.509671 165.663040
17.518005 165.304214
17.526339 164.922989
17.534673 164.434402
17.543007 163.995438
17.551341 163.538040
17.559674 163.055115
17.568008 162.449951
17.576342 161.956665
17.584676 161.498337
17.593010 161.094940
17.601344 160.654251
17.609678 160.255371
17.618012 159.833939
17.626346 159.392868
17.634680 158.847687
17.643014 158.341553
17.651348 157.806519
17.659682 157.307144
17.668016 156.773361
17.676350 156.353027
17.684684 155.969925
17.693018 155.571487
17.701352 155.075729
17.709686 154.615723
17.718020 154.138870
17.726354 153.645370
17.734688 153.009323
17.743022 152.496552
17.751356 152.032822
17.759690 151.598358
17.768024 151.158722
17.776358 150.756149
17.784692 150.330246
17.793026 149.876236
17.801360 149.324661
17.809694 148.820724
17.818028 148.267471
17.826362 147.749847
17.834696 147.186340
17.843029 146.754562
17.851363 146.376633
17.859697 145.985336
17.868031 145.495712
17.876365 145.032562
17.884699 144.557892
17.893033 144.064728
17.901367 143.427490
17.909701 142.898682
17.918035 142.413147
17.926369 141.987152
17.934703 141.537811
17.943037 141.144775
17.951371 140.725906
17.959705 140.270294
17.968039 139.719482
17.976373 139.209473
17.984707 138.657120
17.993041 138.125305
18.001375 137.566330
18.009709 137.147659
18.018043 136.768997
18.026377 136.379272
18.034711 135.894653
18.043045 135.444016
18.051379 134.977554
18.059713 134.478394
18.068047 133.840530
18.076381 133.311783
18.084715 132.831299
18.093049 132.400070
18.101383 131.949219
18.109717 131.568527
18.118050 131.152573
18.126384 130.713470
18.134718 130.163223
18.143052 129.676910
18.151386 129.122650
18.159720 128.593887
18.168054 128.032776
18.176388 127.607521
18.184722 127.224716
18.193056 126.845924
18.201390 126.371834
18.209724 125.924141
18.218058 125.467125
18.226392 125.012367
18.234726 124.358238
18.243060 123.820869
18.251394 123.338432
18.259728 122.917503
18.268062 122.466446
18.276396 122.094658
18.284730 121.690483
18.293064 121.261803
18.301398 120.719490
18.309732 120.238602
18.318066 119.706306
18.326400 119.181007
18.334734 118.619652
18.343068 118.197411
18.351402 117.824646
18.359736 117.458107
18.368070 117.000847
18.376404 116.573364
18.384738 116.114464
18.393071 115.649101
18.401405 115.035263
18.409739 114.513992
18.418073 114.034805
18.426407 113.611908
18.434741 113.175270
18.443075 112.821701
18.451409 112.440346
18.459743 112.019714
18.468077 111.503304
18.476411 111.046135
18.484745 110.532013
18.493079 110.006989
18.501413 109.456154
18.509747 109.045151
18.518081 108.675751
18.526415 108.321129
18.534749 107.886581
18.543083 107.477814
18.551417 107.034981
18.559751 106.585381
18.568085 105.995743
18.576419 105.492058
18.584753 105.020760
18.593087 104.616402
18.601421 104.190948
18.609755 103.850662
18.618089 103.483673
18.626423 103.085670
18.634757 102.591782
18.643091 102.157120
18.651425 101.662636
18.659759 101.160583
18.668092 100.623100
18.676426 100.224319
18.684760 99.871902
18.693094 99.532280
18.701428 99.114182
18.709762 98.729881
18.718096 98.319054
18.726430 97.894135
18.734764 97.335068
18.743098 96.845566
18.751432 96.398529
18.759766 96.004662
18.768100 95.598457
18.776434 95.268547
18.784768 94.928650
18.793102 94.560776
18.801436 94.099373
18.809770 93.679489
18.818104 93.220619
18.826438 92.741791
18.834772 92.223824
18.843106 91.839821
18.851440 91.496559
18.859774 91.186974
18.868108 90.803894
18.876442 90.443764
18.884776 90.059639
18.893110 89.658264
18.901444 89.148552
18.909778 88.682625
18.918112 88.249565
18.926446 87.878197
18.934780 87.492737
18.943113 87.199448
18.951447 86.875916
18.959781 86.528450
18.968115 86.101830
18.976449 85.705879
18.984783 85.289177
18.993117 84.841492
19.001451 84.354523
19.009785 83.999100
19.018119 83.673210
19.026453 83.386063
19.034787 83.035202
19.043121 82.702759
19.051455 82.353119
19.059789 81.982048
19.068123 81.513855
19.076457 81.072746
19.084791 80.672325
19.093125 80.319229
19.101459 79.957428
19.109793 79.679100
19.118127 79.393059
19.126461 79.076706
19.134795 78.687820
19.143129 78.330574
19.151463 77.947617
19.159797 77.530174
19.168131 77.074142
19.176465 76.737938
19.184799 76.439232
19.193133 76.180817
19.201467 75.852928
19.209801 75.554344
19.218135 75.228752
19.226468 74.887810
19.234802 74.470673
19.243136 74.069771
19.251470 73.686989
19.259804 73.357880
19.268138 73.024033
19.276472 72.769760
19.284806 72.512123
19.293140 72.228310
19.301474 71.866005
19.309808 71.541306
19.318142 71.188271
19.326476 70.813980
19.334810 70.389000
19.343144 70.071251
19.351478 69.793610
19.359812 69.543121
19.368146 69.255142
19.376480 68.992615
19.384814 68.699539
19.393148 68.385330
19.401482 68.002823
19.409816 67.640694
19.418150 67.288277
19.426484 66.983788
19.434818 66.678284
19.443152 66.450920
19.451486 66.217812
19.459820 65.967735
19.468154 65.631714
19.476488 65.336464
19.484822 65.027596
19.493156 64.689575
19.501489 64.298424
19.509823 64.004990
19.518157 63.750954
19.526491 63.525021
19.534825 63.266785
19.543159 63.026546
19.551493 62.759815
19.559827 62.480808
19.568161 62.136887
19.576495 61.801792
19.584829 61.483620
19.593163 61.203838
19.601497 60.928432
19.609831 60.706436
19.618165 60.496746
19.626499 60.272961
19.634833 59.989094
19.643167 59.718758
19.651501 59.439541
19.659835 59.123367
19.668169 58.764694
19.676503 58.497845
19.684837 58.266998
19.693171 58.057816
19.701505 57.825893
19.709839 57.610184
19.718173 57.373791
19.726507 57.120831
19.734841 56.817619
19.743175 56.516140
19.751509 56.222080
19.759843 55.955021
19.768177 55.697113
19.776510 55.499466
19.784844 55.309116
19.793178 55.102348
19.801512 54.844887
19.809846 54.607899
19.818180 54.353981
19.826514 54.073452
19.834848 53.745270
19.843182 53.493500
19.851516 53.288162
19.859850 53.104488
19.868184 52.888363
19.876518 52.692501
19.884852 52.483200
19.893186 52.253098
19.901520 51.982967
19.909854 51.712215
19.918188 51.440804
19.926522 51.194103
19.934856 50.957321
19.943190 50.785629
19.951524 50.613762
19.959858 50.431313
19.968192 50.205441
19.976526 49.987377
19.984860 49.760967
19.993194 49.510391
20.001528 49.207508
20.009862 48.972607
20.018196 48.775734
20.026530 48.605980
20.034864 48.423977
20.043198 48.235806
20.051531 48.046291
20.059865 47.852604
20.068199 47.598541
20.076533 47.363640
20.084867 47.114223
20.093201 46.887577
20.101535 46.663345
20.109869 46.506046
20.118203 46.353729
20.126537 46.189754
20.134871 45.983612
20.143205 45.788227
20.151539 45.581192
20.159873 45.362236
20.168207 45.083107
20.176541 44.871597
20.184875 44.697582
20.193209 44.531910
20.201543 44.366241
20.209877 44.207573
20.218211 44.035973
20.226545 43.855877
20.234879 43.629379
20.243213 43.417751
20.251547 43.187054
20.259881 42.976589
20.268215 42.770893
20.276549 42.627632
20.284883 42.485088
20.293217 42.334408
20.301551 42.145401
20.309885 41.971771
20.318219 41.786404
20.326552 41.586311
20.334886 41.332275
20.343220 41.137306
20.351554 40.965050
20.359888 40.825157
20.368222 40.670158
20.376556 40.529846
20.384890 40.378033
20.393224 40.215908
20.401558 40.009945
20.409892 39.824158
20.418226 39.615036
20.426560 39.413960
20.434894 39.231987
20.443228 39.086700
20.451562 38.969158
20.459896 38.840355
20.468230 38.671104
20.476564 38.514404
20.484898 38.345993
20.493232 38.164021
20.501566 37.938534
20.509900 37.751793
20.518234 37.598015
20.526568 37.466824
20.534902 37.324100
20.543236 37.200779
20.551570 37.066639
20.559904 36.919086
20.568238 36.734669
20.576572 36.565632
20.584906 36.379993
20.593240 36.200642
20.601573 36.022186
20.609907 35.902740
20.618241 35.784004
20.626575 35.666466
20.634909 35.511852
20.643243 35.372318
20.651577 35.223724
20.659911 35.067322
20.668245 34.858345
20.676579 34.690975
20.684913 34.548462
20.693247 34.425972
20.701581 34.295620
20.709915 34.180523
20.718249 34.064175
20.726583 33.929409
20.734917 33.768890
20.743251 33.618271
20.751585 33.438622
20.759919 33.266842
20.768253 33.112465
20.776587 33.000530
20.784921 32.898666
20.793255 32.796265
20.801589 32.660721
20.809923 32.528103
20.818257 32.398998
20.826591 32.255173
20.834925 32.058834
20.843259 31.903446
20.851593 31.766533
20.859927 31.662643
20.868261 31.538546
20.876595 31.440914
20.884928 31.341970
20.893262 31.217396
20.901596 31.063318
20.909930 30.927240
20.918264 30.775309
20.926598 30.623554
20.934932 30.482828
20.943266 30.379831
20.951600 30.278801
20.959934 30.185699
20.968268 30.058861
20.976602 29.952526
20.984936 29.838085
20.993270 29.703022
21.001604 29.539227
21.009938 29.390812
21.018272 29.259264
21.026606 29.157043
21.034940 29.054403
21.043274 28.966606
21.051608 28.862179
21.059942 28.757931
21.068276 28.625370
21.076610 28.502047
21.084944 28.357506
21.093278 28.221548
21.101612 28.085529
21.109946 27.985096
21.118280 27.901291
21.126614 27.811586
21.134948 27.702450
21.143282 27.597368
21.151616 27.489841
21.159949 27.375580
21.168283 27.219414
21.176617 27.087629
21.184951 26.967884
21.193285 26.881577
21.201619 26.783228
21.209953 26.704550
21.218287 26.619017
21.226621 26.516973
21.234955 26.397467
21.243289 26.285231
21.251623 26.157797
21.259957 26.036501
21.268291 25.905788
21.276625 25.813520
21.284959 25.735558
21.293293 25.655508
21.301627 25.564850
21.309961 25.478304
21.318295 25.376141
21.326629 25.270344
21.334963 25.129795
21.343297 25.012791
21.351631 24.905741
21.359965 24.811386
21.368299 24.726332
21.376633 24.653435
21.384967 24.571180
21.393301 24.487019
21.401635 24.384796
21.409969 24.280430
21.418303 24.167776
21.426637 24.051725
21.434970 23.932875
21.443304 23.840130
21.451638 23.773909
21.459972 23.698330
21.468306 23.616791
21.476640 23.532093
21.484974 23.441374
21.493308 23.350895
21.501642 23.228050
21.509976 23.118198
21.518310 23.017765
21.526644 22.934198
21.534978 22.858202
21.543312 22.791386
21.551646 22.720755
21.559980 22.643625
21.568314 22.546232
21.576648 22.459269
21.584982 22.351206
21.593316 22.242905
21.601650 22.132814
21.609984 22.049606
21.618318 21.990479
21.626652 21.930456
21.634986 21.849691
21.643320 21.781981
21.651654 21.693409
21.659988 21.616280
21.668322 21.496237
21.676656 21.399796
21.684990 21.302105
21.693324 21.228849
21.701658 21.154881
21.709991 21.083237
21.718325 21.026194
21.726659 20.958244
21.734993 20.875336
21.743327 20.791649
21.751661 20.707130
21.759995 20.602108
21.768329 20.498335
21.776663 20.417690
21.784997 20.358444
21.793331 20.300388
21.801665 20.228863
21.809999 20.167648
21.818333 20.093323
21.826667 20.018637
21.835001 19.922256
21.843335 19.830704
21.851669 19.741417
21.860003 19.675255
21.868337 19.603670
21.876671 19.546688
21.885005 19.489527
21.893339 19.429863
21.901673 19.349873
21.910007 19.272686
21.918341 19.200743
21.926675 19.106030
21.935009 19.007324
21.943343 18.940090
21.951677 18.881262
21.960011 18.832981
21.968345 18.770218
21.976679 18.715799
21.985012 18.653870
21.993346 18.581093
22.001680 18.485725
22.010014 18.401682
22.018348 18.326223
22.026682 18.255234
22.035016 18.193960
22.043350 18.145741
22.051684 18.093050
22.060018 18.034399
22.068352 17.968296
22.076686 17.899096
22.085020 17.826916
22.093354 17.745613
22.101688 17.654657
22.110022 17.598270
22.118356 17.543077
22.126690 17.496168
22.135024 17.440617
22.143358 17.392933
22.151692 17.331303
22.160026 17.265499
22.168360 17.185152
22.176694 17.111183
22.185028 17.038881
22.193362 16.971409
22.201696 16.911686
22.210030 16.872347
22.218364 16.832649
22.226698 16.775249
22.235032 16.713261
22.243366 16.646744
22.251700 16.589880
22.260033 16.510368
22.268367 16.422153
22.276701 16.366541
22.285035 16.311764
22.293369 16.272009
22.301703 16.218067
22.310037 16.170383
22.318371 16.116322
22.326705 16.061306
22.335039 15.985071
22.343373 15.919626
22.351707 15.846550
22.360041 15.792251
22.368375 15.737295
22.376709 15.697479
22.385043 15.658855
22.393377 15.613497
22.401711 15.547752
22.410045 15.488922
22.418379 15.438736
22.426713 15.370428
22.435047 15.289068
22.443381 15.242457
22.451715 15.197933
22.460049 15.161395
22.468383 15.110254
22.476717 15.071928
22.485051 15.023052
22.493385 14.971256
22.501719 14.912546
22.510053 14.845729
22.518387 14.780641
22.526721 14.726460
22.535055 14.675379
22.543388 14.641703
22.551722 14.602184
22.560056 14.560163
22.568390 14.501691
22.576724 14.455199
22.585058 14.403343
22.593392 14.345110
22.601726 14.268934
22.610060 14.216244
22.618394 14.177620
22.626728 14.142156
22.635062 14.101624
22.643396 14.066458
22.651730 14.016331
22.660064 13.968110
22.668398 13.913811
22.676732 13.848841
22.685066 13.789474
22.693400 13.740182
22.701734 13.695002
22.710068 13.660669
22.718402 13.628244
22.726736 13.595163
22.735070 13.543070
22.743404 13.496161
22.751738 13.447881
22.760072 13.390123
22.768406 13.323188
22.776740 13.279856
22.785074 13.238848
22.793408 13.203621
22.801742 13.170778
22.810076 13.130009
22.818409 13.086438
22.826743 13.048113
22.835077 13.000011
22.843411 12.947679
22.851745 12.892246
22.860079 12.845397
22.868413 12.805343
22.876747 12.766838
22.885081 12.733995
22.893415 12.699127
22.901749 12.664557
22.910083 12.612820
22.918417 12.568235
22.926751 12.519657
22.935085 12.460232
22.943419 12.419165
22.951753 12.377203
22.960087 12.346864
22.968421 12.310684
22.976755 12.276173
22.985089 12.242436
22.993423 12.206435
23.001757 12.155652
23.010091 12.115419
23.018425 12.058854
23.026759 12.021184
23.035093 11.969924
23.043427 11.938691
23.051761 11.913776
23.060095 11.883318
23.068429 11.839747
23.076763 11.804819
23.085097 11.768282
23.093430 11.723816
23.101764 11.671543
23.110098 11.626363
23.118432 11.585892
23.126766 11.563719
23.135100 11.530817
23.143434 11.500061
23.151768 11.472284
23.160102 11.432112
23.168436 11.384845
23.176770 11.351466
23.185104 11.303067
23.193438 11.260092
23.201772 11.217952
23.210106 11.189222
23.218440 11.165619
23.226774 11.137426
23.235108 11.100233
23.243442 11.069239
23.251776 11.032284
23.260110 10.991454
23.268444 10.940671
23.276778 10.895073
23.285112 10.857344
23.293446 10.830402
23.301780 10.804117
23.310114 10.780931
23.318448 10.750294
23.326782 10.718048
23.335116 10.688066
23.343450 10.650576
23.351784 10.605156
23.360118 10.561824
23.368451 10.522783
23.376785 10.492563
23.385119 10.470211
23.393453 10.441244
23.401787 10.415912
23.410121 10.391294
23.418455 10.357201
23.426789 10.317743
23.435123 10.265886
23.443457 10.229588
23.451791 10.195255
23.460125 10.166586
23.468459 10.144770
23.476793 10.118782
23.485127 10.100544
23.493461 10.072411
23.501795 10.035217
23.510129 10.006845
23.518463 9.962320
23.526797 9.923040
23.535131 9.888887
23.543465 9.864330
23.551799 9.839476
23.560133 9.821117
23.568467 9.797812
23.576801 9.768068
23.585135 9.737849
23.593469 9.705067
23.601803 9.663463
23.610137 9.621202
23.618471 9.593606
23.626805 9.570063
23.635139 9.546339
23.643472 9.522974
23.651806 9.495854
23.660140 9.473562
23.668474 9.443819
23.676808 9.415150
23.685142 9.372175
23.693476 9.341002
23.701810 9.300529
23.710144 9.277523
23.718478 9.258806
23.726812 9.235382
23.735146 9.213090
23.743480 9.188175
23.751814 9.169281
23.760148 9.134173
23.768482 9.094119
23.776816 9.059488
23.785150 9.031177
23.793484 9.012341
23.801818 8.986235
23.810152 8.964419
23.818486 8.942545
23.826820 8.923650
23.835154 8.896410
23.843488 8.871973
23.851822 8.839428
23.860156 8.805394
23.868490 8.774281
23.876824 8.749187
23.885158 8.734644
23.893492 8.717596
23.901826 8.692085
23.910160 8.674204
23.918494 8.652390
23.926827 8.625507
23.935161 8.586704
23.943495 8.551300
23.951829 8.518338
23.960163 8.494854
23.968497 8.480191
23.976831 8.459687
23.985165 8.449257
23.993499 8.425772
24.001833 8.396149
24.010167 8.370757
24.018501 8.343994
24.026835 8.306206
24.035169 8.273661
24.043503 8.260131
24.051837 8.244574
24.060171 8.226931
24.068505 8.203268
24.076839 8.188605
24.085173 8.164525
24.093507 8.138359
24.101841 8.110226
24.110175 8.077741
24.118509 8.056938
24.126843 8.029819
24.135177 8.009136
24.143511 7.997632
24.151845 7.979929
24.160179 7.964432
24.168513 7.948399
24.176847 7.924676
24.185181 7.893085
24.193515 7.864356
24.201848 7.827640
24.210182 7.813394
24.218516 7.800102
24.226850 7.781029
24.235184 7.767677
24.243518 7.748246
24.251852 7.730424
24.260186 7.699966
24.268520 7.673979
24.276854 7.645011
24.285188 7.625461
24.293522 7.607937
24.301856 7.588029
24.310190 7.574499
24.318524 7.563829
24.326858 7.551730
24.335192 7.530153
24.343526 7.509172
24.351860 7.483602
24.360194 7.456362
24.368528 7.424533
24.376862 7.403314
24.385196 7.385015
24.393530 7.378519
24.401864 7.362843
24.410198 7.344186
24.418532 7.324636
24.426866 7.316291
24.435200 7.282615
24.443534 7.259369
24.451868 7.239282
24.460202 7.223666
24.468536 7.208407
24.476869 7.192314
24.485203 7.184386
24.493537 7.172465
24.501871 7.145405
24.510205 7.123351
24.518539 7.103741
24.526873 7.074118
24.535207 7.055104
24.543541 7.039845
24.551875 7.024407
24.560209 7.017851
24.568543 6.992936
24.576877 6.977499
24.585211 6.962538
24.593545 6.950021
24.601879 6.928921
24.610213 6.902814
24.618547 6.881177
24.626881 6.871402
24.635215 6.853282
24.643549 6.846428
24.651883 6.835938
24.660217 6.819367
24.668551 6.793320
24.676885 6.775081
24.685219 6.759107
24.693553 6.737530
24.701887 6.713450
24.710221 6.694555
24.718555 6.684542
24.726889 6.672502
24.735223 6.659627
24.743557 6.641686
24.751890 6.631494
24.760224 6.621242
24.768558 6.602824
24.776892 6.581426
24.785226 6.558359
24.793560 6.546080
24.801894 6.530762
24.810228 6.519496
24.818562 6.506383
24.826896 6.490707
24.835230 6.476998
24.843564 6.459892
24.851898 6.446362
24.860232 6.424904
24.868566 6.398976
24.876900 6.391346
24.885234 6.384790
24.893568 6.374240
24.901902 6.358147
24.910236 6.343961
24.918570 6.331444
24.926904 6.312907
24.935238 6.300688
24.943572 6.274402
24.951906 6.256104
24.960240 6.240726
24.968574 6.232262
24.976908 6.223798
24.985242 6.209075
24.993576 6.200075
25.001910 6.185830
25.010244 6.173551
25.018578 6.158590
25.026911 6.141126
25.035245 6.117582
25.043579 6.107926
25.051913 6.093919
25.060247 6.085455
25.068581 6.071925
25.076915 6.063938
25.085249 6.050766
25.093583 6.042123
25.101917 6.024957
25.110251 6.014407
25.118585 5.989969
25.126919 5.968273
25.135253 5.961597
25.143587 5.953670
25.151921 5.941570
25.160255 5.935013
25.168589 5.927563
25.176923 5.914748
25.185257 5.900204
25.193591 5.879045
25.201925 5.858302
25.210259 5.840957
25.218593 5.831718
25.226927 5.823970
25.235261 5.815446
25.243595 5.809188
25.251929 5.797982
25.260263 5.789697
25.268597 5.769312
25.276931 5.754948
25.285265 5.732954
25.293599 5.719423
25.301932 5.708456
25.310266 5.702794
25.318600 5.691946
25.326934 5.685985
25.335268 5.672634
25.343602 5.662739
25.351936 5.648494
25.360270 5.630255
25.368604 5.613983
25.376938 5.602121
25.385272 5.601108
25.393606 5.591810
25.401940 5.574465
25.410274 5.570829
25.418608 5.556464
25.426942 5.547345
25.435276 5.532146
25.443610 5.513430
25.451944 5.504906
25.460278 5.488932
25.468612 5.483568
25.476946 5.470753
25.485280 5.461872
25.493614 5.456746
25.501948 5.440354
25.510282 5.437434
25.518616 5.422235
25.526950 5.407631
25.535284 5.388677
25.543618 5.376518
25.551952 5.375206
25.560286 5.370438
25.568620 5.357206
25.576954 5.354166
25.585287 5.345643
25.593621 5.337119
25.601955 5.315959
25.610289 5.295217
25.618623 5.284786
25.626957 5.275965
25.635291 5.259693
25.643625 5.258262
25.651959 5.247533
25.660293 5.243123
25.668627 5.233467
25.676961 5.226314
25.685295 5.211473
25.693629 5.195677
25.701963 5.177259
25.710297 5.164504
25.718631 5.153418
25.726965 5.154312
25.735299 5.154729
25.743633 5.145967
25.751967 5.135000
25.760301 5.127549
25.768635 5.113363
25.776969 5.098045
25.785303 5.085468
25.793637 5.073249
25.801971 5.060136
25.810305 5.059719
25.818639 5.055010
25.826973 5.047381
25.835307 5.033433
25.843641 5.024254
25.851975 5.019903
25.860308 5.003929
25.868642 4.987955
25.876976 4.968524
25.885310 4.963756
25.893644 4.959881
25.901978 4.948020
25.910312 4.942179
25.918646 4.941583
25.926980 4.931331
25.935314 4.913688
25.943648 4.909635
25.951982 4.893303
25.960316 4.876614
25.968650 4.870236
25.976984 4.865170
25.985318 4.853785
25.993652 4.853547
26.001986 4.849553
26.010320 4.837334
26.018654 4.825950
26.026988 4.817784
26.035322 4.801273
26.043656 4.795551
26.051990 4.783809
26.060324 4.776835
26.068658 4.769742
26.076992 4.759848
26.085326 4.754543
26.093660 4.748464
26.101994 4.734814
26.110328 4.730821
26.118662 4.718184
26.126996 4.698634
26.135329 4.687726
26.143663 4.689217
26.151997 4.678786
26.160331 4.677117
26.168665 4.666328
26.176999 4.652977
26.185333 4.646480
26.193667 4.637659
26.202001 4.624903
26.210335 4.615486
26.218669 4.606545
26.227003 4.597485
26.235337 4.597187
26.243671 4.589617
26.252005 4.577637
26.260339 4.573643
26.268673 4.565537
26.277007 4.556000
26.285341 4.545271
26.293675 4.530132
26.302009 4.521251
26.310343 4.511297
26.318677 4.507065
26.327011 4.500866
26.335345 4.497170
26.343679 4.486859
26.352013 4.480183
26.360347 4.472613
26.368681 4.455864
26.377015 4.444420
26.385349 4.437149
26.393683 4.428864
26.402017 4.425168
26.410350 4.414558
26.418684 4.414260
26.427018 4.404068
26.435352 4.393339
26.443686 4.391015
26.452020 4.377246
26.460354 4.360616
26.468688 4.345775
26.477022 4.345775
26.485356 4.343152
26.493690 4.344106
26.502024 4.336357
26.510358 4.330397
26.518692 4.325926
26.527026 4.317284
26.535360 4.300654
26.543694 4.284859
26.552028 4.270077
26.560362 4.263699
26.568696 4.261196
26.577030 4.256904
26.585364 4.256070
26.593698 4.249334
26.602032 4.238367
26.610366 4.226804
26.618700 4.213810
26.627034 4.207015
26.635368 4.191339
26.643702 4.183233
26.652036 4.183829
26.660370 4.178464
26.668704 4.168212
26.677038 4.164100
26.685371 4.157543
26.693705 4.150450
26.702039 4.145086
26.710373 4.132628
26.718707 4.111171
26.727041 4.109919
26.735375 4.103422
26.743709 4.102588
26.752043 4.101753
26.760377 4.087925
26.768711 4.075408
26.777045 4.064918
26.785379 4.050612
26.793713 4.043043
26.802047 4.031181
26.810381 4.030228
26.818715 4.023492
26.827049 4.017115
26.835383 4.017889
26.843717 4.011393
26.852051 3.996134
26.860385 3.993154
26.868719 3.976882
26.877053 3.973722
26.885387 3.956318
26.893721 3.956437
26.902055 3.954887
26.910389 3.945172
26.918723 3.940284
26.927057 3.927827
26.935391 3.923416
26.943725 3.913343
26.952059 3.904581
26.960393 3.893971
26.968726 3.889561
26.977060 3.886044
26.985394 3.878951
26.993728 3.871381
27.002062 3.865302
27.010396 3.852665
27.018730 3.850520
27.027064 3.844619
27.035398 3.834307
27.043732 3.821075
27.052066 3.808677
27.060400 3.803968
27.068734 3.798008
27.077068 3.794909
27.085402 3.794551
27.093736 3.789425
27.102070 3.778458
27.110404 3.770232
27.118738 3.764689
27.127072 3.756046
27.135406 3.740251
27.143740 3.733993
27.152074 3.730178
27.160408 3.728092
27.168742 3.714740
27.177076 3.712773
27.185410 3.704309
27.193744 3.697395
27.202078 3.685176
27.210412 3.679216
27.218746 3.675640
27.227080 3.667176
27.235414 3.663838
27.243747 3.656864
27.252081 3.650248
27.260415 3.639638
27.268749 3.628016
27.277083 3.622115
27.285417 3.616512
27.293751 3.604293
27.302085 3.591478
27.310419 3.589928
27.318753 3.585458
27.327087 3.582120
27.335421 3.572106
27.343755 3.569126
27.352089 3.565907
27.360423 3.554642
27.368757 3.547072
27.377091 3.538311
27.385425 3.529668
27.393759 3.515840
27.402093 3.510952
27.410427 3.510356
27.418761 3.499806
27.427095 3.497839
27.435429 3.494143
27.443763 3.488719
27.452097 3.476501
27.460431 3.462970
27.468765 3.450572
27.477099 3.439426
27.485433 3.434956
27.493767 3.438175
27.502101 3.434420
27.510435 3.436565
27.518768 3.417194
27.527102 3.408432
27.535436 3.409803
27.543770 3.391802
27.552104 3.380299
27.560438 3.375947
27.568772 3.376842
27.577106 3.372669
27.585440 3.359199
27.593774 3.353417
27.602108 3.348529
27.610442 3.338397
27.618776 3.331482
27.627110 3.320754
27.635444 3.306687
27.643778 3.299475
27.652112 3.298581
27.660446 3.290415
27.668780 3.288269
27.677114 3.283739
27.685448 3.283262
27.693782 3.265679
27.702116 3.262639
27.710450 3.251076
27.718784 3.239751
27.727118 3.234625
27.735452 3.228366
27.743786 3.226459
27.752120 3.223002
27.760454 3.214717
27.768788 3.216147
27.777122 3.208339
27.785456 3.197074
27.793789 3.187954
27.802123 3.174603
27.810457 3.170073
27.818791 3.167868
27.827125 3.160715
27.835459 3.148437
27.843793 3.143191
27.852127 3.139973
27.860461 3.134847
27.868795 3.126323
27.877129 3.122747
27.885463 3.110051
27.893797 3.104866
27.902131 3.103971
27.910465 3.091395
27.918799 3.085792
27.927133 3.085673
27.935467 3.070652
27.943801 3.057420
27.952135 3.056288
27.960469 3.050447
27.968803 3.032088
27.977137 3.019750
27.985471 3.025532
27.993805 3.019691
28.002139 3.013253
28.010473 3.014445
28.018807 2.998590
28.027141 2.998829
28.035475 2.985835
28.043809 2.983570
28.052143 2.976894
28.060477 2.963960
28.068810 2.961695
28.077144 2.959430
28.085478 2.954900
28.093812 2.945423
28.102146 2.933979
28.110480 2.927721
28.118814 2.925634
28.127148 2.913833
28.135482 2.899349
28.143816 2.892911
28.152150 2.890229
28.160484 2.887726
28.168818 2.883613
28.177152 2.881527
28.185486 2.874553
28.193820 2.867103
28.202154 2.861500
28.210488 2.854407
28.218822 2.843440
28.227156 2.824664
28.235490 2.827704
28.243824 2.818763
28.252158 2.819657
28.260492 2.816379
28.268826 2.812922
28.277160 2.805531
28.285494 2.800941
28.293828 2.788544
28.302162 2.780497
28.310496 2.766192
28.318830 2.754748
28.327164 2.756715
28.335498 2.751589
28.343831 2.743483
28.352165 2.742290
28.360499 2.735734
28.368833 2.726853
28.377167 2.715588
28.385501 2.705991
28.393835 2.698898
28.402169 2.691031
28.410503 2.684057
28.418837 2.683878
28.427171 2.679527
28.435505 2.673507
28.443839 2.667546
28.452173 2.655804
28.460507 2.652645
28.468841 2.639472
28.477175 2.629817
28.485509 2.627432
28.493843 2.624214
28.502177 2.619743
28.510511 2.620220
28.518845 2.609551
28.527179 2.598345
28.535513 2.592742
28.543847 2.580643
28.552181 2.569318
28.560515 2.560735
28.568849 2.554476
28.577183 2.555072
28.585517 2.549469
28.593851 2.542257
28.602185 2.543628
28.610519 2.534330
28.618853 2.526462
28.627186 2.526760
28.635520 2.514899
28.643854 2.501130
28.652188 2.497733
28.660522 2.492964
28.668856 2.482593
28.677190 2.482116
28.685524 2.474666
28.693858 2.474189
28.702192 2.466857
28.710526 2.460599
28.718860 2.450228
28.727194 2.439857
28.735528 2.438009
28.743862 2.436817
28.752196 2.430081
28.760530 2.423406
28.768864 2.416849
28.777198 2.404511
28.785532 2.398014
28.793866 2.394021
28.802200 2.389491
28.810534 2.386332
28.818868 2.372980
28.827202 2.365470
28.835536 2.357781
28.843870 2.358496
28.852204 2.345324
28.860538 2.346933
28.868872 2.344251
28.877206 2.336562
28.885540 2.324522
28.893874 2.324820
28.902207 2.315402
28.910541 2.314627
28.918875 2.306581
28.927209 2.297342
28.935543 2.294362
28.943877 2.289593
28.952211 2.287388
28.960545 2.277136
28.968879 2.268851
28.977213 2.260983
28.985547 2.257645
28.993881 2.248943
29.002215 2.246857
29.010549 2.243817
29.018883 2.234161
29.027217 2.228141
29.035551 2.221584
29.043885 2.214551
29.052219 2.199888
29.060553 2.193093
29.068887 2.193630
29.077221 2.191126
29.085555 2.179444
29.093889 2.175510
29.102223 2.167106
29.110557 2.163529
29.118891 2.153933
29.127225 2.148330
29.135559 2.136290
29.143893 2.128363
29.152227 2.128243
29.160561 2.125204
29.168895 2.120137
29.177228 2.118707
29.185562 2.113163
29.193896 2.113640
29.202230 2.097070
29.210564 2.092779
29.218898 2.087951
29.227232 2.081454
29.235566 2.072453
29.243900 2.071083
29.252234 2.062917
29.260568 2.057195
29.268902 2.048969
29.277236 2.049148
29.285570 2.040327
29.293904 2.034545
29.302238 2.025723
29.310572 2.017617
29.318906 2.012253
29.327240 2.011299
29.335574 2.004087
29.343908 1.995325
29.352242 1.996279
29.360576 1.993835
29.368910 1.989901
29.377244 1.978219
29.385578 1.972616
29.393912 1.965821
29.402246 1.953065
29.410580 1.957178
29.418914 1.950026
29.427248 1.942396
29.435582 1.937151
29.443916 1.934588
29.452249 1.933813
29.460583 1.920760
29.468917 1.910150
29.477251 1.905620
29.485585 1.897395
29.493919 1.896620
29.502253 1.892924
29.510587 1.887858
29.518921 1.885295
29.527255 1.876771
29.535589 1.875222
29.543923 1.869023
29.552257 1.858115
29.560591 1.847744
29.568925 1.842320
29.577259 1.843452
29.585593 1.845002
29.593927 1.841605
29.602261 1.836598
29.610595 1.829684
29.618929 1.821280
29.627263 1.819491
29.635597 1.814067
29.643931 1.809478
29.652265 1.796126
29.660599 1.790285
29.668933 1.784563
29.677267 1.779199
29.685601 1.780808
29.693935 1.782060
29.702269 1.769841
29.710603 1.763999
29.718937 1.754105
29.727270 1.746893
29.735604 1.733184
29.743938 1.732111
29.752272 1.735926
29.760606 1.731038
29.768940 1.724005
29.777274 1.720726
29.785608 1.717150
29.793942 1.706779
29.802276 1.698196
29.810610 1.693130
29.818944 1.680970
29.827278 1.681685
29.835612 1.674414
29.843946 1.675487
29.852280 1.673698
29.860614 1.663685
29.868948 1.663446
29.877282 1.667023
29.885616 1.659095
29.893950 1.654744
29.902284 1.642942
29.910618 1.636863
29.918952 1.632392
29.927286 1.624465
29.935620 1.624763
29.943954 1.619220
29.952288 1.617849
29.960622 1.614034
29.968956 1.606584
29.977290 1.598835
29.985624 1.596868
29.993958 1.588941
30.002292 1.583576
30.010625 1.586854
30.018959 1.576066
30.027293 1.574159
30.035627 1.574278
30.043961 1.568735
30.052295 1.565754
30.060629 1.557469
30.068963 1.554549
30.077297 1.541317
30.085631 1.538217
30.093965 1.534104
30.102299 1.533985
30.110633 1.520932
30.118967 1.520097
30.127301 1.518011
30.135635 1.512527
30.143969 1.505673
30.152303 1.498997
30.160637 1.491904
30.168971 1.483619
30.177305 1.478016
30.185639 1.482606
30.193973 1.478732
30.202307 1.474380
30.210641 1.476765
30.218975 1.470208
30.227309 1.465082
30.235643 1.448929
30.243977 1.440942
30.252311 1.436353
30.260645 1.434982
30.268979 1.427948
30.277313 1.432598
30.285646 1.429081
30.293980 1.424551
30.302314 1.420915
30.310648 1.416147
30.318982 1.408339
30.327316 1.401246
30.335650 1.400292
30.343984 1.401961
30.352318 1.393020
30.360652 1.379728
30.368986 1.378953
30.377320 1.388907
30.385654 1.367927
30.393988 1.367927
30.402322 1.355708
30.410656 1.355648
30.418990 1.355886
30.427324 1.350939
30.435658 1.343668
30.443992 1.351416
30.452326 1.340389
30.460660 1.334667
30.468994 1.329601
30.477328 1.326323
30.485662 1.319528
30.493996 1.316547
30.502330 1.316547
30.510664 1.309454
30.518998 1.308382
30.527332 1.302779
30.535666 1.295924
30.544000 1.288116
30.552334 1.288593
30.560667 1.282394
30.569001 1.274526
30.577335 1.272142
30.585669 1.272082
30.594003 1.263320
30.602337 1.258016
30.610671 1.252174
30.619005 1.249373
30.627339 1.252115
30.635673 1.249135
30.644007 1.243830
30.652341 1.240730
30.660675 1.232088
30.669009 1.230061
30.677343 1.227856
30.685677 1.229763
30.694011 1.228809
30.702345 1.222134
30.710679 1.217186
30.719013 1.203597
30.727347 1.204193
30.735681 1.199424
30.744015 1.189649
30.752349 1.190245
30.760683 1.188457
30.769017 1.180172
30.777351 1.179755
30.785685 1.173735
30.794019 1.178622
30.802353 1.165748
30.810687 1.160562
30.819021 1.156569
30.827355 1.150370
30.835688 1.155317
30.844022 1.155496
30.852356 1.146138
30.860690 1.144350
30.869024 1.136303
30.877358 1.130641
30.885692 1.130164
30.894026 1.126528
30.902360 1.121044
30.910694 1.120865
30.919028 1.113832
30.927362 1.107454
30.935696 1.101494
30.944030 1.094759
30.952364 1.094103
30.960698 1.098812
30.969032 1.088142
30.977366 1.087248
30.985700 1.080573
30.994034 1.074433
31.002368 1.072705
31.010702 1.072884
31.019036 1.073956
31.027370 1.062155
31.035704 1.055658
31.044038 1.056790
31.052372 1.055241
31.060706 1.053929
31.069040 1.057148
31.077374 1.051366
31.085708 1.042485
31.094042 1.032948
31.102376 1.035273
31.110709 1.031637
31.119043 1.025915
31.127377 1.022816
31.135711 1.018345
31.144045 1.006603
31.152379 0.999451
31.160713 1.004279
31.169047 1.001000
31.177381 1.002610
31.185715 0.998676
31.194049 0.998139
31.202383 0.993907
31.210717 0.989914
31.219051 0.983179
31.227385 0.985980
31.235719 0.983179
31.244053 0.979722
31.252387 0.976324
31.260721 0.966132
31.269055 0.960588
31.277389 0.954151
31.285723 0.954628
31.294057 0.952423
31.302391 0.955701
31.310725 0.947297
31.319059 0.951827
31.327393 0.947297
31.335727 0.936091
31.344061 0.935972
31.352395 0.935555
31.360729 0.934839
31.369063 0.924468
31.377397 0.920892
31.385730 0.921905
31.394064 0.916362
31.402398 0.913858
31.410732 0.908792
31.419066 0.904441
31.427400 0.902653
31.435734 0.909984
31.444068 0.911057
31.452402 0.911415
31.460736 0.903070
31.469070 0.897288
31.477404 0.894308
31.485738 0.885904
31.494072 0.879169
31.502406 0.877023
31.510740 0.874579
31.519074 0.871599
31.527408 0.867367
31.535742 0.856459
31.544076 0.859737
31.552410 0.853956
31.560744 0.850797
31.569078 0.855982
31.577412 0.842869
31.585746 0.839055
31.594080 0.837684
31.602414 0.835240
31.610748 0.830352
31.619082 0.835001
31.627416 0.829458
31.635750 0.816286
31.644084 0.812590
31.652418 0.810027
31.660752 0.809014
31.669085 0.809133
31.677419 0.802815
31.685753 0.807047
31.694087 0.802100
31.702421 0.802100
31.710755 0.799716
31.719089 0.797451
31.727423 0.790715
31.735757 0.781655
31.744091 0.781775
31.752425 0.784993
31.760759 0.778973
31.769093 0.776410
31.777427 0.770450
31.785761 0.769436
31.794095 0.772059
31.802429 0.767171
31.810763 0.766575
31.819097 0.761807
31.827431 0.763655
31.835765 0.763655
31.844099 0.754297
31.852433 0.750601
31.860767 0.755012
31.869101 0.752985
31.877435 0.751913
31.885769 0.748098
31.894103 0.741124
31.902437 0.731111
31.910771 0.729859
31.919105 0.728965
31.927439 0.725329
31.935773 0.724971
31.944106 0.721753
31.952440 0.719070
31.960774 0.717878
31.969108 0.711739
31.977442 0.706077
31.985776 0.699997
31.994110 0.705183
32.002444 0.697136
32.010778 0.697136
32.019112 0.700414
32.027446 0.696659
32.035780 0.696778
32.044114 0.694454
32.052448 0.692785
32.060782 0.690281
32.069116 0.691056
32.077450 0.688910
32.085784 0.684798
32.094118 0.680268
32.102452 0.678718
32.110786 0.674903
32.119120 0.675023
32.127454 0.676215
32.135788 0.669420
32.144122 0.668645
32.152456 0.668347
32.160790 0.660419
32.169124 0.660300
32.177458 0.656366
32.185792 0.653207
32.194126 0.655055
32.202460 0.650048
32.210794 0.650406
32.219127 0.653803
32.227461 0.650406
32.235795 0.644624
32.244129 0.630379
32.252463 0.628948
32.260797 0.622928
32.269131 0.614464
32.277465 0.626087
32.285799 0.630856
32.294133 0.626683
32.302467 0.624120
32.310801 0.627697
32.319135 0.624001
32.327469 0.619650
32.335803 0.609636
32.344137 0.602186
32.352471 0.607431
32.360805 0.606477
32.369139 0.605762
32.377473 0.606477
32.385807 0.599563
32.394141 0.599384
32.402475 0.585735
32.410809 0.583947
32.419143 0.581682
32.427477 0.583410
32.435811 0.580549
32.444145 0.573277
32.452479 0.579655
32.460813 0.576079
32.469147 0.579238
32.477481 0.570238
32.485815 0.569224
32.494148 0.566542
32.502482 0.561416
32.510816 0.562787
32.519150 0.561059
32.527484 0.557423
32.535818 0.559330
32.544152 0.558972
32.552486 0.551879
32.560820 0.547349
32.569154 0.539958
32.577488 0.541747
32.585822 0.537753
32.594156 0.538766
32.602490 0.532389
32.610824 0.535429
32.619158 0.530124
32.627492 0.532806
32.635826 0.532210
32.644160 0.531495
32.652494 0.529647
32.660828 0.518024
32.669162 0.520110
32.677496 0.516117
32.685830 0.518084
32.694164 0.515521
32.702498 0.521481
32.710832 0.518680
32.719166 0.518203
32.727500 0.517607
32.735834 0.518024
32.744168 0.514448
32.752502 0.514925
32.760836 0.511587
32.769169 0.507712
32.777503 0.512004
32.785837 0.512481
32.794171 0.509679
32.802505 0.501156
32.810839 0.499666
32.819173 0.491619
32.827507 0.492454
32.835841 0.488102
32.844175 0.479817
32.852509 0.475883
32.860843 0.480890
32.869177 0.482261
32.877511 0.481248
32.885845 0.479400
32.894179 0.484645
32.902513 0.484407
32.910847 0.476837
32.919181 0.473142
32.927515 0.470042
32.935849 0.471413
32.944183 0.471234
32.952517 0.470877
32.960851 0.464857
32.969185 0.466347
32.977519 0.460446
32.985853 0.457048
32.994187 0.450611
33.002521 0.453651
33.010855 0.448227
33.019189 0.447810
33.027523 0.449896
33.035857 0.448227
33.044190 0.444889
33.052524 0.450492
33.060858 0.443757
33.069192 0.435531
33.077526 0.430942
33.085860 0.434399
33.094194 0.434935
33.102528 0.426412
33.110862 0.424683
33.119196 0.427306
33.127530 0.422001
33.135864 0.425994
33.144198 0.427067
33.152532 0.428140
33.160866 0.422299
33.169200 0.412703
33.177534 0.413239
33.185868 0.404954
33.194202 0.402629
33.202536 0.405312
33.210870 0.406563
33.219204 0.404596
33.227538 0.401616
33.235872 0.398099
33.244206 0.394464
33.252540 0.399590
33.260874 0.403821
33.269208 0.396371
33.277542 0.397384
33.285876 0.403941
33.294210 0.396907
33.302544 0.397801
33.310878 0.391424
33.319212 0.387728
33.327545 0.387013
33.335879 0.386655
33.344213 0.388503
33.352547 0.394106
33.360881 0.390530
33.369215 0.383377
33.377549 0.381708
33.385883 0.376284
33.394217 0.380218
33.402551 0.372469
33.410885 0.374317
33.419219 0.370383
33.427553 0.373721
33.435887 0.371754
33.444221 0.373244
33.452555 0.369191
33.460889 0.370443
33.469223 0.368297
33.477557 0.366867
33.485891 0.358760
33.494225 0.364482
33.502559 0.363827
33.510893 0.367880
33.519227 0.367582
33.527561 0.370264
33.535895 0.367284
33.544229 0.365198
33.552563 0.358701
33.560897 0.353277
33.569231 0.354767
33.577565 0.354648
33.585899 0.354409
33.594233 0.346243
33.602566 0.348330
33.610900 0.341475
33.619234 0.340283
33.627568 0.346363
33.635902 0.341475
33.644236 0.340104
33.652570 0.333190
33.660904 0.339925
33.669238 0.335515
33.677572 0.335693
33.685906 0.332117
33.694240 0.334203
33.702574 0.327945
33.710908 0.321329
33.719242 0.324965
33.727576 0.325084
33.735910 0.327349
33.744244 0.320613
33.752578 0.318944
33.760912 0.324070
33.769246 0.319123
33.777580 0.320017
33.785914 0.321090
33.794248 0.317812
33.802582 0.324011
33.810916 0.313163
33.819250 0.311971
33.827584 0.313878
33.835918 0.312567
33.844252 0.309229
33.852586 0.306487
33.860920 0.299037
33.869254 0.303566
33.877587 0.307918
33.885921 0.304699
33.894255 0.308573
33.902589 0.302315
33.910923 0.302315
33.919257 0.301600
33.927591 0.295579
33.935925 0.299156
33.944259 0.297487
33.952593 0.294507
33.960927 0.291705
33.969261 0.290453
33.977595 0.292420
33.985929 0.285566
33.994263 0.290215
34.002597 0.285685
34.010931 0.281930
34.019265 0.279903
34.027599 0.277102
34.035933 0.281930
34.044267 0.273764
34.052601 0.270247
34.060935 0.268638
34.069269 0.276923
34.077603 0.269711
34.085937 0.273764
34.094271 0.267863
34.102605 0.266075
34.110939 0.263989
34.119273 0.269234
34.127607 0.270247
34.135941 0.274837
34.144275 0.274122
34.152608 0.270665
34.160942 0.259101
34.169276 0.261426
34.177610 0.258982
34.185944 0.259817
34.194278 0.258386
34.202612 0.259340
34.210946 0.263512
34.219280 0.260949
34.227614 0.257134
34.235948 0.255346
34.244282 0.259936
34.252616 0.255704
34.260950 0.253737
34.269284 0.256062
34.277618 0.250697
34.285952 0.250399
34.294286 0.253975
34.302620 0.250757
34.310954 0.248194
34.319288 0.245452
34.327622 0.240564
34.335956 0.234187
34.344290 0.236213
34.352624 0.231087
34.360958 0.234604
34.369292 0.237167
34.377626 0.236392
34.385960 0.230908
34.394294 0.239372
34.402628 0.234544
34.410962 0.234127
34.419296 0.229061
34.427629 0.223577
34.435963 0.224948
34.444297 0.232518
34.452631 0.229299
34.460965 0.223875
34.469299 0.229359
34.477633 0.225186
34.485967 0.224650
34.494301 0.224829
34.502635 0.223160
34.510969 0.214636
34.519303 0.214398
34.527637 0.211060
34.535971 0.214577
34.544305 0.213802
34.552639 0.215113
34.560973 0.214398
34.569307 0.208676
34.577641 0.209093
34.585975 0.208974
34.594309 0.203073
34.602643 0.201106
34.610977 0.207663
34.619311 0.205159
34.627645 0.207365
34.635979 0.204563
34.644313 0.203907
34.652647 0.204802
34.660981 0.202775
34.669315 0.206888
34.677649 0.202239
34.685983 0.205755
34.694317 0.193894
34.702651 0.196517
34.710984 0.195920
34.719318 0.198364
34.727652 0.195026
34.735986 0.196457
34.744320 0.193477
34.752654 0.196934
34.760988 0.197172
34.769322 0.197351
34.777656 0.190496
34.785990 0.189543
34.794324 0.186741
34.802658 0.194669
34.810992 0.190616
34.819326 0.183702
34.827660 0.187695
34.835994 0.188053
34.844328 0.188708
34.852662 0.189006
34.860996 0.186026
34.869330 0.181615
34.877664 0.181735
34.885998 0.184834
34.894332 0.179350
34.902666 0.175297
34.911000 0.168681
34.919334 0.171006
34.927668 0.175118
34.936002 0.175118
34.944336 0.176370
34.952670 0.170588
34.961004 0.168741
34.969338 0.165939
34.977672 0.168800
34.986005 0.167251
34.994339 0.163257
35.002673 0.166953
35.011007 0.162065
35.019341 0.170112
35.027675 0.163972
35.036009 0.168741
35.044343 0.166595
35.052677 0.160575
35.061011 0.160635
35.069345 0.161171
35.077679 0.159264
35.086013 0.160992
35.094347 0.157297
35.102681 0.156105
35.111015 0.148475
35.119349 0.156164
35.127683 0.155210
35.136017 0.155091
35.144351 0.155807
35.152685 0.153005
35.161019 0.150442
35.169353 0.146568
35.177687 0.150383
35.186021 0.150144
35.194355 0.150740
35.202689 0.153244
35.211023 0.153124
35.219357 0.151098
35.227691 0.146866
35.236025 0.153780
35.244359 0.146568
35.252693 0.148535
35.261026 0.151098
35.269360 0.143886
35.277694 0.147641
35.286028 0.146210
35.294362 0.143409
35.302696 0.140190
35.311030 0.146866
35.319364 0.138521
35.327698 0.138044
35.336032 0.137508
35.344366 0.137389
35.352700 0.135839
35.361034 0.137806
35.369368 0.145435
35.377702 0.139534
35.386036 0.135124
35.394370 0.130892
35.402704 0.129580
35.411038 0.132740
35.419372 0.134170
35.427706 0.133157
35.436040 0.130475
35.444374 0.133157
35.452708 0.130534
35.461042 0.125706
35.469376 0.126302
35.477710 0.122428
35.486044 0.124812
35.494378 0.125766
35.502712 0.125587
35.511046 0.124693
35.519380 0.117242
35.527714 0.116408
35.536047 0.114381
35.544381 0.121176
35.552715 0.115573
35.561049 0.112474
35.569383 0.114262
35.577717 0.116169
35.586051 0.122666
35.594385 0.117540
35.602719 0.118136
35.611053 0.109911
35.619387 0.120997
35.627721 0.118077
35.636055 0.114799
35.644389 0.111878
35.652723 0.112891
35.661057 0.119030
35.669391 0.115752
35.677725 0.109076
35.686059 0.113308
35.694393 0.105798
35.702727 0.113606
35.711061 0.112772
35.719395 0.108123
35.727729 0.107527
35.736063 0.105560
35.744397 0.104725
35.752731 0.106156
35.761065 0.108123
35.769399 0.109613
35.777733 0.104547
35.786067 0.097871
35.794401 0.096917
35.802735 0.093877
35.811068 0.094712
35.819402 0.096023
35.827736 0.095367
35.836070 0.101686
35.844404 0.104547
35.852738 0.103652
35.861072 0.104725
35.869406 0.100493
35.877740 0.103116
35.886074 0.095904
35.894408 0.088930
35.902742 0.094533
35.911076 0.094116
35.919410 0.089049
35.927744 0.092506
35.936078 0.092626
35.944412 0.091314
35.952746 0.090420
35.961080 0.089347
35.969414 0.091612
35.977748 0.084937
35.986082 0.092506
35.994416 0.087321
36.002750 0.091910
36.011084 0.088871
36.019418 0.077784
36.027752 0.082195
36.036086 0.085473
36.044420 0.088215
36.052754 0.081539
36.061088 0.080049
36.069422 0.078321
36.077756 0.087142
36.086089 0.082374
36.094423 0.082374
36.102757 0.077724
36.111091 0.076413
36.119425 0.086665
36.127759 0.083447
36.136093 0.081301
36.144427 0.083685
36.152761 0.078082
36.161095 0.074446
36.169429 0.080824
36.177763 0.075340
36.186097 0.084758
36.194431 0.076056
36.202765 0.070930
36.211099 0.076413
36.219433 0.075817
36.227767 0.079811
36.236101 0.073433
36.244435 0.075996
36.252769 0.074029
36.261103 0.070512
36.269437 0.075698
36.277771 0.073612
36.286105 0.067711
36.294439 0.067353
36.302773 0.069380
36.311107 0.064194
36.319441 0.064671
36.327775 0.060380
36.336109 0.061572
36.344443 0.064790
36.352777 0.066698
36.361111 0.065386
36.369444 0.074804
36.377778 0.072002
36.386112 0.073135
36.394446 0.065565
36.402780 0.066698
36.411114 0.065386
36.419448 0.067949
36.427782 0.068486
36.436116 0.065804
36.444450 0.062346
36.452784 0.058472
36.461118 0.054538
36.469452 0.057042
36.477786 0.059307
36.486120 0.061214
36.494454 0.059664
36.502788 0.061393
36.511122 0.052631
36.519456 0.057757
36.527790 0.061274
36.536124 0.055730
36.544458 0.057459
36.552792 0.054240
36.561126 0.051796
36.569460 0.053525
36.577794 0.055611
36.586128 0.057817
36.594462 0.051975
36.602796 0.049055
36.611130 0.043929
36.619464 0.046134
36.627798 0.049949
36.636132 0.049174
36.644465 0.043809
36.652799 0.043809
36.661133 0.040889
36.669467 0.044525
36.677801 0.043690
36.686135 0.045180
36.694469 0.045478
36.702803 0.047088
36.711137 0.044525
36.719471 0.046492
36.727805 0.043929
36.736139 0.042558
36.744473 0.044942
36.752807 0.043809
36.761141 0.043631
36.769475 0.037611
36.777809 0.036120
36.786143 0.041842
36.794477 0.038445
36.802811 0.033557
36.811145 0.037313
36.819479 0.038445
36.827813 0.042737
36.836147 0.033677
36.844481 0.028789
36.852815 0.032783
36.861149 0.037193
36.869483 0.032842
36.877817 0.030875
36.886151 0.025511
36.894485 0.027418
36.902819 0.028551
36.911153 0.031233
36.919486 0.031471
36.927820 0.029385
36.936154 0.032902
36.944488 0.029504
36.952822 0.023901
36.961156 0.027299
36.969490 0.027835
36.977824 0.030875
36.986158 0.027120
36.994492 0.024140
37.002826 0.030696
37.011160 0.031590
37.019494 0.029385
37.027828 0.032902
37.036162 0.029385
37.044496 0.027359
37.052830 0.024259
37.061164 0.022769
37.069498 0.027597
37.077832 0.025213
37.086166 0.020504
37.094500 0.023425
37.102834 0.024021
37.111168 0.023663
37.119502 0.023603
37.127836 0.021875
37.136170 0.019372
37.144504 0.019848
37.152838 0.023425
37.161172 0.027001
37.169506 0.026584
37.177840 0.018358
37.186174 0.017047
37.194507 0.015080
37.202841 0.020266
37.211175 0.018299
37.219509 0.018775
37.227843 0.015259
37.236177 0.019729
37.244511 0.010610
37.252845 0.013292
37.261179 0.018895
37.269513 0.017762
37.277847 0.016928
37.286181 0.018299
37.294515 0.030398
37.302849 0.019491
37.311183 0.016570
37.319517 0.013411
37.327851 0.017405
37.336185 0.015497
37.344519 0.017703
37.352853 0.025034
37.361187 0.020623
37.369521 0.015557
37.377855 0.020742
37.386189 0.016570
37.394523 0.013113
37.402857 0.015676
37.411191 0.009835
37.419525 0.007212
37.427859 0.008821
37.436193 0.013828
37.444527 0.014365
37.452861 0.017405
37.461195 0.009894
37.469528 0.011086
37.477862 0.005841
37.486196 0.010610
37.494530 0.013471
37.502864 0.008821
37.511198 0.003576
37.519532 0.005484
37.527866 0.006557
37.536200 0.006020
37.544534 0.004470
37.552868 0.003755
37.561202 0.004113
37.569536 0.004947
37.577870 0.003397
37.586204 0.005245
37.594538 0.002563
37.602872 0.003397
37.611206 -0.003040
37.619540 0.004113
37.627874 0.003755
37.636208 0.002563
37.644542 -0.002086
37.652876 0.010610
37.661210 0.005484
37.669544 -0.000358
37.677878 0.003457
37.686212 -0.001311
37.694546 0.000775
37.702880 -0.006080
37.711214 -0.003219
37.719548 -0.004709
37.727882 -0.003636
37.736216 -0.005126
37.744550 -0.002384
37.752883 -0.002027
37.761217 -0.008047
37.769551 -0.005305
37.777885 -0.005662
37.786219 -0.010431
37.794553 -0.004292
37.802887 -0.007570
37.811221 -0.008762
37.819555 -0.007987
37.827889 -0.002563
37.836223 -0.006795
37.844557 -0.009775
37.852891 -0.007212
37.861225 -0.012517
37.869559 -0.010252
37.877893 -0.010371
37.886227 -0.011384
37.894561 -0.007272
37.902895 -0.003994
37.911229 -0.002325
37.919563 -0.004172
37.927897 -0.002921
37.936231 -0.005424
37.944565 -0.004649
37.952899 -0.006020
37.961233 -0.006258
37.969567 -0.011086
37.977901 -0.011563
37.986235 -0.013649
37.994569 -0.014722
38.002903 -0.015557
38.011237 -0.016928
38.019571 -0.004411
38.027904 -0.005782
38.036238 -0.009894
38.044572 -0.007272
38.052906 -0.012338
38.061240 -0.016987
38.069574 -0.008762
38.077908 -0.013828
38.086242 -0.016809
38.094576 -0.014663
38.102910 -0.018179
38.111244 -0.023484
38.119578 -0.029624
38.127912 -0.020385
38.136246 -0.017345
38.144580 -0.021219
38.152914 -0.021100
38.161248 -0.020504
38.169582 -0.021040
38.177916 -0.021696
38.186250 -0.026286
38.194584 -0.019073
38.202918 -0.024855
38.211252 -0.016749
38.219586 -0.018120
38.227920 -0.022233
38.236254 -0.015795
38.244588 -0.014424
38.252922 -0.016630
38.261256 -0.017643
38.269590 -0.016987
38.277924 -0.019908
38.286258 -0.028133
38.294592 -0.029922
38.302925 -0.026762
38.311259 -0.029445
38.319593 -0.029325
38.327927 -0.026882
38.336261 -0.023305
38.344595 -0.025451
38.352929 -0.022590
38.361263 -0.023484
38.369597 -0.023901
38.377931 -0.024319
38.386265 -0.036895
38.394599 -0.031233
38.402933 -0.026286
38.411267 -0.022709
38.419601 -0.022590
38.427935 -0.021100
38.436269 -0.022292
38.444603 -0.025094
38.452937 -0.025988
38.461271 -0.028372
38.469605 -0.028968
38.477939 -0.033438
38.486273 -0.027478
38.494607 -0.028074
38.502941 -0.031352
38.511275 -0.036478
38.519609 -0.028968
38.527943 -0.028968
38.536277 -0.029445
38.544611 -0.027955
38.552945 -0.024498
38.561279 -0.022411
38.569613 -0.026166
38.577946 -0.027120
38.586280 -0.028431
38.594614 -0.024378
38.602948 -0.025451
38.611282 -0.018895
38.619616 -0.024378
38.627950 -0.029922
38.636284 -0.032306
38.644618 -0.026703
38.652952 -0.035226
38.661286 -0.033736
38.669620 -0.032663
38.677954 -0.035405
38.686288 -0.035107
38.694622 -0.032246
38.702956 -0.029087
