0.000000 0.000000
0.008334 0.000000
0.016668 0.000000
0.025003 -0.042975
0.033337 -0.035286
0.041671 -0.046253
0.050005 -0.040591
0.058339 -0.039816
0.066674 -0.041008
0.075008 -0.036478
0.083342 -0.030994
0.091676 -0.035942
0.100010 -0.038505
0.108344 -0.037372
0.116679 -0.041246
0.125013 -0.042498
0.133347 -0.042379
0.141681 0.000000
0.150015 -0.003219
0.158350 -0.007331
0.166684 -0.014782
0.175018 -0.011683
0.183352 -0.012577
0.191686 -0.009179
0.200021 -0.007212
0.208355 -0.007331
0.216689 -0.012577
0.225023 -0.015140
0.233357 -0.011742
0.241692 -0.009000
0.250026 -0.010312
0.258360 -0.004113
0.266694 -0.010788
0.275028 -0.015557
0.283363 -0.005782
0.291697 -0.011981
0.300031 -0.013173
0.308365 -0.010312
0.316699 -0.016987
0.325033 -0.017941
0.333368 -0.010967
0.341702 -0.003397
0.350036 -0.004649
0.358370 -0.007927
0.366704 -0.011384
0.375039 -0.007212
0.383373 -0.016749
0.391707 -0.016570
0.400041 -0.019550
0.408375 -0.022411
0.416710 -0.018179
0.425044 -0.017822
0.433378 -0.016570
0.441712 -0.015378
0.450046 -0.015020
0.458381 -0.013292
0.466715 -0.010490
0.475049 -0.012100
0.483383 -0.018299
0.491717 -0.013292
0.500051 -0.014961
0.508386 -0.016868
0.516720 -0.016272
0.525054 -0.016332
0.533388 -0.020921
0.541722 -0.019133
0.550057 -0.024974
0.558391 -0.016987
0.566725 -0.014961
0.575059 -0.022829
0.583393 -0.021398
0.591728 -0.026464
0.600062 -0.025392
0.608396 -0.025988
0.616730 -0.024796
0.625064 -0.025511
0.633399 -0.028849
0.641733 -0.023067
0.650067 -0.026286
0.658401 -0.031948
0.666735 -0.031650
0.675070 -0.031352
0.683404 -0.031233
0.691738 -0.028074
0.700072 -0.028372
0.708406 -0.024974
0.716740 -0.023067
0.725075 -0.023067
0.733409 -0.022173
0.741743 -0.023842
0.750077 -0.026703
0.758411 -0.024199
0.766746 -0.027120
0.775080 -0.027597
0.783414 -0.026584
0.791748 -0.024498
0.800082 -0.026882
0.808417 -0.023603
0.816751 -0.025034
0.825085 -0.019133
0.833419 -0.022352
0.841753 -0.031769
0.850088 -0.021338
0.858422 -0.024199
0.866756 -0.028670
0.875090 -0.025988
0.883424 -0.030935
0.891758 -0.032604
0.900093 -0.026584
0.908427 -0.024796
0.916761 -0.021040
0.925095 -0.022709
0.933429 -0.031471
0.941764 -0.036836
0.950098 -0.034511
0.958432 -0.037014
0.966766 -0.031769
0.975100 -0.037253
0.983435 -0.035167
0.991769 -0.028193
1.000103 -0.029445
1.008437 -0.037134
1.016771 -0.031650
1.025106 -0.035048
1.033440 -0.037551
1.041774 -0.032842
1.050108 -0.035644
1.058442 -0.035703
1.066777 -0.035644
1.075111 -0.040293
1.083445 -0.040293
1.091779 -0.037730
1.100113 -0.029027
1.108447 -0.034034
1.116782 -0.037611
1.125116 -0.033796
1.133450 -0.034153
1.141784 -0.034213
1.150118 -0.038803
1.158453 -0.032842
1.166787 -0.039041
1.175121 -0.040293
1.183455 -0.039101
1.191789 -0.036240
1.200124 -0.033438
1.208458 -0.039220
1.216792 -0.038207
1.225126 -0.034153
1.233460 -0.036597
1.241795 -0.036597
1.250129 -0.033438
1.258463 -0.025511
1.266797 -0.037551
1.275131 -0.042975
1.283465 -0.038564
1.291800 -0.040531
1.300134 -0.040889
1.308468 -0.041127
1.316802 -0.042915
1.325136 -0.043511
1.333471 -0.039995
1.341805 -0.041306
1.350139 -0.034451
1.358473 -0.036240
1.366807 -0.037134
1.375142 -0.037551
1.383476 -0.038981
1.391810 -0.039637
1.400144 -0.041366
1.408478 -0.047743
1.416813 -0.047505
1.425147 -0.044882
1.433481 -0.037730
1.441815 -0.037909
1.450149 -0.041902
1.458484 -0.033855
1.466818 -0.042796
1.475152 -0.043273
1.483486 -0.039935
1.491820 -0.046849
1.500154 -0.037372
1.508489 -0.039637
1.516823 -0.045300
1.525157 -0.049233
1.533491 -0.046790
1.541825 -0.041544
1.550160 -0.043094
1.558494 -0.043571
1.566828 -0.044763
1.575162 -0.043809
1.583496 -0.044942
1.591831 -0.052452
1.600165 -0.050783
1.608499 -0.052273
1.616833 -0.049591
1.625167 -0.044584
1.633502 -0.041306
1.641836 -0.049472
1.650170 -0.041425
1.658504 -0.043094
1.666838 -0.048578
1.675172 -0.043511
1.683507 -0.044405
1.691841 -0.044763
1.700175 -0.045121
1.708509 -0.043094
1.716843 -0.041842
1.725178 -0.046611
1.733512 -0.044942
1.741846 -0.045598
1.750180 -0.049055
1.758514 -0.051260
1.766849 -0.046611
1.775183 -0.043929
1.783517 -0.042737
1.791851 -0.050306
1.800185 -0.051081
1.808520 -0.054181
1.816854 -0.045896
1.825188 -0.045955
1.833522 -0.044584
1.841856 -0.047982
1.850191 -0.052333
1.858525 -0.049770
1.866859 -0.055909
1.875193 -0.055075
1.883527 -0.050128
1.891861 -0.056088
1.900196 -0.049651
1.908530 -0.048459
1.916864 -0.045776
1.925198 -0.049651
1.933532 -0.044107
1.941867 -0.051379
1.950201 -0.049829
1.958535 -0.045538
1.966869 -0.058234
1.975203 -0.049055
1.983538 -0.050366
1.991872 -0.053167
2.000206 -0.050664
2.008540 -0.050366
2.016874 -0.051022
2.025209 -0.044763
2.033543 -0.051439
2.041877 -0.048757
2.050211 -0.053942
2.058545 -0.046849
2.066879 -0.044584
2.075214 -0.053525
2.083548 -0.050902
2.091882 -0.053644
2.100216 -0.048101
2.108550 -0.044167
2.116885 -0.043333
2.125219 -0.042260
2.133553 -0.041008
2.141887 -0.039816
2.150221 -0.045180
2.158556 -0.051141
2.166890 -0.054717
2.175224 -0.053346
2.183558 -0.061572
2.191892 -0.052452
2.200227 -0.054240
2.208561 -0.059903
2.216895 -0.056922
2.225229 -0.060201
2.233563 -0.058889
2.241898 -0.054419
2.250232 -0.053346
2.258566 -0.052512
2.266900 -0.053227
2.275234 -0.056744
2.283568 -0.053167
2.291903 -0.054598
2.300237 -0.054419
2.308571 -0.055790
2.316905 -0.061393
2.325239 -0.061035
2.333574 -0.063479
2.341908 -0.065088
2.350242 -0.062704
2.358576 -0.061512
2.366910 -0.061035
2.375245 -0.063658
2.383579 -0.060499
2.391913 -0.061393
2.400247 -0.061095
2.408581 -0.059426
2.416916 -0.063717
2.425250 -0.066519
2.433584 -0.064969
2.441918 -0.055909
2.450252 -0.053227
2.458586 -0.056446
2.466921 -0.060320
2.475255 -0.054002
2.483589 -0.060022
2.491923 -0.061274
2.500257 -0.064373
2.508592 -0.055611
2.516926 -0.052035
2.525260 -0.061095
2.533594 -0.066042
2.541928 -0.069082
2.550263 -0.068128
2.558597 -0.066042
2.566931 -0.066042
2.575265 -0.066280
2.583599 -0.069737
2.591934 -0.066936
2.600268 -0.067949
2.608602 -0.070155
2.616936 -0.064969
2.625270 -0.063598
2.633605 -0.063598
2.641939 -0.061750
2.650273 -0.068247
2.658607 -0.068843
2.666941 -0.075459
2.675275 -0.068843
2.683610 -0.066340
2.691944 -0.065088
2.700278 -0.065804
2.708612 -0.076413
2.716946 -0.069737
2.725281 -0.068128
2.733615 -0.066161
2.741949 -0.067055
2.750283 -0.067413
2.758617 -0.069618
2.766952 -0.077784
2.775286 -0.069857
2.783620 -0.068486
2.791954 -0.068247
2.800288 -0.067353
2.808623 -0.070333
2.816957 -0.069082
2.825291 -0.070572
2.833625 -0.078380
2.841959 -0.076413
2.850293 -0.069737
2.858628 -0.070035
2.866962 -0.066876
2.875296 -0.068426
2.883630 -0.065088
2.891964 -0.071824
2.900299 -0.067770
2.908633 -0.074804
2.916967 -0.071526
2.925301 -0.071943
2.933635 -0.065327
2.941970 -0.073016
2.950304 -0.069380
2.958638 -0.073850
2.966972 -0.073373
2.975306 -0.077665
2.983641 -0.078321
2.991975 -0.075638
3.000309 -0.075936
3.008643 -0.072539
3.016977 -0.078976
3.025312 -0.076413
3.033646 -0.085354
3.041980 -0.083387
3.050314 -0.081182
3.058648 -0.075638
3.066982 -0.078499
3.075317 -0.073195
3.083651 -0.077605
3.091985 -0.079989
3.100319 -0.079393
3.108653 -0.081778
3.116988 -0.085533
3.125322 -0.082135
3.133656 -0.089943
3.141990 -0.080287
3.150324 -0.086546
3.158659 -0.090837
3.166993 -0.087440
3.175327 -0.087559
3.183661 -0.076890
3.191995 -0.081599
3.200330 -0.084937
3.208664 -0.084698
3.216998 -0.082850
3.225332 -0.080884
3.233666 -0.083983
3.242000 -0.084281
3.250335 -0.084221
3.258669 -0.082374
3.267003 -0.086367
3.275337 -0.080943
3.283671 -0.082850
3.292006 -0.089526
3.300340 -0.085831
3.308674 -0.086427
3.317008 -0.081658
3.325342 -0.074625
3.333677 -0.077784
3.342011 -0.082910
3.350345 -0.083864
3.358679 -0.078976
3.367013 -0.079334
3.375348 -0.080407
3.383682 -0.081062
3.392016 -0.081956
3.400350 -0.077009
3.408684 -0.081241
3.417019 -0.083268
3.425353 -0.083268
3.433687 -0.086427
3.442021 -0.085711
3.450355 -0.089228
3.458689 -0.088155
3.467024 -0.086963
3.475358 -0.084758
3.483692 -0.080585
3.492026 -0.075519
3.500360 -0.080109
3.508695 -0.079393
3.517029 -0.090897
3.525363 -0.090837
3.533697 -0.095367
3.542031 -0.095129
3.550366 -0.083566
3.558700 -0.088036
3.567034 -0.085950
3.575368 -0.089109
3.583702 -0.090241
3.592037 -0.091314
3.600371 -0.096381
3.608705 -0.091195
3.617039 -0.092328
3.625373 -0.090599
3.633708 -0.089109
3.642042 -0.087261
3.650376 -0.088096
3.658710 -0.090420
3.667044 -0.090122
3.675378 -0.088096
3.683713 -0.092506
3.692047 -0.095665
3.700381 -0.098765
3.708715 -0.096440
3.717049 -0.091612
3.725384 -0.095606
3.733718 -0.095665
3.742052 -0.095725
3.750386 -0.088632
3.758720 -0.095367
3.767055 -0.094712
3.775389 -0.092804
3.783723 -0.091076
3.792057 -0.092506
3.800391 -0.089228
3.808726 -0.086367
3.817060 -0.089765
3.825394 -0.086546
3.833728 -0.087380
3.842062 -0.098646
3.850396 -0.087798
3.858731 -0.096679
3.867065 -0.097334
3.875399 -0.099897
3.883733 -0.097394
3.892067 -0.089467
3.900402 -0.090897
3.908736 -0.092030
3.917070 -0.091612
3.925404 -0.087261
3.933738 -0.088990
3.942073 -0.087738
3.950407 -0.093102
3.958741 -0.091672
3.967075 -0.093937
3.975409 -0.093818
3.983744 -0.093281
3.992078 -0.093579
4.000412 -0.089049
4.008746 -0.089347
4.017080 -0.094414
4.025415 -0.088751
4.033749 -0.088632
4.042083 -0.089347
4.050417 -0.089347
4.058751 -0.088513
4.067085 -0.092030
4.075420 -0.087142
4.083754 -0.088155
4.092088 -0.088513
4.100422 -0.084877
4.108756 -0.084460
4.117091 -0.087380
4.125425 -0.094771
4.133759 -0.093400
4.142093 -0.091314
4.150427 -0.095308
4.158762 -0.093281
4.167096 -0.093281
4.175430 -0.096917
4.183764 -0.095367
4.192098 -0.092506
4.200433 -0.091553
4.208767 -0.095844
4.217101 -0.099361
4.225435 -0.095487
4.233769 -0.092924
4.242103 -0.091434
4.250438 -0.103414
4.258772 -0.097275
4.267106 -0.089109
4.275440 -0.090301
4.283774 -0.092626
4.292109 -0.088990
4.300443 -0.089943
4.308777 -0.085533
4.317111 -0.085473
4.325445 -0.085175
4.333780 -0.083983
4.342114 -0.086188
4.350448 -0.087917
4.358782 -0.091434
4.367116 -0.091136
4.375451 -0.089228
4.383785 -0.084937
4.392119 -0.084698
4.400453 -0.082493
4.408787 -0.087261
4.417122 -0.087857
4.425456 -0.086963
4.433790 -0.092208
4.442124 -0.094593
4.450458 -0.091314
4.458792 -0.095725
4.467127 -0.095189
4.475461 -0.088155
4.483795 -0.087082
4.492129 -0.087917
4.500463 -0.088096
4.508798 -0.083268
4.517132 -0.094950
4.525466 -0.097156
4.533800 -0.091612
4.542134 -0.092387
4.550469 -0.089228
4.558803 -0.092924
4.567137 -0.091314
4.575471 -0.086546
4.583805 -0.092149
4.592140 -0.092626
4.600474 -0.095189
4.608808 -0.093639
4.617142 -0.093997
4.625476 -0.097394
4.633810 -0.090122
4.642145 -0.091672
4.650479 -0.094593
4.658813 -0.087261
4.667147 -0.090599
4.675481 -0.093400
4.683816 -0.094473
4.692150 -0.096440
4.700484 -0.089109
4.708818 -0.091136
4.717152 -0.089526
4.725487 -0.097692
4.733821 -0.100613
4.742155 -0.096202
4.750489 -0.087380
4.758823 -0.085711
4.767158 -0.091076
4.775492 -0.093281
4.783826 -0.096083
4.792160 -0.100255
4.800494 -0.095010
4.808829 -0.095487
4.817163 -0.099480
4.825497 -0.099182
4.833831 -0.096619
4.842165 -0.101686
4.850499 -0.096083
4.858834 -0.096381
4.867168 -0.094712
4.875502 -0.098169
4.883836 -0.098467
4.892170 -0.094593
4.900505 -0.090122
4.908839 -0.098467
4.917173 -0.102162
4.925507 -0.099778
4.933841 -0.098705
4.942176 -0.097811
4.950510 -0.092149
4.958844 -0.091553
4.967178 -0.095189
4.975512 -0.095189
4.983847 -0.089228
4.992181 -0.090480
5.000515 -0.085354
5.008849 -0.086069
5.017183 -0.089467
5.025517 -0.096679
5.033852 -0.098526
5.042186 -0.101566
5.050520 -0.096798
5.058854 -0.101566
5.067188 -0.096381
5.075523 -0.098526
5.083857 -0.093937
5.092191 -0.102162
5.100525 -0.095725
5.108859 -0.098407
5.117194 -0.095725
5.125528 -0.097573
5.133862 -0.096321
5.142196 -0.099957
5.150530 -0.102401
5.158865 -0.096321
5.167199 -0.105858
5.175533 -0.104129
5.183867 -0.106573
5.192201 -0.096202
5.200536 -0.098526
5.208870 -0.097573
5.217204 -0.101566
5.225538 -0.098765
5.233872 -0.099182
5.242206 -0.098050
5.250541 -0.094950
5.258875 -0.090659
5.267209 -0.101268
5.275543 -0.094593
5.283877 -0.094593
5.292212 -0.089943
5.300546 -0.090122
5.308880 -0.092328
5.317214 -0.087738
5.325548 -0.094950
5.333883 -0.099361
5.342217 -0.096619
5.350551 -0.090241
5.358885 -0.092030
5.367219 -0.097871
5.375554 -0.097334
5.383888 -0.101447
5.392222 -0.093400
5.400556 -0.101805
5.408890 -0.101447
5.417224 -0.102520
5.425559 -0.104368
5.433893 -0.107467
5.442227 -0.098407
5.450561 -0.096202
5.458895 -0.096381
5.467230 -0.098407
5.475564 -0.098169
5.483898 -0.093400
5.492232 -0.097334
5.500566 -0.102282
5.508901 -0.097990
5.517235 -0.094593
5.525569 -0.096440
5.533903 -0.093639
5.542237 -0.092387
5.550572 -0.093818
5.558906 -0.095189
5.567240 -0.098526
5.575574 -0.098050
5.583908 -0.096798
5.592243 -0.099182
5.600577 -0.098705
5.608911 -0.092149
5.617245 -0.092030
5.625579 -0.094771
5.633913 -0.093222
5.642248 -0.091791
5.650582 -0.097692
5.658916 -0.104010
5.667250 -0.099599
5.675584 -0.101864
5.683919 -0.102520
5.692253 -0.102758
5.700587 -0.103056
5.708921 -0.105143
5.717255 -0.096321
5.725590 -0.095427
5.733924 -0.106335
5.742258 -0.107527
5.750592 -0.102937
5.758926 -0.099480
5.767261 -0.104666
5.775595 -0.099599
5.783929 -0.097692
5.792263 -0.099778
5.800597 -0.099361
5.808931 -0.093281
5.817266 -0.093102
5.825600 -0.096083
5.833934 -0.099480
5.842268 -0.098467
5.850602 -0.106096
5.858937 -0.112772
5.867271 -0.106931
5.875605 -0.101686
5.883939 -0.107646
5.892273 -0.106573
5.900608 -0.102878
5.908942 -0.106931
5.917276 -0.107825
5.925610 -0.101447
5.933944 -0.101984
5.942279 -0.097692
5.950613 -0.103652
5.958947 -0.106096
5.967281 -0.105143
5.975615 -0.105917
5.983950 -0.101268
5.992284 -0.102401
6.000618 -0.101566
6.008952 -0.102401
6.017286 -0.099599
6.025620 -0.098526
6.033955 -0.098884
6.042289 -0.097573
6.050623 -0.097990
6.058957 -0.103533
6.067291 -0.100076
6.075626 -0.109732
6.083960 -0.111222
6.092294 -0.109255
6.100628 -0.109851
6.108962 -0.111341
6.117297 -0.103831
6.125631 -0.103176
6.133965 -0.107348
6.142299 -0.102341
6.150633 -0.099361
6.158968 -0.103295
6.167302 -0.104666
6.175636 -0.104368
6.183970 -0.104666
6.192304 -0.104547
6.200638 -0.101447
6.208973 -0.102997
6.217307 -0.103652
6.225641 -0.101149
6.233975 -0.107467
6.242309 -0.105381
6.250644 -0.105917
6.258978 -0.101089
6.267312 -0.108421
6.275646 -0.107527
6.283980 -0.107527
6.292315 -0.104129
6.300649 -0.105262
6.308983 -0.101686
6.317317 -0.100434
6.325651 -0.107646
6.333986 -0.102162
6.342320 -0.108659
6.350654 -0.101149
6.358988 -0.103652
6.367322 -0.104547
6.375657 -0.105619
6.383991 -0.106454
6.392325 -0.109851
6.400659 -0.109732
6.408993 -0.111401
6.417327 -0.102878
6.425662 -0.109613
6.433996 -0.107825
6.442330 -0.100195
6.450664 -0.107050
6.458998 -0.105441
6.467333 -0.106573
6.475667 -0.106037
6.484001 -0.104010
6.492335 -0.100434
6.500669 -0.101089
6.509004 -0.108123
6.517338 -0.104964
6.525672 -0.103474
6.534006 -0.107050
6.542340 -0.110328
6.550675 -0.114322
6.559009 -0.104368
6.567343 -0.109494
6.575677 -0.106454
6.584011 -0.099719
6.592345 -0.100076
6.600680 -0.108480
6.609014 -0.108421
6.617348 -0.109196
6.625682 -0.111818
6.634016 -0.105739
6.642351 -0.104666
6.650685 -0.108838
6.659019 -0.104249
6.667353 -0.099361
6.675687 -0.097692
6.684022 -0.101447
6.692356 -0.106037
6.700690 -0.111699
6.709024 -0.114679
6.717358 -0.109434
6.725693 -0.109851
6.734027 -0.105262
6.742361 -0.109017
6.750695 -0.110388
6.759029 -0.108004
6.767364 -0.109136
6.775698 -0.108659
6.784032 -0.108540
6.792366 -0.109375
6.800700 -0.109911
6.809034 -0.111938
6.817369 -0.108540
6.825703 -0.106454
6.834037 -0.107765
6.842371 -0.104666
6.850705 -0.110507
6.859040 -0.106931
6.867374 -0.098705
6.875708 -0.103652
6.884042 -0.103951
6.892376 -0.105321
6.900711 -0.101149
6.909045 -0.098407
6.917379 -0.105739
6.925713 -0.108898
6.934047 -0.107944
6.942382 -0.104845
6.950716 -0.098526
6.959050 -0.101447
6.967384 -0.106812
6.975718 -0.108540
6.984052 -0.109494
6.992387 -0.113010
7.000721 -0.108123
7.009055 -0.111043
7.017389 -0.112593
7.025723 -0.115573
7.034058 -0.109613
7.042392 -0.115156
7.050726 -0.111103
7.059060 -0.117958
7.067394 -0.113487
7.075729 -0.113010
7.084063 -0.117183
7.092397 -0.119567
7.100731 -0.116229
7.109065 -0.111997
7.117400 -0.109434
7.125734 -0.107467
7.134068 -0.109613
7.142402 -0.110388
7.150736 -0.107765
7.159071 -0.112891
7.167405 -0.111580
7.175739 -0.116765
7.184073 -0.113308
7.192407 -0.110805
7.200741 -0.112534
7.209076 -0.116408
7.217410 -0.121534
7.225744 -0.116289
7.234078 -0.111222
7.242412 -0.116587
7.250747 -0.120819
7.259081 -0.113487
7.267415 -0.115812
7.275749 -0.117958
7.284083 -0.115693
7.292418 -0.114501
7.300752 -0.121832
7.309086 -0.128448
7.317420 -0.120759
7.325754 -0.116289
7.334089 -0.111401
7.342423 -0.113904
7.350757 -0.121951
7.359091 -0.111997
7.367425 -0.116467
7.375759 -0.121534
7.384094 -0.117898
7.392428 -0.122190
7.400762 -0.120461
7.409096 -0.119090
7.417430 -0.110865
7.425765 -0.111043
7.434099 -0.107944
7.442433 -0.111818
7.450767 -0.107348
7.459101 -0.107288
7.467436 -0.112176
7.475770 -0.113130
7.484104 -0.112534
7.492438 -0.113964
7.500772 -0.114977
7.509107 -0.115812
7.517441 -0.115395
7.525775 -0.112593
7.534109 -0.118554
7.542443 -0.115573
7.550778 -0.112593
7.559112 -0.112534
7.567446 -0.113666
7.575780 -0.112414
7.584114 -0.113785
7.592448 -0.118792
7.600783 -0.117540
7.609117 -0.113666
7.617451 -0.116765
7.625785 -0.112236
7.634119 -0.110030
7.642454 -0.117362
7.650788 -0.115335
7.659122 -0.121534
7.667456 -0.123560
7.675790 -0.124574
7.684125 -0.117183
7.692459 -0.115812
7.700793 -0.117183
7.709127 -0.113666
7.717461 -0.117064
7.725796 -0.115812
7.734130 -0.125468
7.742464 -0.116587
7.750798 -0.119984
7.759132 -0.118196
7.767466 -0.128388
7.775801 -0.116110
7.784135 -0.117183
7.792469 -0.122190
7.800803 -0.120997
7.809137 -0.120759
7.817472 -0.121593
7.825806 -0.123560
7.834140 -0.117779
7.842474 -0.121355
7.850808 -0.119150
7.859143 -0.119150
7.867477 -0.118196
7.875811 -0.116825
7.884145 -0.115752
7.892479 -0.115514
7.900814 -0.115812
7.909148 -0.113964
7.917482 -0.113189
7.925816 -0.118673
7.934150 -0.124753
7.942485 -0.117183
7.950819 -0.115514
7.959153 -0.112772
7.967487 -0.113666
7.975821 -0.111043
7.984155 -0.117302
7.992490 -0.117064
8.000824 -0.117898
8.009158 -0.120461
8.017492 -0.117660
8.025826 -0.121772
8.034161 -0.120342
8.042495 -0.118375
8.050829 -0.119567
8.059163 -0.115335
8.067497 -0.121951
8.075832 -0.117779
8.084166 -0.114024
8.092500 -0.111103
8.100834 -0.116825
8.109168 -0.123024
8.117503 -0.120640
8.125837 -0.120878
8.134171 -0.119030
8.142505 -0.121355
8.150839 -0.111580
8.159173 -0.113189
8.167508 -0.119090
8.175842 -0.118554
8.184176 -0.116229
8.192510 -0.121057
8.200844 -0.116587
8.209179 -0.113785
8.217513 -0.119984
8.225847 -0.113130
8.234181 -0.116050
8.242515 -0.115514
8.250850 -0.118911
8.259184 -0.115395
8.267518 -0.119627
8.275852 -0.116408
8.284186 -0.117660
8.292521 -0.113666
8.300855 -0.111103
8.309189 -0.120163
8.317523 -0.120640
8.325857 -0.119567
8.334192 -0.114679
8.342526 -0.103295
8.350860 -0.115573
8.359194 -0.116706
8.367528 -0.118792
8.375862 -0.121772
8.384197 -0.121772
8.392531 -0.114679
8.400865 -0.110388
8.409199 -0.112712
8.417533 -0.115693
8.425868 -0.115395
8.434202 -0.121593
8.442536 -0.113785
8.450870 -0.115335
8.459204 -0.114918
8.467539 -0.116706
8.475873 -0.120878
8.484207 -0.119984
8.492541 -0.120819
8.500875 -0.116050
8.509210 -0.115216
8.517544 -0.119448
8.525878 -0.121951
8.534212 -0.119448
8.542546 -0.123918
8.550880 -0.116587
8.559215 -0.122070
8.567549 -0.121176
8.575883 -0.118077
8.584217 -0.117779
8.592551 -0.117540
8.600886 -0.119746
8.609220 -0.127316
8.617554 -0.122786
8.625888 -0.119984
8.634222 -0.121832
8.642557 -0.122964
8.650891 -0.131965
8.659225 -0.122070
8.667559 -0.119030
8.675893 -0.122547
8.684228 -0.124037
8.692562 -0.115335
8.700896 -0.119269
8.709230 -0.120282
8.717564 -0.123262
8.725899 -0.121057
8.734233 -0.127435
8.742567 -0.120461
8.750901 -0.119984
8.759235 -0.118554
8.767569 -0.122368
8.775904 -0.126481
8.784238 -0.114679
8.792572 -0.112891
8.800906 -0.112891
8.809240 -0.117660
8.817575 -0.120580
8.825909 -0.122249
8.834243 -0.120580
8.842577 -0.124156
8.850911 -0.121236
8.859246 -0.122368
8.867580 -0.121832
8.875914 -0.117898
8.884248 -0.118554
8.892582 -0.111699
8.900917 -0.112891
8.909251 -0.120461
8.917585 -0.116587
8.925919 -0.118911
8.934253 -0.119090
8.942587 -0.126123
8.950922 -0.119448
8.959256 -0.124931
8.967590 -0.124156
8.975924 -0.125527
8.984258 -0.123918
8.992593 -0.118792
9.000927 -0.118077
9.009261 -0.117302
9.017595 -0.114977
9.025929 -0.105739
9.034264 -0.108004
9.042598 -0.115514
9.050932 -0.112593
9.059266 -0.119627
9.067600 -0.119627
9.075935 -0.118554
9.084269 -0.119567
9.092603 -0.123024
9.100937 -0.118077
9.109271 -0.117183
9.117606 -0.117183
9.125940 -0.112593
9.134274 -0.115573
9.142608 -0.118256
9.150942 -0.117958
9.159276 -0.110984
9.167611 -0.108540
9.175945 -0.110090
9.184279 -0.104725
9.192613 -0.107825
9.200947 -0.116587
9.209282 -0.112414
9.217616 -0.107944
9.225950 -0.106096
9.234284 -0.104368
9.242618 -0.107110
9.250953 -0.104189
9.259287 -0.099063
9.267621 -0.101864
9.275955 -0.098646
9.284289 -0.088632
9.292624 -0.089049
9.300958 -0.095010
9.309292 -0.088871
9.317626 -0.087142
9.325960 -0.086188
9.334294 -0.089347
9.342629 -0.084102
9.350963 -0.080049
9.359297 -0.080228
9.367631 -0.073612
9.375965 -0.071645
9.384300 -0.066876
9.392634 -0.066459
9.400968 -0.069737
9.409302 -0.058830
9.417636 -0.062406
9.425971 -0.065684
9.434305 -0.053167
9.442639 -0.050426
9.450973 -0.040650
9.459307 -0.038564
9.467642 -0.031412
9.475976 -0.026226
9.484310 -0.021994
9.492644 -0.015020
9.500978 -0.011206
9.509313 -0.006020
9.517647 0.001669
9.525981 0.014901
9.534315 0.027001
9.542649 0.028551
9.550983 0.040770
9.559318 0.051439
9.567652 0.059545
9.575986 0.073195
9.584320 0.075877
9.592654 0.087142
9.600989 0.098169
9.609323 0.106931
9.617657 0.122428
9.625991 0.138938
9.634325 0.164986
9.642660 0.177264
9.650994 0.202000
9.659328 0.210643
9.667662 0.218689
9.675996 0.226557
9.684331 0.255764
9.692665 0.269055
9.700999 0.293016
9.709333 0.318468
9.717667 0.355065
9.726001 0.380933
9.734336 0.408351
9.742670 0.426292
9.751004 0.448287
9.759338 0.468671
9.767672 0.493050
9.776007 0.531375
9.784341 0.567615
9.792675 0.609815
9.801009 0.652671
9.809343 0.703216
9.817678 0.738025
9.826012 0.771224
9.834346 0.792563
9.842680 0.817478
9.851014 0.858843
9.859349 0.903249
9.867683 0.957310
9.876017 1.008987
9.884351 1.082182
9.892685 1.143157
9.901020 1.196861
9.909354 1.235366
9.917688 1.266658
9.926022 1.301944
9.934356 1.339495
9.942690 1.407444
9.951025 1.479149
9.959359 1.544714
9.967693 1.615822
9.976027 1.705766
9.984361 1.795828
9.992696 1.837611
10.001030 1.873732
10.009364 1.910925
10.017698 1.972139
10.026032 2.043068
10.034367 2.125978
10.042701 2.210677
10.051035 2.319396
10.059369 2.404809
10.067703 2.483189
10.076038 2.539873
10.084372 2.588332
10.092706 2.628505
10.101040 2.685368
10.109374 2.775192
10.117709 2.884030
10.126043 2.972424
10.134377 3.083766
10.142711 3.184140
10.151045 3.280699
10.159379 3.338993
10.167714 3.377736
10.176048 3.422499
10.184382 3.502905
10.192716 3.601670
10.201050 3.700078
10.209385 3.798664
10.217719 3.913403
10.226053 4.018426
10.234387 4.104912
10.242721 4.165530
10.251056 4.224777
10.259390 4.269779
10.267724 4.339874
10.276058 4.430234
10.284392 4.541934
10.292727 4.644632
10.301061 4.753411
10.309395 4.852891
10.317729 4.951298
10.326063 5.022049
10.334397 5.066872
10.342732 5.113959
10.351066 5.192101
10.359400 5.278766
10.367734 5.378664
10.376068 5.485952
10.384403 5.596519
10.392737 5.700231
10.401071 5.788922
10.409405 5.858123
10.417739 5.913854
10.426074 5.968988
10.434408 6.026208
10.442742 6.115854
10.451076 6.232738
10.459410 6.329298
10.467745 6.432414
10.476079 6.539047
10.484413 6.646693
10.492747 6.718338
10.501081 6.783247
10.509416 6.836057
10.517750 6.922603
10.526084 7.012308
10.534418 7.118702
10.542752 7.228374
10.551086 7.352591
10.559421 7.461131
10.567755 7.576942
10.576089 7.668972
10.584423 7.759631
10.592757 7.844985
10.601092 7.952213
10.609426 8.062780
10.617760 8.223713
10.626094 8.372843
10.634428 8.526325
10.642763 8.707941
10.651097 8.905053
10.659431 9.059429
10.667765 9.199739
10.676099 9.342790
10.684434 9.537756
10.692768 9.724676
10.701102 9.937167
10.709436 10.158896
10.717770 10.447920
10.726104 10.718346
10.734439 10.979772
10.742773 11.211753
10.751107 11.461676
10.759441 11.670828
10.767775 11.888266
10.776110 12.134671
10.784444 12.443900
10.792778 12.726963
10.801112 13.013422
10.809446 13.333678
10.817781 13.683975
10.826115 13.951958
10.834449 14.203489
10.842783 14.435887
10.851117 14.710188
10.859452 14.960348
10.867786 15.221060
10.876120 15.493751
10.884454 15.823662
10.892788 16.126692
10.901123 16.410887
10.909457 16.669392
10.917791 16.933500
10.926125 17.143070
10.934459 17.349125
10.942793 17.556011
10.951128 17.823040
10.959462 18.051147
10.967796 18.280624
10.976130 18.537998
10.984464 18.811882
10.992799 19.009769
11.001133 19.190132
11.009467 19.350290
11.017801 19.542276
11.026135 19.695341
11.034470 19.852459
11.042804 20.018816
11.051138 20.209253
11.059472 20.391523
11.067806 20.540058
11.076141 20.680428
11.084475 20.817757
11.092809 20.926416
11.101143 21.022022
11.109477 21.113991
11.117811 21.212696
11.126146 21.306515
11.134480 21.399200
11.142814 21.486164
11.151148 21.579147
11.159482 21.641552
11.167817 21.688820
11.176151 21.735966
11.184485 21.773518
11.192819 21.795570
11.201153 21.817089
11.209488 21.830797
11.217822 21.853806
11.226156 21.872461
11.234490 21.873056
11.242824 21.863997
11.251159 21.842241
11.259493 21.835209
11.267827 21.814526
11.276161 21.780491
11.284495 21.731197
11.292830 21.688461
11.301164 21.636604
11.309498 21.586716
11.317832 21.509827
11.326166 21.443903
11.334500 21.376251
11.342835 21.314859
11.351169 21.243095
11.359503 21.170378
11.367837 21.084309
11.376171 20.993650
11.384506 20.888388
11.392840 20.787001
11.401174 20.657898
11.409508 20.540596
11.417842 20.425558
11.426177 20.328701
11.434511 20.236492
11.442845 20.139992
11.451179 20.001471
11.459513 19.876480
11.467848 19.750416
11.476182 19.610226
11.484516 19.442200
11.492850 19.307196
11.501184 19.180775
11.509518 19.063293
11.517853 18.937349
11.526187 18.826008
11.534521 18.682659
11.542855 18.545448
11.551189 18.382788
11.559524 18.234312
11.567858 18.076838
11.576192 17.922760
11.584526 17.765701
11.592860 17.646194
11.601195 17.535091
11.609529 17.416656
11.617863 17.253935
11.626197 17.111183
11.634531 16.961693
11.642866 16.804754
11.651200 16.617537
11.659534 16.466797
11.667868 16.332329
11.676202 16.211569
11.684537 16.077042
11.692871 15.960813
11.701205 15.827953
11.709539 15.685320
11.717873 15.516639
11.726207 15.369118
11.734542 15.211821
11.742876 15.058815
11.751210 14.906942
11.759544 14.798164
11.767878 14.695465
11.776213 14.593542
11.784547 14.446497
11.792881 14.318287
11.801215 14.185131
11.809549 14.054478
11.817884 13.883233
11.826218 13.748765
11.834552 13.633072
11.842886 13.525784
11.851220 13.418913
11.859555 13.327003
11.867889 13.217747
11.876223 13.111949
11.884557 12.976766
11.892891 12.860239
11.901225 12.736440
11.909560 12.619436
11.917894 12.499452
11.926228 12.417614
11.934562 12.346447
11.942896 12.268364
11.951231 12.159467
11.959565 12.076080
11.967899 11.987090
11.976233 11.886001
11.984567 11.776805
11.992902 11.682213
12.001236 11.607468
12.009570 11.535883
12.017904 11.469960
12.026238 11.419117
12.034573 11.353672
12.042907 11.276484
12.051241 11.192322
12.059575 11.127591
12.067909 11.046648
12.076244 10.988056
12.084578 10.920227
12.092912 10.869861
12.101246 10.830223
12.109580 10.787964
12.117914 10.731400
12.126249 10.679841
12.134583 10.625303
12.142917 10.570765
12.151251 10.504187
12.159585 10.457098
12.167920 10.415554
12.176254 10.382832
12.184588 10.357618
12.192922 10.320187
12.201256 10.287404
12.209591 10.246158
12.217925 10.205388
12.226259 10.158718
12.234593 10.107220
12.242927 10.069251
12.251262 10.033310
12.259596 10.005653
12.267930 9.982050
12.276264 9.963095
12.284598 9.929955
12.292932 9.898543
12.301267 9.867072
12.309601 9.827018
12.317935 9.777427
12.326269 9.739041
12.334603 9.708702
12.342938 9.687365
12.351272 9.662926
12.359606 9.644747
12.367940 9.615541
12.376274 9.580731
12.384609 9.540558
12.392943 9.496748
12.401277 9.453356
12.409611 9.410679
12.417945 9.365201
12.426280 9.345889
12.434614 9.323359
12.442948 9.298981
12.451282 9.260058
12.459616 9.220898
12.467951 9.188593
12.476285 9.153962
12.484619 9.096146
12.492953 9.041667
12.501287 9.008408
12.509621 8.978188
12.517956 8.948505
12.526290 8.916080
12.534624 8.887887
12.542958 8.847893
12.551292 8.795738
12.559627 8.753717
12.567961 8.707106
12.576295 8.656204
12.584629 8.611441
12.592963 8.574724
12.601298 8.540988
12.609632 8.509100
12.617966 8.466541
12.626300 8.423746
12.634634 8.384764
12.642969 8.337379
12.651303 8.281649
12.659637 8.225560
12.667971 8.179367
12.676305 8.141756
12.684639 8.101583
12.692974 8.071720
12.701308 8.034587
12.709642 7.993698
12.717976 7.940948
12.726310 7.891297
12.734645 7.838488
12.742979 7.794380
12.751313 7.735968
12.759647 7.697999
12.767981 7.660210
12.776316 7.617652
12.784650 7.583499
12.792984 7.532060
12.801318 7.494748
12.809652 7.446408
12.817987 7.385790
12.826321 7.334054
12.834655 7.285714
12.842989 7.246315
12.851323 7.201254
12.859658 7.180810
12.867992 7.141709
12.876326 7.104456
12.884660 7.048368
12.892994 7.004559
12.901328 6.953537
12.909663 6.903708
12.917997 6.850898
12.926331 6.811202
12.934665 6.774068
12.942999 6.739259
12.951334 6.701171
12.959668 6.667793
12.968002 6.616890
12.976336 6.575406
12.984670 6.517768
12.993005 6.472647
13.001339 6.430268
13.009673 6.390870
13.018007 6.352961
13.026341 6.321371
13.034676 6.288946
13.043010 6.253362
13.051344 6.206632
13.059678 6.168664
13.068012 6.121933
13.076346 6.072462
13.084681 6.018102
13.093015 5.985141
13.101349 5.950570
13.109683 5.918264
13.118017 5.889833
13.126352 5.851448
13.134686 5.815208
13.143020 5.774498
13.151354 5.735993
13.159688 5.692899
13.168023 5.648434
13.176357 5.616009
13.184691 5.572081
13.193025 5.548179
13.201359 5.522013
13.209694 5.485594
13.218028 5.448043
13.226362 5.412996
13.234696 5.373895
13.243030 5.332232
13.251365 5.287051
13.259699 5.256474
13.268033 5.228102
13.276367 5.198658
13.284701 5.171478
13.293035 5.138457
13.301370 5.107284
13.309704 5.072951
13.318038 5.038321
13.326372 4.998028
13.334706 4.957974
13.343041 4.929721
13.351375 4.903138
13.359709 4.883528
13.368043 4.855573
13.376377 4.834116
13.384712 4.792273
13.393046 4.761159
13.401380 4.729450
13.409714 4.701018
13.418048 4.665077
13.426383 4.630864
13.434717 4.613042
13.443051 4.592299
13.451385 4.567087
13.459719 4.545987
13.468053 4.516900
13.476388 4.499614
13.484722 4.467189
13.493056 4.429162
13.501390 4.395008
13.509724 4.366994
13.518059 4.344761
13.526393 4.321277
13.534727 4.309118
13.543061 4.282534
13.551395 4.253685
13.559730 4.227698
13.568064 4.207194
13.576398 4.177094
13.584732 4.149139
13.593066 4.123509
13.601401 4.099071
13.609735 4.082680
13.618069 4.062295
13.626403 4.043102
13.634737 4.019499
13.643072 3.994644
13.651406 3.971577
13.659740 3.939152
13.668074 3.908932
13.676408 3.886521
13.684742 3.865957
13.693077 3.849924
13.701411 3.839076
13.709745 3.812194
13.718079 3.790975
13.726413 3.772795
13.734748 3.752530
13.743082 3.729105
13.751416 3.699064
13.759750 3.672540
13.768084 3.653765
13.776419 3.641188
13.784753 3.628671
13.793087 3.614128
13.801421 3.596783
13.809755 3.577769
13.818090 3.554523
13.826424 3.527284
13.834758 3.502011
13.843092 3.485858
13.851426 3.474951
13.859760 3.452003
13.868095 3.440678
13.876429 3.426909
13.884763 3.405690
13.893097 3.384113
13.901431 3.368735
13.909766 3.346860
13.918100 3.328145
13.926434 3.302932
13.934768 3.284693
13.943102 3.271997
13.951437 3.258348
13.959771 3.248334
13.968105 3.224969
13.976439 3.215909
13.984773 3.193676
13.993108 3.175735
14.001442 3.155470
14.009776 3.146112
14.018110 3.125846
14.026444 3.119051
14.034779 3.103852
14.043113 3.096581
14.051447 3.082931
14.059781 3.073037
14.068115 3.057599
14.076449 3.041327
14.084784 3.015518
14.093118 3.005445
14.101452 3.000081
14.109786 2.982736
14.118120 2.974093
14.126455 2.959371
14.134789 2.955258
14.143123 2.942383
14.151457 2.928495
14.159791 2.917647
14.168126 2.909362
14.176460 2.897561
14.184794 2.890110
14.193128 2.885818
14.201462 2.878249
14.209797 2.868235
14.218131 2.861559
14.226465 2.851844
14.234799 2.840221
14.243133 2.832115
14.251467 2.812862
14.259802 2.815425
14.268136 2.809703
14.276470 2.807379
14.284804 2.807379
14.293138 2.808750
14.301473 2.803743
14.309807 2.799928
14.318141 2.795279
14.326475 2.799630
14.334809 2.785146
14.343144 2.791464
14.351478 2.793849
14.359812 2.788901
14.368146 2.796531
14.376480 2.803743
14.384815 2.810061
14.393149 2.812147
14.401483 2.808094
14.409817 2.815604
14.418151 2.830565
14.426486 2.836764
14.434820 2.849758
14.443154 2.860427
14.451488 2.862930
14.459822 2.873361
14.468156 2.885759
14.476491 2.896070
14.484825 2.918959
14.493159 2.936482
14.501493 2.946317
14.509827 2.973855
14.518162 2.992034
14.526496 3.010452
14.534830 3.038287
14.543164 3.052950
14.551498 3.077984
14.559833 3.103554
14.568167 3.128290
14.576501 3.163457
14.584835 3.204525
14.593169 3.243029
14.601504 3.272712
14.609838 3.309548
14.618172 3.351331
14.626506 3.394663
14.634840 3.435552
14.643174 3.482103
14.651509 3.538191
14.659843 3.595352
14.668177 3.652096
14.676511 3.718853
14.684845 3.791928
14.693180 3.855705
14.701514 3.921092
14.709848 3.984094
14.718182 4.060030
14.726516 4.130006
14.734851 4.206777
14.743185 4.296839
14.751519 4.419923
14.759853 4.527688
14.768187 4.627824
14.776522 4.729986
14.784856 4.836559
14.793190 4.926324
14.801524 5.033433
14.809858 5.145609
14.818193 5.282521
14.826527 5.421579
14.834861 5.581379
14.843195 5.754411
14.851529 5.932689
14.859863 6.079793
14.868198 6.215930
14.876532 6.357133
14.884866 6.536186
14.893200 6.710231
14.901534 6.885350
14.909869 7.086039
14.918203 7.358432
14.926537 7.596672
14.934871 7.826388
14.943205 8.048355
14.951540 8.279980
14.959874 8.477985
14.968208 8.693933
14.976542 8.935690
14.984876 9.241760
14.993211 9.519518
15.001545 9.846270
15.009879 10.184824
15.018213 10.561705
15.026547 10.854065
15.034881 11.140108
15.043216 11.411548
15.051550 11.753380
15.059884 12.086749
15.068218 12.442768
15.076552 12.813449
15.084887 13.314843
15.093221 13.766825
15.101555 14.196754
15.109889 14.598190
15.118223 15.032411
15.126558 15.392960
15.134892 15.778601
15.143226 16.207577
15.151560 16.738653
15.159894 17.230093
15.168229 17.780125
15.176563 18.358767
15.184897 18.999994
15.193231 19.513369
15.201565 19.986094
15.209900 20.442724
15.218234 21.008492
15.226568 21.545589
15.234902 22.110224
15.243236 22.708178
15.251570 23.496092
15.259905 24.218500
15.268239 24.902523
15.276573 25.522114
15.284907 26.199877
15.293241 26.733339
15.301576 27.323544
15.309910 27.952135
15.318244 28.746069
15.326578 29.460609
15.334912 30.247747
15.343247 31.098186
15.351581 32.043457
15.359915 32.776596
15.368249 33.451439
15.376583 34.081577
15.384918 34.868717
15.393252 35.591362
15.401586 36.371918
15.409920 37.179768
15.418254 38.224758
15.426588 39.187042
15.434923 40.110825
15.443257 40.953964
15.451591 41.829556
15.459925 42.536766
15.468259 43.279560
15.476594 44.077366
15.484928 45.081554
15.493262 45.982986
15.501596 46.953857
15.509930 48.023941
15.518265 49.200596
15.526599 50.108521
15.534933 50.931393
15.543267 51.688702
15.551601 52.614124
15.559936 53.471447
15.568270 54.387062
15.576604 55.342854
15.584938 56.535839
15.593272 57.660641
15.601607 58.736412
15.609941 59.700012
15.618275 60.711143
15.626609 61.497688
15.634943 62.306793
15.643277 63.187061
15.651612 64.283607
15.659946 65.275368
15.668280 66.321312
15.676614 67.465576
15.684948 68.753006
15.693283 69.735794
15.701617 70.614639
15.709951 71.410866
15.718285 72.361740
15.726619 73.243263
15.734954 74.170860
15.743288 75.145874
15.751622 76.356468
15.759956 77.503471
15.768290 78.604042
15.776625 79.582809
15.784959 80.596176
15.793293 81.368599
15.801627 82.158241
15.809961 82.995979
15.818295 84.049286
15.826630 84.998520
15.834964 85.985062
15.843298 87.088020
15.851632 88.311760
15.859966 89.257660
15.868301 90.084496
15.876635 90.830414
15.884969 91.689590
15.893303 92.478905
15.901637 93.326691
15.909972 94.212982
15.918306 95.297905
15.926640 96.330406
15.934974 97.325623
15.943308 98.200829
15.951643 99.104286
15.959977 99.776802
15.968311 100.454834
15.976645 101.160767
15.984979 102.065506
15.993314 102.873055
16.001648 103.714462
16.009982 104.642479
16.018316 105.702339
16.026650 106.494843
16.034984 107.177498
16.043319 107.798576
16.051653 108.490021
16.059987 109.128235
16.068321 109.804871
16.076655 110.518127
16.084990 111.375359
16.093324 112.198143
16.101658 112.988564
16.109992 113.682899
16.118326 114.386765
16.126661 114.919838
16.134995 115.431221
16.143329 115.967270
16.151663 116.646439
16.159997 117.259354
16.168332 117.882492
16.176666 118.572266
16.185000 119.362442
16.193334 119.947433
16.201668 120.437714
16.210002 120.874794
16.218337 121.366798
16.226671 121.811119
16.235005 122.287003
16.243339 122.777344
16.251673 123.378517
16.260008 123.937157
16.268342 124.491425
16.276676 124.976547
16.285010 125.433952
16.293344 125.772148
16.301679 126.101974
16.310013 126.436707
16.318347 126.859840
16.326681 127.243965
16.335015 127.646599
16.343350 128.078339
16.351684 128.574432
16.360018 128.932602
16.368352 129.226471
16.376686 129.475677
16.385021 129.754395
16.393355 129.997635
16.401689 130.257492
16.410023 130.529465
16.418357 130.855255
16.426691 131.160950
16.435026 131.471313
16.443360 131.728195
16.451694 131.948441
16.460028 132.097122
16.468362 132.249802
16.476697 132.397949
16.485031 132.580109
16.493365 132.755249
16.501699 132.931946
16.510033 133.113800
16.518368 133.329636
16.526702 133.470596
16.535036 133.566437
16.543370 133.639313
16.551704 133.704758
16.560039 133.776123
16.568373 133.843124
16.576707 133.916916
16.585041 134.004807
16.593375 134.082413
16.601709 134.159836
16.610044 134.201889
16.618378 134.211807
16.626712 134.201431
16.635046 134.189255
16.643380 134.179596
16.651715 134.166687
16.660049 134.150299
16.668383 134.142517
16.676717 134.117508
16.685051 134.088272
16.693386 134.036087
16.701720 133.961380
16.710054 133.873337
16.718388 133.791351
16.726722 133.710510
16.735057 133.617554
16.743391 133.527664
16.751725 133.418472
16.760059 133.314728
16.768393 133.194778
16.776728 133.071899
16.785062 132.896729
16.793396 132.745239
16.801730 132.607376
16.810064 132.467621
16.818398 132.301239
16.826733 132.142395
16.835067 131.979080
16.843401 131.804321
16.851735 131.585068
16.860069 131.383423
16.868404 131.174652
16.876738 130.976562
16.885072 130.761597
16.893406 130.577896
16.901740 130.371445
16.910075 130.150284
16.918409 129.891312
16.926743 129.663147
16.935077 129.409012
16.943411 129.147858
16.951746 128.840149
16.960080 128.587936
16.968414 128.367813
16.976748 128.143814
16.985082 127.855537
16.993417 127.595337
17.001751 127.323090
17.010085 127.048729
17.018419 126.682404
17.026753 126.373795
17.035087 126.074104
17.043422 125.786751
17.051756 125.477287
17.060090 125.220802
17.068424 124.941917
17.076758 124.649078
17.085093 124.300156
17.093427 123.984962
17.101761 123.620331
17.110095 123.270988
17.118429 122.876076
17.126764 122.561607
17.135098 122.270164
17.143432 122.003525
17.151766 121.650963
17.160100 121.333572
17.168435 121.001541
17.176769 120.663582
17.185103 120.216461
17.193437 119.825157
17.201771 119.468330
17.210105 119.126587
17.218440 118.776855
17.226774 118.488731
17.235108 118.163109
17.243442 117.829414
17.251776 117.418167
17.260111 117.063370
17.268445 116.652008
17.276779 116.247864
17.285113 115.803482
17.293447 115.452110
17.301782 115.136803
17.310116 114.832397
17.318450 114.448517
17.326784 114.107964
17.335118 113.740120
17.343453 113.366455
17.351787 112.879845
17.360121 112.449020
17.368455 112.056282
17.376789 111.697586
17.385124 111.313492
17.393458 111.010941
17.401792 110.679207
17.410126 110.325066
17.418460 109.895973
17.426794 109.512268
17.435129 109.086334
17.443463 108.653160
17.451797 108.189255
17.460131 107.818542
17.468465 107.487144
17.476800 107.181190
17.485134 106.793465
17.493468 106.431129
17.501802 106.054779
17.510136 105.670898
17.518471 105.177849
17.526805 104.739342
17.535139 104.331406
17.543473 103.968025
17.551807 103.579941
17.560142 103.262810
17.568476 102.937042
17.576810 102.583023
17.585144 102.144836
17.593478 101.761848
17.601812 101.338028
17.610147 100.900024
17.618481 100.425568
17.626815 100.056114
17.635149 99.725304
17.643483 99.422577
17.651818 99.039467
17.660152 98.695663
17.668486 98.330673
17.676820 97.948311
17.685154 97.457413
17.693489 97.022835
17.701823 96.617668
17.710157 96.256287
17.718491 95.867874
17.726825 95.562431
17.735160 95.242111
17.743494 94.901619
17.751828 94.477295
17.760162 94.095139
17.768496 93.687119
17.776831 93.250961
17.785165 92.775436
17.793499 92.415985
17.801833 92.085663
17.810167 91.794342
17.818501 91.431709
17.826836 91.091331
17.835170 90.733856
17.843504 90.361389
17.851838 89.899689
17.860172 89.472023
17.868507 89.070114
17.876841 88.715134
17.885175 88.341209
17.893509 88.044373
17.901843 87.742004
17.910178 87.422371
17.918512 87.010559
17.926846 86.650345
17.935180 86.256859
17.943514 85.841713
17.951849 85.375038
17.960183 85.022301
17.968517 84.705826
17.976851 84.419785
17.985185 84.068092
17.993519 83.755966
18.001854 83.416672
18.010188 83.064049
18.018522 82.623306
18.026856 82.206009
18.035190 81.811188
18.043525 81.464470
18.051859 81.104668
18.060193 80.829620
18.068527 80.542389
18.076861 80.239799
18.085196 79.851448
18.093530 79.500107
18.101864 79.133392
18.110198 78.727600
18.118532 78.284386
18.126867 77.943054
18.135201 77.640770
18.143535 77.370674
18.151869 77.049286
18.160203 76.748344
18.168538 76.422600
18.176872 76.086578
18.185206 75.674026
18.193540 75.283470
18.201874 74.905006
18.210208 74.571404
18.218543 74.223396
18.226877 73.955032
18.235211 73.690025
18.243545 73.408066
18.251879 73.049484
18.260214 72.723480
18.268548 72.384239
18.276882 72.009209
18.285216 71.571083
18.293550 71.240395
18.301885 70.949165
18.310219 70.686905
18.318553 70.387665
18.326887 70.108620
18.335221 69.808395
18.343556 69.489120
18.351890 69.101242
18.360224 68.729340
18.368558 68.370850
18.376892 68.046272
18.385226 67.727478
18.393561 67.473022
18.401895 67.219856
18.410229 66.958786
18.418563 66.624672
18.426897 66.322563
18.435232 66.004753
18.443566 65.651093
18.451900 65.236183
18.460234 64.924118
18.468568 64.658463
18.476903 64.411255
18.485237 64.134659
18.493571 63.871025
18.501905 63.600151
18.510239 63.311966
18.518574 62.959461
18.526908 62.618286
18.535242 62.278927
18.543576 61.970772
18.551910 61.656265
18.560245 61.422558
18.568579 61.195164
18.576913 60.958504
18.585247 60.648502
18.593581 60.372532
18.601915 60.078682
18.610250 59.751152
18.618584 59.370487
18.626918 59.080750
18.635252 58.823555
18.643586 58.592709
18.651921 58.335693
18.660255 58.097450
18.668589 57.850273
18.676923 57.584824
18.685257 57.259201
18.693592 56.947498
18.701926 56.635944
18.710260 56.349693
18.718594 56.059093
18.726928 55.838287
18.735263 55.632084
18.743597 55.410950
18.751931 55.129768
18.760265 54.877132
18.768599 54.615498
18.776933 54.326237
18.785268 53.971409
18.793602 53.697674
18.801936 53.461731
18.810270 53.243011
18.818604 53.014099
18.826939 52.800297
18.835273 52.576958
18.843607 52.332760
18.851941 52.043228
18.860275 51.760792
18.868610 51.463188
18.876944 51.199524
18.885278 50.934525
18.893612 50.732941
18.901946 50.538124
18.910281 50.349682
18.918615 50.110371
18.926949 49.881458
18.935283 49.632519
18.943617 49.371838
18.951952 49.045712
18.960286 48.789799
18.968620 48.570454
18.976954 48.387615
18.985288 48.175930
18.993622 47.979591
19.001957 47.778278
19.010291 47.561615
19.018625 47.292412
19.026959 47.048538
19.035293 46.787472
19.043628 46.537430
19.051962 46.288311
19.060296 46.103836
19.068630 45.938759
19.076964 45.761318
19.085299 45.539589
19.093633 45.329659
19.101967 45.117615
19.110301 44.883072
19.118635 44.585140
19.126970 44.354229
19.135304 44.149757
19.143638 43.972820
19.151972 43.789028
19.160306 43.623089
19.168640 43.444069
19.176975 43.248863
19.185309 43.011753
19.193643 42.787998
19.201977 42.546959
19.210311 42.316826
19.218646 42.088657
19.226980 41.925312
19.235314 41.776119
19.243648 41.622490
19.251982 41.429253
19.260317 41.243343
19.268651 41.050850
19.276985 40.848820
19.285319 40.578125
19.293653 40.363758
19.301988 40.174992
19.310322 40.014656
19.318656 39.845764
19.326990 39.703133
19.335324 39.543510
19.343659 39.368301
19.351993 39.155571
19.360327 38.967430
19.368661 38.744331
19.376995 38.536282
19.385329 38.321941
19.393664 38.173973
19.401998 38.043320
19.410332 37.902863
19.418666 37.726967
19.427000 37.573456
19.435335 37.398636
19.443669 37.215591
19.452003 36.970554
19.460337 36.775856
19.468671 36.603333
19.477006 36.450058
19.485340 36.302448
19.493674 36.171196
19.502008 36.027672
19.510342 35.876274
19.518677 35.691380
19.527011 35.519062
19.535345 35.322189
19.543679 35.128235
19.552013 34.941257
19.560347 34.799755
19.568682 34.674408
19.577016 34.554718
19.585350 34.402012
19.593684 34.253120
19.602018 34.097076
19.610353 33.931793
19.618687 33.724724
19.627021 33.535301
19.635355 33.379196
19.643689 33.247887
19.652024 33.108650
19.660358 32.985569
19.668692 32.872856
19.677026 32.741070
19.685360 32.568214
19.693695 32.413422
19.702029 32.236637
19.710363 32.064915
19.718697 31.893671
19.727031 31.763672
19.735366 31.655491
19.743700 31.548977
19.752034 31.399191
19.760368 31.279087
19.768702 31.134546
19.777036 30.991913
19.785371 30.809402
19.793705 30.644953
19.802039 30.500471
19.810373 30.375839
19.818707 30.249001
19.827042 30.144333
19.835376 30.037462
19.843710 29.911757
19.852044 29.767811
19.860378 29.637337
19.868713 29.477596
19.877047 29.323042
19.885381 29.156387
19.893715 29.031277
19.902049 28.927147
19.910384 28.828026
19.918718 28.710186
19.927052 28.601110
19.935386 28.475464
19.943720 28.349102
19.952054 28.172493
19.960389 28.029324
19.968723 27.898670
19.977057 27.783573
19.985391 27.665318
19.993725 27.566074
20.002060 27.472317
20.010394 27.364195
20.018728 27.227222
20.027062 27.108551
20.035396 26.967346
20.043731 26.828468
20.052065 26.665806
20.060399 26.560902
20.068733 26.464939
20.077067 26.385069
20.085402 26.274025
20.093736 26.173830
20.102070 26.064278
20.110404 25.956451
20.118738 25.797962
20.127073 25.667309
20.135407 25.539040
20.143741 25.437355
20.152075 25.331915
20.160409 25.239885
20.168743 25.152504
20.177078 25.056898
20.185412 24.947762
20.193746 24.836779
20.202080 24.718702
20.210414 24.581730
20.218749 24.444759
20.227083 24.345100
20.235417 24.264574
20.243751 24.187923
20.252085 24.086773
20.260420 23.992956
20.268754 23.898184
20.277088 23.790777
20.285422 23.655773
20.293756 23.525238
20.302091 23.418068
20.310425 23.323595
20.318759 23.230194
20.327093 23.153603
20.335427 23.069561
20.343761 22.990465
20.352096 22.883774
20.360430 22.779106
20.368764 22.668003
20.377098 22.555769
20.385432 22.422195
20.393767 22.331715
20.402101 22.253752
20.410435 22.187592
20.418769 22.107601
20.427103 22.026539
20.435438 21.926821
20.443772 21.839678
20.452106 21.715403
20.460440 21.602095
20.468774 21.496178
20.477109 21.414221
20.485443 21.323563
20.493777 21.254719
20.502111 21.180511
20.510445 21.101116
20.518780 21.004618
20.527114 20.923376
20.535448 20.833551
20.543782 20.727039
20.552116 20.607353
20.560450 20.512819
20.568785 20.440996
20.577119 20.374954
20.585453 20.296215
20.593787 20.232319
20.602121 20.153522
20.610456 20.068228
20.618790 19.959986
20.627124 19.860029
20.635458 19.764305
20.643792 19.674778
20.652127 19.598484
20.660461 19.536077
20.668795 19.469976
20.677129 19.404947
20.685463 19.316971
20.693798 19.239067
20.702132 19.155561
20.710466 19.054531
20.718800 18.944382
20.727134 18.864214
20.735468 18.802166
20.743803 18.738865
20.752137 18.675686
20.760471 18.613995
20.768805 18.538534
20.777139 18.461823
20.785474 18.369377
20.793808 18.273712
20.802142 18.190145
20.810476 18.115162
20.818810 18.039465
20.827145 17.981171
20.835479 17.929316
20.843813 17.874479
20.852147 17.787457
20.860481 17.718374
20.868816 17.641724
20.877150 17.557739
20.885484 17.452896
20.893818 17.382801
20.902152 17.322720
20.910487 17.267586
20.918821 17.202198
20.927155 17.145752
20.935489 17.083527
20.943823 17.020046
20.952157 16.931892
20.960492 16.850412
20.968826 16.775190
20.977160 16.698242
20.985494 16.631544
20.993828 16.581654
21.002163 16.526281
21.010497 16.471922
21.018831 16.406895
21.027165 16.340553
21.035499 16.269863
21.043834 16.196310
21.052168 16.100765
21.060502 16.033829
21.068836 15.978813
21.077170 15.928925
21.085505 15.872121
21.093839 15.816569
21.102173 15.761375
21.110507 15.706301
21.118841 15.635908
21.127175 15.557528
21.135510 15.480936
21.143844 15.409529
21.152178 15.344262
21.160512 15.302479
21.168846 15.263200
21.177181 15.211225
21.185515 15.146732
21.193849 15.089869
21.202183 15.032112
21.210517 14.958858
21.218852 14.877022
21.227186 14.814377
21.235520 14.760912
21.243854 14.729023
21.252188 14.668644
21.260523 14.619112
21.268857 14.572859
21.277191 14.516592
21.285525 14.450132
21.293859 14.384389
21.302194 14.310062
21.310528 14.249266
21.318862 14.191925
21.327196 14.149189
21.335530 14.108300
21.343864 14.067114
21.352199 14.003933
21.360533 13.959826
21.368867 13.900101
21.377201 13.840079
21.385535 13.761341
21.393870 13.704538
21.402204 13.652145
21.410538 13.612986
21.418872 13.566792
21.427206 13.522744
21.435541 13.478338
21.443875 13.430715
21.452209 13.368249
21.460543 13.312757
21.468877 13.251722
21.477212 13.190508
21.485546 13.140440
21.493880 13.103306
21.502214 13.065279
21.510548 13.020992
21.518882 12.971819
21.527217 12.926281
21.535551 12.875498
21.543885 12.822032
21.552219 12.757957
21.560553 12.702465
21.568888 12.651264
21.577222 12.609541
21.585556 12.563646
21.593890 12.529731
21.602224 12.492239
21.610559 12.444377
21.618893 12.393534
21.627227 12.337505
21.635561 12.287199
21.643895 12.234926
21.652230 12.181044
21.660564 12.150705
21.668898 12.117683
21.677232 12.076974
21.685566 12.027920
21.693901 11.990368
21.702235 11.942327
21.710569 11.894405
21.718903 11.824905
21.727237 11.776805
21.735571 11.739612
21.743906 11.706829
21.752240 11.669278
21.760574 11.626720
21.768908 11.598706
21.777242 11.551201
21.785577 11.504173
21.793911 11.452139
21.802245 11.397958
21.810579 11.353135
21.818913 11.299729
21.827248 11.272073
21.835582 11.241138
21.843916 11.203110
21.852250 11.161507
21.860584 11.127769
21.868919 11.088967
21.877253 11.043251
21.885587 10.982573
21.893921 10.942400
21.902255 10.892034
21.910589 10.865986
21.918924 10.828674
21.927258 10.798335
21.935592 10.766447
21.943926 10.727585
21.952260 10.686100
21.960595 10.642946
21.968929 10.593057
21.977263 10.549068
21.985597 10.496080
21.993931 10.468424
22.002266 10.440588
22.010600 10.416746
22.018934 10.377825
22.027268 10.342956
22.035602 10.308325
22.043937 10.266602
22.052271 10.217786
22.060605 10.173023
22.068939 10.133326
22.077273 10.102213
22.085608 10.070860
22.093942 10.044634
22.102276 10.023176
22.110610 9.986639
22.118944 9.946704
22.127278 9.914041
22.135613 9.866714
22.143947 9.821236
22.152281 9.782076
22.160615 9.749174
22.168949 9.727776
22.177284 9.697855
22.185618 9.665132
22.193952 9.638667
22.202286 9.604096
22.210620 9.574354
22.218955 9.519279
22.227289 9.475887
22.235623 9.443521
22.243957 9.410679
22.252291 9.382963
22.260626 9.357810
22.268960 9.333134
22.277294 9.300828
22.285628 9.267807
22.293962 9.235441
22.302296 9.190440
22.310631 9.152055
22.318965 9.107232
22.327299 9.079992
22.335633 9.056687
22.343967 9.034753
22.352302 8.999944
22.360636 8.980513
22.368970 8.942902
22.377304 8.913219
22.385638 8.867264
22.393973 8.826613
22.402307 8.796692
22.410641 8.774877
22.418975 8.746505
22.427309 8.721471
22.435644 8.700490
22.443978 8.667469
22.452312 8.641661
22.460646 8.617460
22.468980 8.578300
22.477315 8.542776
22.485649 8.506179
22.493983 8.478165
22.502317 8.456588
22.510651 8.434772
22.518985 8.404255
22.527320 8.382856
22.535654 8.355797
22.543988 8.324623
22.552322 8.290887
22.560656 8.255302
22.568991 8.221567
22.577325 8.195580
22.585659 8.172453
22.593993 8.148373
22.602327 8.128524
22.610662 8.101583
22.618996 8.073330
22.627330 8.043468
22.635664 8.011699
22.643998 7.979989
22.652333 7.948160
22.660667 7.918835
22.669001 7.896960
22.677335 7.871866
22.685669 7.850170
22.694003 7.831275
22.702338 7.807195
22.710672 7.778823
22.719006 7.746398
22.727340 7.707357
22.735674 7.677794
22.744009 7.657051
22.752343 7.637620
22.760677 7.619202
22.769011 7.600427
22.777345 7.574022
22.785680 7.547915
22.794014 7.519662
22.802348 7.493198
22.810682 7.467389
22.819016 7.432699
22.827351 7.411838
22.835685 7.388055
22.844019 7.373333
22.852353 7.351577
22.860687 7.322252
22.869022 7.297397
22.877356 7.272899
22.885690 7.246792
22.894024 7.222533
22.902358 7.191420
22.910692 7.168114
22.919027 7.146239
22.927361 7.126033
22.935695 7.113457
22.944029 7.089436
22.952363 7.069468
22.960698 7.042408
22.969032 7.022321
22.977366 6.992459
22.985700 6.964207
22.994034 6.941020
23.002369 6.917596
23.010703 6.902695
23.019037 6.883919
23.027371 6.864548
23.035705 6.841838
23.044040 6.821036
23.052374 6.800175
23.060708 6.772876
23.069042 6.743610
23.077376 6.718576
23.085710 6.700993
23.094045 6.694019
23.102379 6.670535
23.110713 6.657898
23.119047 6.634295
23.127381 6.619930
23.135716 6.593704
23.144050 6.567836
23.152384 6.536305
23.160718 6.508768
23.169052 6.491005
23.177387 6.474972
23.185721 6.459117
23.194055 6.442666
23.202389 6.424487
23.210723 6.405711
23.219058 6.374300
23.227392 6.357610
23.235726 6.339431
23.244060 6.311595
23.252394 6.298482
23.260729 6.277978
23.269063 6.261408
23.277397 6.247163
23.285731 6.220222
23.294065 6.210208
23.302399 6.189287
23.310734 6.164074
23.319068 6.136239
23.327402 6.116271
23.335736 6.098688
23.344070 6.088078
23.352405 6.072819
23.360739 6.056130
23.369073 6.044149
23.377407 6.031275
23.385741 6.010532
23.394076 5.986273
23.402410 5.963266
23.410744 5.943596
23.419078 5.917430
23.427412 5.901754
23.435747 5.892158
23.444081 5.884171
23.452415 5.862415
23.460749 5.851924
23.469083 5.835712
23.477418 5.807340
23.485752 5.778849
23.494086 5.756676
23.502420 5.740643
23.510754 5.730748
23.519088 5.715489
23.527423 5.705297
23.535757 5.679548
23.544091 5.672693
23.552425 5.657613
23.560759 5.636513
23.569094 5.609095
23.577428 5.596578
23.585762 5.575657
23.594096 5.559802
23.602430 5.552471
23.610765 5.538881
23.619099 5.526543
23.627433 5.513728
23.635767 5.492151
23.644101 5.466104
23.652436 5.441606
23.660770 5.426466
23.669104 5.418777
23.677438 5.403161
23.685772 5.393386
23.694106 5.383670
23.702441 5.369961
23.710775 5.345345
23.719109 5.329132
23.727443 5.308926
23.735777 5.294502
23.744112 5.275011
23.752446 5.256772
23.760780 5.250216
23.769114 5.240917
23.777448 5.231559
23.785783 5.209327
23.794117 5.202353
23.802451 5.186737
23.810785 5.166113
23.819119 5.144060
23.827454 5.129457
23.835788 5.120099
23.844122 5.104601
23.852456 5.086303
23.860790 5.078971
23.869125 5.069315
23.877459 5.056143
23.885793 5.047560
23.894127 5.026281
23.902461 4.997730
23.910795 4.986048
23.919130 4.964590
23.927464 4.966199
23.935798 4.956126
23.944132 4.946649
23.952466 4.935145
23.960801 4.920244
23.969135 4.905283
23.977469 4.888356
23.985803 4.869580
23.994137 4.855156
24.002472 4.847288
24.010806 4.835010
24.019140 4.825711
24.027474 4.817903
24.035808 4.807413
24.044143 4.795492
24.052477 4.773259
24.060811 4.755735
24.069145 4.741907
24.077479 4.733264
24.085813 4.714727
24.094148 4.706800
24.102482 4.698753
24.110816 4.691958
24.119150 4.683197
24.127484 4.670739
24.135819 4.658997
24.144153 4.640222
24.152487 4.615486
24.160821 4.600048
24.169155 4.594743
24.177490 4.585266
24.185824 4.574060
24.194158 4.567921
24.202492 4.554570
24.210826 4.548013
24.219161 4.546762
24.227495 4.527688
24.235829 4.504621
24.244163 4.494667
24.252497 4.478514
24.260832 4.466236
24.269166 4.455745
24.277500 4.440308
24.285834 4.436195
24.294168 4.431427
24.302502 4.421592
24.310837 4.405022
24.319171 4.390895
24.327505 4.374623
24.335839 4.362643
24.344173 4.355669
24.352508 4.348874
24.360842 4.339337
24.369176 4.330754
24.377510 4.319310
24.385844 4.306674
24.394179 4.301727
24.402513 4.284382
24.410847 4.273534
24.419181 4.257202
24.427515 4.253745
24.435850 4.244030
24.444184 4.235029
24.452518 4.227936
24.460852 4.215419
24.469186 4.215240
24.477520 4.197299
24.485855 4.177630
24.494189 4.161954
24.502523 4.158676
24.510857 4.158318
24.519191 4.144013
24.527526 4.136384
24.535860 4.128397
24.544194 4.122257
24.552528 4.107773
24.560862 4.095495
24.569197 4.085779
24.577531 4.076898
24.585865 4.065633
24.594199 4.049301
24.602533 4.044771
24.610868 4.045367
24.619202 4.038453
24.627536 4.030704
24.635870 4.022539
24.644204 4.014611
24.652539 4.001200
24.660873 3.990650
24.669207 3.974259
24.677541 3.964603
24.685875 3.965259
24.694209 3.953397
24.702544 3.950238
24.710878 3.938854
24.719212 3.924966
24.727546 3.921807
24.735880 3.909349
24.744215 3.901958
24.752549 3.886878
24.760883 3.881097
24.769217 3.873527
24.777551 3.866792
24.785886 3.860950
24.794220 3.856122
24.802554 3.844678
24.810888 3.835976
24.819222 3.818333
24.827557 3.808200
24.835891 3.789127
24.844225 3.788888
24.852559 3.781497
24.860893 3.781319
24.869227 3.778160
24.877562 3.772914
24.885896 3.761351
24.894230 3.750205
24.902564 3.738284
24.910898 3.728867
24.919233 3.710091
24.927567 3.704667
24.935901 3.699601
24.944235 3.692746
24.952569 3.693044
24.960904 3.690302
24.969238 3.688335
24.977572 3.673971
24.985906 3.664970
24.994240 3.643632
25.002575 3.640711
25.010909 3.635943
25.019243 3.629446
25.027577 3.620684
25.035911 3.616929
25.044246 3.612280
25.052580 3.609240
25.060914 3.601551
25.069248 3.583789
25.077582 3.578901
25.085916 3.573060
25.094251 3.568590
25.102585 3.563881
25.110919 3.556192
25.119253 3.549993
25.127587 3.545463
25.135922 3.536880
25.144256 3.529489
25.152590 3.515422
25.160924 3.498614
25.169258 3.494620
25.177593 3.489316
25.185927 3.484786
25.194261 3.480732
25.202595 3.473580
25.210929 3.464699
25.219264 3.456771
25.227598 3.452718
25.235932 3.450215
25.244266 3.432035
25.252600 3.419578
25.260934 3.416300
25.269269 3.411770
25.277603 3.405809
25.285937 3.404379
25.294271 3.396511
25.302605 3.391266
25.310940 3.383994
25.319274 3.378332
25.327608 3.365040
25.335942 3.353477
25.344276 3.353655
25.352611 3.346801
25.360945 3.344119
25.369279 3.338099
25.377613 3.331244
25.385947 3.329575
25.394282 3.320873
25.402616 3.312230
25.410950 3.306150
25.419284 3.297210
25.427618 3.291011
25.435953 3.294170
25.444287 3.291428
25.452621 3.274560
25.460955 3.271580
25.469289 3.264487
25.477623 3.256202
25.485958 3.257990
25.494292 3.247082
25.502626 3.236353
25.510960 3.229320
25.519294 3.229916
25.527629 3.219962
25.535963 3.210187
25.544297 3.213167
25.552631 3.209531
25.560965 3.203452
25.569300 3.193140
25.577634 3.185868
25.585968 3.178060
25.594302 3.169060
25.602636 3.170133
25.610971 3.164768
25.619305 3.154933
25.627639 3.150940
25.635973 3.146708
25.644307 3.141940
25.652641 3.132343
25.660976 3.119528
25.669310 3.109097
25.677644 3.099203
25.685978 3.099680
25.694312 3.096581
25.702647 3.092706
25.710981 3.083706
25.719315 3.078163
25.727649 3.064632
25.735983 3.072321
25.744318 3.059447
25.752652 3.055096
25.760986 3.045738
25.769320 3.047168
25.777654 3.036976
25.785989 3.033161
25.794323 3.023446
25.802657 3.022909
25.810991 3.023803
25.819325 3.011346
25.827660 3.002286
25.835994 2.996564
25.844328 2.990246
25.852662 2.980113
25.860996 2.979100
25.869330 2.977252
25.877665 2.969325
25.885999 2.970576
25.894333 2.962589
25.902667 2.960205
25.911001 2.952278
25.919336 2.942324
25.927670 2.932549
25.936004 2.931654
25.944338 2.933025
25.952672 2.923727
25.961007 2.922893
25.969341 2.927125
25.977675 2.912223
25.986009 2.911687
25.994343 2.905667
26.002678 2.898335
26.011012 2.892375
26.019346 2.877235
26.027680 2.875626
26.036014 2.872586
26.044348 2.865553
26.052683 2.859175
26.061017 2.860188
26.069351 2.849579
26.077685 2.841115
26.086019 2.832592
26.094354 2.828360
26.102688 2.823949
26.111022 2.823532
26.119356 2.816260
26.127690 2.814472
26.136025 2.808213
26.144359 2.810419
26.152693 2.811611
26.161027 2.798259
26.169361 2.788603
26.177696 2.775788
26.186030 2.772927
26.194364 2.766371
26.202698 2.767086
26.211032 2.761185
26.219367 2.758324
26.227701 2.752006
26.236035 2.741933
26.244369 2.738595
26.252703 2.731562
26.261037 2.722383
26.269372 2.722800
26.277706 2.719760
26.286040 2.712607
26.294374 2.708077
26.302708 2.709627
26.311043 2.697289
26.319377 2.696514
26.327711 2.693295
26.336045 2.686620
26.344379 2.681553
26.352714 2.668560
26.361048 2.669215
26.369382 2.656579
26.377716 2.652228
26.386050 2.658069
26.394385 2.652705
26.402719 2.647936
26.411053 2.640843
26.419387 2.629638
26.427721 2.625525
26.436055 2.624035
26.444390 2.618909
26.452724 2.609551
26.461058 2.607822
26.469392 2.612650
26.477726 2.608180
26.486061 2.603054
26.494395 2.593994
26.502729 2.587140
26.511063 2.586067
26.519397 2.577424
26.527732 2.577662
26.536066 2.572417
26.544400 2.564728
26.552734 2.565086
26.561068 2.556026
26.569403 2.544701
26.577737 2.544045
26.586071 2.533734
26.594405 2.526700
26.602739 2.526700
26.611074 2.518713
26.619408 2.516985
26.627742 2.512932
26.636076 2.507627
26.644410 2.509356
26.652744 2.500474
26.661079 2.495587
26.669413 2.492487
26.677747 2.484202
26.686081 2.474368
26.694415 2.480686
26.702750 2.470315
26.711084 2.458990
26.719418 2.469361
26.727752 2.464116
26.736086 2.456784
26.744421 2.448618
26.752755 2.440929
26.761089 2.431154
26.769423 2.430677
26.777757 2.430141
26.786092 2.426207
26.794426 2.423704
26.802760 2.422929
26.811094 2.414823
26.819428 2.416730
26.827762 2.403557
26.836097 2.386510
26.844431 2.382159
26.852765 2.381384
26.861099 2.380013
26.869433 2.381444
26.877768 2.379298
26.886102 2.373695
26.894436 2.368033
26.902770 2.363324
26.911104 2.360702
26.919439 2.349317
26.927773 2.345622
26.936107 2.337694
26.944441 2.339065
26.952775 2.327442
26.961110 2.324820
26.969444 2.312601
26.977778 2.313375
26.986112 2.311707
26.994446 2.310991
27.002781 2.304733
27.011115 2.294898
27.019449 2.289653
27.027783 2.286673
27.036117 2.287209
27.044451 2.282321
27.052786 2.273858
27.061120 2.271831
27.069454 2.273262
27.077788 2.262771
27.086122 2.253830
27.094457 2.246559
27.102791 2.244294
27.111125 2.243280
27.119459 2.241850
27.127793 2.241075
27.136128 2.237380
27.144462 2.231300
27.152796 2.225101
27.161130 2.212584
27.169464 2.203405
27.177799 2.198875
27.186133 2.203107
27.194467 2.195477
27.202801 2.195776
27.211135 2.194226
27.219469 2.183020
27.227804 2.187371
27.236138 2.178967
27.244472 2.173245
27.252806 2.164483
27.261140 2.159119
27.269475 2.155185
27.277809 2.150416
27.286143 2.146661
27.294477 2.144754
27.302811 2.139807
27.311146 2.138972
27.319480 2.131164
27.327814 2.125621
27.336148 2.121270
27.344482 2.117395
27.352817 2.113163
27.361151 2.109587
27.369485 2.107024
27.377819 2.103567
27.386153 2.101481
27.394488 2.096176
27.402822 2.091527
27.411156 2.082705
27.419490 2.080917
27.427824 2.072453
27.436158 2.069890
27.444493 2.068460
27.452827 2.063334
27.461161 2.055883
27.469495 2.058327
27.477829 2.056718
27.486164 2.054513
27.494498 2.047181
27.502832 2.038062
27.511166 2.032101
27.519500 2.018809
27.527835 2.024531
27.536169 2.016425
27.544503 2.015889
27.552837 2.010524
27.561171 2.011299
27.569506 2.010405
27.577840 1.999259
27.586174 1.993775
27.594508 1.995206
27.602842 1.985371
27.611176 1.979351
27.619511 1.969576
27.627845 1.965344
27.636179 1.964450
27.644513 1.962900
27.652847 1.963377
27.661182 1.952946
27.669516 1.945972
27.677850 1.936674
27.686184 1.935601
27.694518 1.936316
27.702853 1.930118
27.711187 1.930952
27.719521 1.921535
27.727855 1.915097
27.736189 1.915574
27.744524 1.908362
27.752858 1.904547
27.761192 1.904130
27.769526 1.897871
27.777860 1.890779
27.786195 1.886308
27.794529 1.886904
27.802863 1.880348
27.811197 1.872957
27.819531 1.869917
27.827865 1.864851
27.836200 1.860678
27.844534 1.855433
27.852868 1.855791
27.861202 1.845241
27.869536 1.852632
27.877871 1.847804
27.886205 1.840234
27.894539 1.839042
27.902873 1.840413
27.911207 1.835585
27.919542 1.824975
27.927876 1.807690
27.936210 1.814663
27.944544 1.810074
27.952878 1.805007
27.961213 1.796603
27.969547 1.794040
27.977881 1.794279
27.986215 1.786292
27.994549 1.779318
28.002883 1.777887
28.011218 1.774132
28.019552 1.769781
28.027886 1.760066
28.036220 1.753151
28.044554 1.751065
28.052889 1.748085
28.061223 1.746595
28.069557 1.738250
28.077891 1.736104
28.086225 1.734674
28.094560 1.725078
28.102894 1.718223
28.111228 1.721799
28.119562 1.709640
28.127896 1.707494
28.136231 1.707733
28.144565 1.705766
28.152899 1.703262
28.161233 1.697421
28.169567 1.696050
28.177902 1.693606
28.186236 1.686573
28.194570 1.677275
28.202904 1.677871
28.211238 1.669943
28.219572 1.673877
28.227907 1.666546
28.236241 1.658261
28.244575 1.650929
28.252909 1.652122
28.261243 1.646399
28.269578 1.640201
28.277912 1.643419
28.286246 1.634479
28.294580 1.632333
28.302914 1.626015
28.311249 1.620829
28.319583 1.622617
28.327917 1.617670
28.336251 1.607180
28.344585 1.605034
28.352920 1.596749
28.361254 1.593411
28.369588 1.584828
28.377922 1.584589
28.386256 1.584709
28.394590 1.586974
28.402925 1.580834
28.411259 1.578331
28.419593 1.565456
28.427927 1.561582
28.436261 1.562715
28.444596 1.557887
28.452930 1.546681
28.461264 1.546681
28.469598 1.544118
28.477932 1.543343
28.486267 1.541138
28.494601 1.535296
28.502935 1.528561
28.511269 1.522779
28.519603 1.521587
28.527938 1.516819
28.536272 1.511812
28.544606 1.510859
28.552940 1.505852
28.561274 1.504898
28.569609 1.503050
28.577943 1.501918
28.586277 1.489639
28.594611 1.488149
28.602945 1.486599
28.611279 1.479864
28.619614 1.476228
28.627948 1.470327
28.636282 1.471400
28.644616 1.465619
28.652950 1.459956
28.661285 1.456797
28.669619 1.451075
28.677953 1.445293
28.686287 1.440465
28.694621 1.434684
28.702956 1.432002
28.711290 1.421869
28.719624 1.424313
28.727958 1.418352
28.736292 1.417279
28.744627 1.412392
28.752961 1.412928
28.761295 1.403868
28.769629 1.395941
28.777963 1.396358
28.786297 1.385272
28.794632 1.393974
28.802966 1.392126
28.811300 1.387537
28.819634 1.388252
28.827968 1.377225
28.836303 1.374424
28.844637 1.364589
28.852971 1.360714
28.861305 1.355350
28.869639 1.350224
28.877974 1.352668
28.886308 1.355946
28.894642 1.355469
28.902976 1.343429
28.911310 1.336217
28.919645 1.331866
28.927979 1.330137
28.936313 1.329005
28.944647 1.325250
28.952981 1.324832
28.961316 1.312673
28.969650 1.306117
28.977984 1.309037
28.986318 1.310885
28.994652 1.305401
29.002986 1.302063
29.011321 1.301467
29.019655 1.291931
29.027989 1.287222
29.036323 1.282036
29.044657 1.283407
29.052992 1.278639
29.061326 1.276433
29.069660 1.273036
29.077994 1.267672
29.086328 1.261890
29.094663 1.260102
29.102997 1.261652
29.111331 1.251340
29.119665 1.246512
29.127999 1.245558
29.136334 1.237869
29.144668 1.238644
29.153002 1.238763
29.161336 1.232207
29.169670 1.230896
29.178004 1.228452
29.186339 1.222014
29.194673 1.215160
29.203007 1.210630
29.211341 1.213670
29.219675 1.203358
29.228010 1.191258
29.236344 1.195908
29.244678 1.196861
29.253012 1.193106
29.261346 1.189470
29.269681 1.193643
29.278015 1.184642
29.286349 1.176834
29.294683 1.174450
29.303017 1.168549
29.311352 1.168787
29.319686 1.167953
29.328020 1.159430
29.336354 1.156509
29.344688 1.161575
29.353023 1.153231
29.361357 1.145482
29.369691 1.146734
29.378025 1.141489
29.386359 1.142681
29.394693 1.136363
29.403028 1.135051
29.411362 1.132488
29.419696 1.126945
29.428030 1.123190
29.436364 1.115978
29.444699 1.117647
29.453033 1.111209
29.461367 1.113176
29.469701 1.106441
29.478035 1.102984
29.486370 1.099110
29.494704 1.095712
29.503038 1.092076
29.511372 1.086056
29.519706 1.080811
29.528041 1.076937
29.536375 1.074314
29.544709 1.071334
29.553043 1.073718
29.561377 1.062751
29.569711 1.059353
29.578046 1.053989
29.586380 1.050055
29.594714 1.046896
29.603048 1.044869
29.611382 1.043200
29.619717 1.037478
29.628051 1.035929
29.636385 1.036346
29.644719 1.030862
29.653053 1.025021
29.661388 1.018822
29.669722 1.018703
29.678056 1.024306
29.686390 1.022637
29.694724 1.016736
29.703059 1.009583
29.711393 1.007199
29.719727 1.004636
29.728061 1.004040
29.736395 0.999093
29.744730 0.992239
29.753064 0.988781
29.761398 0.984788
29.769732 0.981867
29.778066 0.983417
29.786400 0.975370
29.794735 0.975847
29.803069 0.981331
29.811403 0.976861
29.819737 0.970006
29.828071 0.964880
29.836406 0.964284
29.844740 0.956118
29.853074 0.954628
29.861408 0.949264
29.869742 0.951231
29.878077 0.950754
29.886411 0.942469
29.894745 0.936985
29.903079 0.941932
29.911413 0.938296
29.919748 0.927150
29.928082 0.927269
29.936416 0.924885
29.944750 0.915587
29.953084 0.917852
29.961419 0.914216
29.969753 0.912726
29.978087 0.917315
29.986421 0.909746
29.994755 0.914097
30.003089 0.907958
30.011424 0.901163
30.019758 0.893474
30.028092 0.895798
30.036426 0.894368
30.044760 0.889659
30.053095 0.884593
30.061429 0.883400
30.069763 0.877082
30.078097 0.881374
30.086431 0.887215
30.094766 0.878274
30.103100 0.871539
30.111434 0.868559
30.119768 0.864863
30.128102 0.864685
30.136437 0.859261
30.144771 0.861049
30.153105 0.859857
30.161439 0.855744
30.169773 0.850022
30.178107 0.843942
30.186442 0.848413
30.194776 0.841618
30.203110 0.841379
30.211444 0.835776
30.219778 0.832558
30.228113 0.829935
30.236447 0.823617
30.244781 0.826538
30.253115 0.819385
30.261449 0.817955
30.269784 0.814319
30.278118 0.813901
30.286452 0.808656
30.294786 0.797093
30.303120 0.800192
30.311455 0.799835
30.319789 0.799835
30.328123 0.800192
30.336457 0.796556
30.344791 0.796080
30.353126 0.786126
30.361460 0.790656
30.369794 0.789881
30.378128 0.781536
30.386462 0.779271
30.394796 0.779271
30.403131 0.778079
30.411465 0.771999
30.419799 0.768542
30.428133 0.770628
30.436467 0.764370
30.444802 0.760734
30.453136 0.758052
30.461470 0.753105
30.469804 0.756025
30.478138 0.753760
30.486473 0.750601
30.494807 0.751078
30.503141 0.746965
30.511475 0.738382
30.519809 0.741065
30.528144 0.739396
30.536478 0.728250
30.544812 0.727117
30.553146 0.722885
30.561480 0.725806
30.569814 0.728071
30.578149 0.723600
30.586483 0.722885
30.594817 0.727057
30.603151 0.719845
30.611485 0.717759
30.619820 0.709236
30.628154 0.710905
30.636488 0.704229
30.644822 0.705063
30.653156 0.706315
30.661491 0.698447
30.669825 0.697315
30.678159 0.695348
30.686493 0.693023
30.694827 0.685215
30.703162 0.681937
30.711496 0.680327
30.719830 0.678718
30.728164 0.675797
30.736498 0.673294
30.744833 0.680625
30.753167 0.675321
30.761501 0.671387
30.769835 0.667036
30.778169 0.667512
30.786503 0.666142
30.794838 0.665486
30.803172 0.667274
30.811506 0.658333
30.819840 0.656784
30.828174 0.655532
30.836509 0.651598
30.844843 0.645995
30.853177 0.641465
30.861511 0.646055
30.869845 0.644922
30.878180 0.642240
30.886514 0.640750
30.894848 0.640750
30.903182 0.640631
30.911516 0.632823
30.919851 0.631034
30.928185 0.624359
30.936519 0.623286
30.944853 0.623941
30.953187 0.618637
30.961521 0.617325
30.969856 0.617325
30.978190 0.618517
30.986524 0.614882
30.994858 0.613630
31.003192 0.615358
31.011527 0.609994
31.019861 0.606120
31.028195 0.603676
31.036529 0.600457
31.044863 0.591040
31.053198 0.588894
31.061532 0.592947
31.069866 0.585079
31.078200 0.586748
31.086534 0.585854
31.094869 0.585496
31.103203 0.581563
31.111537 0.574589
31.119871 0.571549
31.128205 0.568986
31.136540 0.566542
31.144874 0.565469
31.153208 0.564396
31.161542 0.556588
31.169876 0.551939
31.178210 0.556529
31.186545 0.549614
31.194879 0.553429
31.203213 0.551760
31.211547 0.552833
31.219881 0.548363
31.228216 0.544250
31.236550 0.550926
31.244884 0.545681
31.253218 0.540793
31.261552 0.543356
31.269887 0.542819
31.278221 0.538886
31.286555 0.533640
31.294889 0.530303
31.303223 0.536799
31.311558 0.526309
31.319892 0.526428
31.328226 0.524342
31.336560 0.524938
31.344894 0.525057
31.353228 0.515401
31.361563 0.516772
31.369897 0.506282
31.378231 0.508249
31.386565 0.510156
31.394899 0.508547
31.403234 0.507653
31.411568 0.504851
31.419902 0.499010
31.428236 0.494421
31.436570 0.490963
31.444905 0.492573
31.453239 0.493646
31.461573 0.492036
31.469907 0.489593
31.478241 0.491261
31.486576 0.493467
31.494910 0.496209
31.503244 0.492871
31.511578 0.490487
31.519912 0.487208
31.528247 0.488102
31.536581 0.482321
31.544915 0.468850
31.553249 0.470579
31.561583 0.468671
31.569917 0.472605
31.578252 0.467539
31.586586 0.463307
31.594920 0.465274
31.603254 0.465810
31.611588 0.467360
31.619923 0.461042
31.628257 0.453115
31.636591 0.454605
31.644925 0.456274
31.653259 0.450313
31.661594 0.451207
31.669928 0.450552
31.678262 0.439584
31.686596 0.439405
31.694930 0.443637
31.703265 0.445247
31.711599 0.433862
31.719933 0.435054
31.728267 0.434518
31.736601 0.440359
31.744935 0.436127
31.753270 0.431955
31.761604 0.432670
31.769938 0.427306
31.778272 0.432968
31.786606 0.428498
31.794941 0.429511
31.803275 0.425458
31.811609 0.424147
31.819943 0.413537
31.828277 0.418782
31.836612 0.420451
31.844946 0.420451
31.853280 0.424862
31.861614 0.415504
31.869948 0.412703
31.878283 0.404298
31.886617 0.407279
31.894951 0.404298
31.903285 0.411212
31.911619 0.409245
31.919954 0.400960
31.928288 0.402391
31.936622 0.400186
31.944956 0.400007
31.953290 0.403762
31.961624 0.403583
31.969959 0.396192
31.978293 0.395119
31.986627 0.388384
31.994961 0.388682
32.003295 0.395358
32.011630 0.389218
32.019964 0.379443
32.028298 0.381410
32.036632 0.380933
32.044966 0.377357
32.053301 0.373662
32.061635 0.371873
32.069969 0.367880
32.078303 0.367641
32.086637 0.371039
32.094972 0.372112
32.103306 0.376999
32.111640 0.375152
32.119974 0.374854
32.128308 0.366628
32.136642 0.362694
32.144977 0.363946
32.153311 0.364959
32.161645 0.362873
32.169979 0.359118
32.178313 0.359595
32.186648 0.362337
32.194982 0.360131
32.203316 0.362217
32.211650 0.353932
32.219984 0.347376
32.228319 0.355184
32.236653 0.350058
32.244987 0.348210
32.253321 0.344574
32.261655 0.345528
32.269990 0.349224
32.278324 0.339925
32.286658 0.340044
32.294992 0.345588
32.303326 0.345170
32.311661 0.336051
32.319995 0.337839
32.328329 0.339389
32.336663 0.335753
32.344997 0.331461
32.353331 0.330985
32.361666 0.323951
32.370000 0.324130
32.378334 0.333846
32.386668 0.323892
32.395002 0.322044
32.403337 0.323892
32.411671 0.316262
32.420005 0.321090
32.428339 0.323236
32.436673 0.310183
32.445008 0.308990
32.453342 0.309527
32.461676 0.311494
32.470010 0.319421
32.478344 0.314415
32.486679 0.311792
32.495013 0.302494
32.503347 0.300646
32.511681 0.304639
32.520015 0.306547
32.528349 0.306427
32.536684 0.306964
32.545018 0.304759
32.553352 0.301361
32.561686 0.301301
32.570020 0.298500
32.578355 0.303149
32.586689 0.298023
32.595023 0.290334
32.603357 0.288665
32.611691 0.289261
32.620026 0.289261
32.628360 0.289857
32.636694 0.293136
32.645028 0.289261
32.653362 0.289857
32.661697 0.282705
32.670031 0.289738
32.678365 0.289679
32.686699 0.288188
32.695033 0.284910
32.703368 0.289679
32.711702 0.290573
32.720036 0.288486
32.728370 0.284016
32.736704 0.280321
32.745038 0.275850
32.753373 0.276923
32.761707 0.274718
32.770041 0.278413
32.778375 0.271559
32.786709 0.270724
32.795044 0.270844
32.803378 0.263155
32.811712 0.264704
32.820046 0.258982
32.828380 0.264525
32.836715 0.267684
32.845049 0.264406
32.853383 0.265121
32.861717 0.265419
32.870051 0.271678
32.878386 0.269473
32.886720 0.264525
32.895054 0.260830
32.903388 0.262320
32.911722 0.259578
32.920056 0.257790
32.928391 0.251710
32.936725 0.253379
32.945059 0.250995
32.953393 0.253856
32.961727 0.248492
32.970062 0.245333
32.978396 0.242531
32.986730 0.241876
32.995064 0.247002
33.003398 0.250340
33.011733 0.242591
33.020067 0.247777
33.028401 0.245333
33.036735 0.245333
33.045069 0.246525
33.053404 0.249982
33.061738 0.244081
33.070072 0.249207
33.078406 0.244796
33.086740 0.241458
33.095075 0.243247
33.103409 0.244141
33.111743 0.246644
33.120077 0.243783
33.128411 0.241935
33.136745 0.243962
33.145080 0.236809
33.153414 0.237286
33.161748 0.238121
33.170082 0.236630
33.178416 0.229359
33.186751 0.233352
33.195085 0.232875
33.203419 0.222683
33.211753 0.220895
33.220087 0.219584
33.228422 0.223339
33.236756 0.226438
33.245090 0.222743
33.253424 0.216901
33.261758 0.218332
33.270093 0.218928
33.278427 0.219882
33.286761 0.222147
33.295095 0.221968
33.303429 0.218332
33.311763 0.211179
33.320098 0.211179
33.328432 0.209808
33.336766 0.218511
33.345100 0.213146
33.353434 0.208378
33.361769 0.208676
33.370103 0.208199
33.378437 0.204980
33.386771 0.203669
33.395105 0.203907
33.403440 0.211239
33.411774 0.201643
33.420108 0.204682
33.428442 0.203609
33.436776 0.212491
33.445111 0.207365
33.453445 0.203133
33.461779 0.203311
33.470113 0.196338
33.478447 0.196874
33.486782 0.197351
33.495116 0.203192
33.503450 0.194550
33.511784 0.196159
33.520118 0.203192
33.528452 0.197828
33.536787 0.188708
33.545121 0.194371
33.553455 0.191092
33.561789 0.186801
33.570123 0.192106
33.578458 0.185370
33.586792 0.176251
33.595126 0.185847
33.603460 0.188589
33.611794 0.185788
33.620129 0.187397
33.628463 0.186861
33.636797 0.187218
33.645131 0.188410
33.653465 0.186026
33.661800 0.181139
33.670134 0.182033
33.678468 0.179946
33.686802 0.180066
33.695136 0.186622
33.703470 0.175595
33.711805 0.178754
33.720139 0.176489
33.728473 0.176966
33.736807 0.172615
33.745141 0.164866
33.753476 0.166476
33.761810 0.168741
33.770144 0.160277
33.778478 0.166774
33.786812 0.165582
33.795147 0.163138
33.803481 0.162482
33.811815 0.161290
33.820149 0.162661
33.828483 0.167787
33.836818 0.163794
33.845152 0.165164
33.853486 0.167072
33.861820 0.172198
33.870154 0.164628
33.878489 0.160694
33.886823 0.156701
33.895157 0.157058
33.903491 0.159204
33.911825 0.160992
33.920159 0.160277
33.928494 0.158727
33.936828 0.156820
33.945162 0.158727
33.953496 0.155747
33.961830 0.160635
33.970165 0.158906
33.978499 0.154138
33.986833 0.159025
33.995167 0.154793
34.003501 0.142992
34.011836 0.135839
34.020170 0.143528
34.028504 0.146866
34.036838 0.146329
34.045172 0.146866
34.053507 0.147462
34.061841 0.142217
34.070175 0.140905
34.078509 0.145972
34.086843 0.146925
34.095177 0.152647
34.103512 0.145495
34.111846 0.148058
34.120180 0.141442
34.128514 0.144780
34.136848 0.145733
34.145183 0.139713
34.153517 0.132084
34.161851 0.129759
34.170185 0.127077
34.178519 0.133753
34.186854 0.131726
34.195188 0.134647
34.203522 0.133336
34.211856 0.127614
34.220190 0.130773
34.228525 0.132680
34.236859 0.130355
34.245193 0.126660
34.253527 0.128388
34.261861 0.126779
34.270196 0.123680
34.278530 0.123382
34.286864 0.122786
34.295198 0.123858
34.303532 0.124395
34.311866 0.121415
34.320201 0.121534
34.328535 0.118256
34.336869 0.123620
34.345203 0.126719
34.353537 0.128508
34.361872 0.121534
34.370206 0.123382
34.378540 0.120223
34.386874 0.116467
34.395208 0.117540
34.403543 0.116944
34.411877 0.110865
34.420211 0.117421
34.428545 0.112653
34.436879 0.117540
34.445214 0.119090
34.453548 0.115991
34.461882 0.113785
