05-29-2020  11:44:49
Wavenumber (cm-1)  CCD Output
 251   674.2175696415 
 252   702.4164803044 
 253   743.00752121691 
 254   752.93610012909 
 255   748.100642856728 
 256   758.474975401334 
 257   799.016273487701 
 258   817.638497782288 
 259   798.670581673171 
 260   786.308194133233 
 261   793.172389083362 
 262   803.605260962785 
 263   787.525423216694 
 264   771.980049427971 
 265   777.690999801015 
 266   777.247508860972 
 267   765.506395471635 
 268   755.09492978949 
 269   764.454948037255 
 270   780.006549871316 
 271   781.334035772431 
 272   776.773589483484 
 273   780.939621701326 
 274   798.705305662298 
 275   805.297654592143 
 276   792.049235819752 
 277   769.350454070192 
 278   755.036142036182 
 279   757.422468376749 
 280   771.055442095705 
 281   776.443426511424 
 282   774.015611625973 
 283   779.123381764653 
 284   768.516804667091 
 285   742.54208809607 
 286   737.046591058085 
 287   761.6564535806 
 288   792.353672613768 
 289   785.193737508714 
 290   769.376152001911 
 291   775.880463502925 
 292   794.989634201929 
 293   802.432117232214 
 294   789.47332582464 
 295   779.038682141795 
 296   777.78826442705 
 297   779.297882140957 
 298   772.708369095659 
 299   772.755125621151 
 300   785.274291673167 
 301   774.651359941292 
 302   758.706304531947 
 303   764.891552082212 
 304   767.29461660103 
 305   771.491418812344 
 306   792.320055033831 
 307   806.275137064165 
 308   806.317882362346 
 309   799.411222765403 
 310   788.372122035118 
 311   785.92333019956 
 312   797.174656525899 
 313   783.33606277715 
 314   758.806394118687 
 315   763.893860652967 
 316   761.575213485448 
 317   749.932899883737 
 318   757.249566620368 
 319   761.205220645637 
 320   757.914301084001 
 321   762.227728581319 
 322   755.739169048546 
 323   750.615551599016 
 324   778.173641779214 
 325   795.072475697803 
 326   799.418925196315 
 327   830.937949310042 
 328   840.057350141558 
 329   822.289192506468 
 330   832.317964711648 
 331   850.889290512075 
 332   866.967249781591 
 333   894.369693726299 
 334   904.76329556039 
 335   893.760567075012 
 336   891.4205224702 
 337   885.804984431505 
 338   868.307065586753 
 339   850.542275830281 
 340   843.183674499251 
 341   844.618006800137 
 342   841.759640775007 
 343   836.179252368247 
 344   837.319912452881 
 345   854.231014384673 
 346   875.267573963325 
 347   892.26898857922 
 348   910.988104300502 
 349   940.955975733595 
 350   973.62906955701 
 351   984.453106840493 
 352   992.487643622573 
 353   1007.383120213 
 354   1013.33531026713 
 355   1024.57187161985 
 356   1046.82012322917 
 357   1062.73868303112 
 358   1061.90117671305 
 359   1047.96992917046 
 360   1038.17330131433 
 361   1045.99297556602 
 362   1069.57519257645 
 363   1094.08426788029 
 364   1125.0554985639 
 365   1153.9294848966 
 366   1157.98483931551 
 367   1168.31881411275 
 368   1199.02058560255 
 369   1230.35525653555 
 370   1271.81798652555 
 371   1319.76506152265 
 372   1352.92622991899 
 373   1386.07911729585 
 374   1423.56706437129 
 375   1454.03283214342 
 376   1497.38773744096 
 377   1549.7771078811 
 378   1587.50373641041 
 379   1644.5232339834 
 380   1731.42275067083 
 381   1821.38885042106 
 382   1893.53168408799 
 383   1951.95866128156 
 384   2018.25611261391 
 385   2096.94709942223 
 386   2169.97472066955 
 387   2220.69330655193 
 388   2289.10503033455 
 389   2366.11756324566 
 390   2406.70135160919 
 391   2413.91443799208 
 392   2419.88409145489 
 393   2450.02802733162 
 394   2469.33222917939 
 395   2457.24853700107 
 396   2420.31917823444 
 397   2386.51589892512 
 398   2363.55195313096 
 399   2337.68855392547 
 400   2286.06110098702 
 401   2234.13058815073 
 402   2200.62620910601 
 403   2133.82611326289 
 404   2051.22632717034 
 405   1993.83478740802 
 406   1963.30550008868 
 407   1943.38782456501 
 408   1920.5272456594 
 409   1899.57575666452 
 410   1902.19166832516 
 411   1928.70421583199 
 412   1945.26617831272 
 413   1972.81728000343 
 414   2014.54560161056 
 415   2028.69474511369 
 416   2029.68936298974 
 417   2031.48230017702 
 418   2021.87144857504 
 419   1985.72920111207 
 420   1920.00885355246 
 421   1835.77492482847 
 422   1746.22908863868 
 423   1654.50845081982 
 424   1559.54601792773 
 425   1478.64857370056 
 426   1410.40941402553 
 427   1339.03044676704 
 428   1262.92805495817 
 429   1195.59899100675 
 430   1149.58230885924 
 431   1114.12839572653 
 432   1091.71648717249 
 433   1083.7316707338 
 434   1070.12592762731 
 435   1057.63578998053 
 436   1050.79056234748 
 437   1029.0229867836 
 438   1022.16800808098 
 439   1038.23170653792 
 440   1028.12224166616 
 441   1016.21040821001 
 442   1020.59240834592 
 443   1019.33677304034 
 444   1018.75493903012 
 445   1018.75077823557 
 446   1011.28335614069 
 447   1023.27971714783 
 448   1040.41063330127 
 449   1029.55274183115 
 450   1040.14069050687 
 451   1067.77227046639 
 452   1074.96160803471 
 453   1077.99326999187 
 454   1091.43534598744 
 455   1116.45510023699 
 456   1139.60242185425 
 457   1143.45307191639 
 458   1134.30069523085 
 459   1151.33808959811 
 460   1169.92727442381 
 461   1175.15057315854 
 462   1196.56920891907 
 463   1221.87774451302 
 464   1237.71462873131 
 465   1247.71780670857 
 466   1260.21737138976 
 467   1279.75567992941 
 468   1305.83457090132 
 469   1335.7672407783 
 470   1365.39202175199 
 471   1393.02333392634 
 472   1424.42697863217 
 473   1459.37627412894 
 474   1499.70202405287 
 475   1556.03903544278 
 476   1614.50567417575 
 477   1669.92156186737 
 478   1741.94998068004 
 479   1814.80360733867 
 480   1884.97429912899 
 481   1971.87163014958 
 482   2061.9670076413 
 483   2152.99325550429 
 484   2253.05113904421 
 485   2343.0741915051 
 486   2425.26536549571 
 487   2512.27211563723 
 488   2594.4812167026 
 489   2663.77461019153 
 490   2720.23687809917 
 491   2769.47238092279 
 492   2787.10958852234 
 493   2774.54544780777 
 494   2776.24507124389 
 495   2778.73950219046 
 496   2763.35361555324 
 497   2731.42881327974 
 498   2699.8158894284 
 499   2669.51298822775 
 500   2632.58091775552 
 501   2599.28090983957 
 502   2579.45514274884 
 503   2566.67139638659 
 504   2533.46894240646 
 505   2502.38868884056 
 506   2494.70827325424 
 507   2497.93589516785 
 508   2517.59037061032 
 509   2552.31417188193 
 510   2590.52252131895 
 511   2638.9546333963 
 512   2706.86140920336 
 513   2800.69246847326 
 514   2922.80172912743 
 515   3065.63867716155 
 516   3230.20045819729 
 517   3436.58964583709 
 518   3652.66968306065 
 519   3872.39820474516 
 520   4141.99624908391 
 521   4431.07552761533 
 522   4733.75412119287 
 523   5075.87976012867 
 524   5426.55808336454 
 525   5776.27393646335 
 526   6117.75985286595 
 527   6400.34997273734 
 528   6641.14440677112 
 529   6862.37256028383 
 530   7023.20102029866 
 531   7037.31750145305 
 532   6946.67497359736 
 533   6887.28191193193 
 534   6726.57726596348 
 535   6426.93350787428 
 536   6072.59145401696 
 537   5709.06916302056 
 538   5323.24058753887 
 539   4898.91135352552 
 540   4471.72093725169 
 541   4097.02389847794 
 542   3766.46091735349 
 543   3419.2698447719 
 544   3133.37787549326 
 545   2897.89073787069 
 546   2645.9625314134 
 547   2453.9832131301 
 548   2309.45807062683 
 549   2165.45586668264 
 550   2035.64421932433 
 551   1907.63371307285 
 552   1787.07408688431 
 553   1706.35214376227 
 554   1643.1951276406 
 555   1581.20082708462 
 556   1517.89881588379 
 557   1442.55778388682 
 558   1379.95373953416 
 559   1346.60072638325 
 560   1311.44044218282 
 561   1281.30872265085 
 562   1258.09216532102 
 563   1224.28057035611 
 564   1188.30978470368 
 565   1158.87351196799 
 566   1132.38951867191 
 567   1091.50979805174 
 568   1050.19191321924 
 569   1024.01142380231 
 570   1002.91690563068 
 571   980.65579844491 
 572   958.752687291263 
 573   941.553660527434 
 574   923.662092836807 
 575   911.466083634479 
 576   913.030699292499 
 577   918.598168541839 
 578   913.143521168882 
 579   897.435340893926 
 580   889.071470075916 
 581   877.679974117292 
 582   860.339692809128 
 583   844.459758232862 
 584   827.783018447534 
 585   808.31943833463 
 586   787.981640414382 
 587   771.919198169092 
 588   757.661063350929 
 589   751.130118916777 
 590   756.93976852848 
 591   739.912561862581 
 592   725.430316172683 
 593   744.395702149223 
 594   749.822827605505 
 595   746.49311108188 
 596   750.485201346355 
 597   758.102450712775 
 598   763.537494262392 
 599   755.518084386233 
 600   736.946055850841 
 601   745.379365339869 
 602   747.079375332048 
 603   723.966646876473 
 604   720.664148543347 
 605   712.469347721733 
 606   697.687550520481 
 607   695.32525786284 
 608   676.359440874724 
 609   663.131151994257 
 610   673.220619459446 
 611   671.365873886514 
 612   663.462272339812 
 613   658.24116336294 
 614   654.315962647217 
 615   655.057189579505 
 616   652.090392098875 
 617   645.491433273868 
 618   654.524508714184 
 619   653.639166481406 
 620   638.416170600792 
 621   634.606466701762 
 622   639.993225294229 
 623   639.839995821377 
 624   629.061658999693 
 625   623.422400756834 
 626   618.247292529726 
 627   612.107429404512 
 628   610.74376263739 
 629   606.074928942482 
 630   605.472202989385 
 631   615.205785150323 
 632   622.915255288946 
 633   636.498917197068 
 634   665.593523250168 
 635   709.140160504335 
 636   754.158644790056 
 637   795.80658004843 
 638   834.856212242961 
 639   870.406302639779 
 640   899.425734202146 
 641   923.596875405543 
 642   944.75307906338 
 643   950.867285249944 
 644   939.42727063081 
 645   912.364211565501 
 646   868.220940184341 
 647   809.467667533579 
 648   759.922959359047 
 649   737.713810394332 
 650   702.555347635312 
 651   648.623676670583 
 652   599.260072975678 
 653   575.2906859824 
 654   550.316047266952 
 655   530.120542188901 
 656   540.341651874014 
 657   564.120382493264 
 658   565.048503830011 
 659   550.310724570919 
 660   569.22229557293 
 661   595.559494451409 
 662   611.773435042887 
 663   623.207237428128 
 664   638.948728989037 
 665   650.747363846007 
 666   654.549585560535 
 667   659.042021146301 
 668   673.347818666575 
 669   683.20293543824 
 670   676.179516124787 
 671   665.115827061715 
 672   662.412368097324 
 673   665.924469863472 
 674   666.654276739184 
 675   668.10182044768 
 676   672.460669532268 
 677   675.704558024142 
 678   672.245581851423 
 679   673.109487534056 
 680   690.064328560056 
 681   716.941825071654 
 682   729.66883756914 
 683   767.044178008104 
 684   799.195455268735 
 685   836.248026270829 
 686   1185.07718936575 
 687   1504.37099325843 
 688   1532.75113185871 
 689   1587.12720609393 
 690   1668.72317517993 
 691   1735.59132264155 
 692   1787.70419162541 
 693   1812.19738781338 
 694   1709.2433767852 
 695   1482.96738008738 
 696   1273.24841480361 
 697   1174.32832489008 
 698   1128.77461861972 
 699   1053.12391635655 
 700   952.673473696576 
 701   878.094939230195 
 702   835.138487784992 
 703   798.304214924946 
 704   765.700063791242 
 705   745.205350624118 
 706   748.851651742658 
 707   775.882594751545 
 708   791.549363794488 
 709   811.772219409372 
 710   839.866257418222 
 711   839.513337580681 
 712   843.44770438717 
 713   851.424711960866 
 714   855.307170144089 
 715   885.212976546648 
 716   905.782503360131 
 717   912.973520828922 
 718   930.61244770543 
 719   934.04081053862 
 720   948.939075943659 
 721   977.347806136539 
 722   984.366524294632 
 723   1003.18321889337 
 724   1017.18618916259 
 725   1013.00597453836 
 726   1026.08090499724 
 727   1032.0582779258 
 728   1040.51391547693 
 729   1069.08464793344 
 730   1084.03940458149 
 731   1102.27089437581 
 732   1136.08738299848 
 733   1176.91997569221 
 734   1222.12007139138 
 735   1258.50392490428 
 736   1285.17731331847 
 737   1317.04521166622 
 738   1352.42475579716 
 739   1380.16687080608 
 740   1411.63242733647 
 741   1473.67498352236 
 742   1512.72890679175 
 743   1557.18609702678 
 744   1639.78119885375 
 745   1697.19085277786 
 746   1778.27041858623 
 747   1875.49057787203 
 748   1945.77070194918 
 749   2032.75485382797 
 750   2123.51878143729 
 751   2226.88125436719 
 752   2360.89739943113 
 753   2456.43302665771 
 754   2548.54400722081 
 755   2676.88587610825 
 756   2824.64662812668 
 757   2987.12389047604 
 758   3166.0533254945 
 759   3365.0482704591 
 760   3586.5185184001 
 761   3830.06214799771 
 762   4113.67786072101 
 763   4466.35411411936 
 764   4902.73294132636 
 765   5388.60892618136 
 766   5946.94476020452 
 767   6619.27169732238 
 768   7396.31802940099 
 769   8312.44022171129 
 770   9412.19041861086 
 771   10724.7624645543 
 772   12261.6772431123 
 773   14060.0139822663 
 774   16192.256834874 
 775   18719.3733560686 
 776   21630.7924121444 
 777   24965.2854739993 
 778   28717.5239896 
 779   32822.0327597568 
 780   37215.7872656829 
 781   41676.9558994675 
 782   45888.8406342687 
 783   49620.1195036162 
 784   52933.0642219201 
 785   55781.4102642008 
 786   58106.6437975369 
 787   59892.2711295644 
 788   60000 
 789   60000 
 790   60000 
 791   59376.1390055761 
 792   56442.0082771989 
 793   53018.8709871988 
 794   49006.9526565455 
 795   44572.0000321346 
 796   39749.6886340168 
 797   34706.5580208922 
 798   29433.2144311985 
 799   23992.1424029449 
 800   19910.9020084441 
 801   17015.3354075935 
 802   14511.878699314 
 803   12480.1980544729 
 804   10869.6064182442 
 805   9561.54065125504 
 806   8511.78201383862 
 807   7743.45363606577 
 808   7066.74540399486 
 809   6449.12274088926 
 810   5942.83370137261 
 811   5509.7096760334 
 812   5059.66131944279 
 813   4676.31757298265 
 814   4416.95186156513 
 815   4164.30981158464 
 816   3942.40141274118 
 817   3744.56077776658 
 818   3559.74096986328 
 819   3418.89917144391 
 820   3298.03128139297 
 821   3170.97794414531 
 822   3046.93711136334 
 823   2956.96486778608 
 824   2870.30355354124 
 825   2786.78227180472 
 826   2716.31675118227 
 827   2650.42071539982 
 828   2593.87233363353 
 829   2523.66814431458 
 830   2449.59050762564 
 831   2413.75655381349 
 832   2357.7146703865 
 833   2293.07472243357 
 834   2237.85739816841 
 835   2173.99002890178 
 836   2129.37195220064 
 837   2097.46586833898 
 838   2063.77790772859 
 839   2029.68053275621 
 840   1995.95735064091 
 841   1965.71695160541 
 842   1954.02554216992 
 843   1961.78726138249 
 844   1938.87546936306 
 845   1920.74754670887 
 846   1926.01090158928 
 847   1929.2365632685 
 848   1931.02066567122 
 849   1940.53430903644 
 850   1937.98786267516 
 851   1905.01875913815 
 852   1880.6776600754 
 853   1899.62753412085 
 854   1921.57470827214 
 855   1900.56115179021 
 856   1876.12431398677 
 857   1867.31516876184 
 858   1863.07509584466 
 859   1851.64750024182 
 860   1844.08158746879 
 861   1851.06416382816 
 862   1858.63311562374 
 863   1862.5310202657 
 864   1883.98063256194 
 865   1919.13845781835 
 866   1953.54943598478 
 867   1984.92925274072 
 868   2026.81583929778 
 869   2083.47060134752 
 870   2122.38590378249 
 871   2143.99492052387 
 872   2177.64480812618 
 873   2209.14814591547 
 874   2222.44785154044 
 875   2217.37907552466 
 876   2206.56908080776 
 877   2198.45466167113 
 878   2178.47412868823 
 879   2171.4164120053 
 880   2184.46976496862 
 881   2171.22927520229 
 882   2165.50631966891 
 883   2172.35438736775 
 884   2183.37165977471 
 885   2204.69904378444 
 886   2234.16921307051 
 887   2289.26741859664 
 888   2344.1219772237 
 889   2368.3899655922 
 890   2426.99570500296 
 891   2481.7202041139 
 892   2531.04544991179 
 893   2597.34904552534 
 894   2641.79667338511 
 895   2681.99169126762 
 896   2717.70956879294 
 897   2754.74971997317 
 898   2815.8895740363 
 899   2851.13942836334 
 900   2868.33703900015 
 901   2895.03807146575 
 902   2933.55500259994 
 903   2970.69441215811 
 904   2981.42314240865 
 905   2961.27171440721 
 906   2921.62921402747 
 907   2867.40803977223 
 908   2815.88475370992 
 909   2776.00653730509 
 910   2733.05832893879 
 911   2663.20326408646 
 912   2583.5018759051 
 913   2508.1699330312 
 914   2454.65120146601 
 915   2420.98163177672 
 916   2354.37737516769 
 917   2290.04327892747 
 918   2228.90126875136 
 919   2151.75683593752 
 920   2090.70429880954 
 921   2044.96399397766 
 922   1992.56134455047 
 923   1930.08439465957 
 924   1881.3728872531 
 925   1853.51638999537 
 926   1820.84265471761 
 927   1785.05496024063 
 928   1759.25362885151 
 929   1719.53306627011 
 930   1690.31065000088 
 931   1690.05070743566 
 932   1689.97021597957 
 933   1644.57251805888 
 934   1592.13635756771 
 935   1546.89301790393 
 936   1509.40828310271 
 937   1482.01478633017 
 938   1456.77506447175 
 939   1411.76725395979 
 940   1354.20085180565 
 941   1308.23959101073 
 942   1285.38859724567 
 943   1282.55684087863 
 944   1287.93400181322 
 945   1286.93720672979 
 946   1271.30624195042 
 947   1250.35044281447 
 948   1250.9023144361 
 949   1251.37886313628 
 950   1238.48258272062 
 951   1239.42085716383 
 952   1222.63068052026 
 953   1209.98395008288 
 954   1207.28824887885 
 955   1207.29238447054 
 956   1240.25207166278 
 957   1242.88199406192 
 958   1225.89749525883 
 959   1220.63928874573 
 960   1213.02779248491 
 961   1217.50131948917 
 962   1213.46374223727 
 963   1199.92552601145 
 964   1186.01595707359 
 965   1154.63756600266 
 966   1129.89241772714 
 967   1134.78307771451 
 968   1149.61952967102 
 969   1145.30182681407 
 970   1154.57198601429 
 971   1152.3115087725 
 972   1146.61411758289 
 973   1150.13460088104 
 974   1141.81070899376 
 975   1156.88576576051 
 976   1172.06539486496 
 977   1185.30300788217 
 978   1210.64688348282 
 979   1214.55634142076 
 980   1230.51919569071 
 981   1250.63967199518 
 982   1265.51612979417 
 983   1290.33132929779 
 984   1306.6473711114 
 985   1320.90895991669 
 986   1337.24138336487 
 987   1342.14861534482 
 988   1329.17984828708 
 989   1340.09173617644 
 990   1356.5414471567 
 991   1360.34563950838 
 992   1355.23062732632 
 993   1336.97573411341 
 994   1305.2039376318 
 995   1242.17819072055 
 996   1187.60667690603 
 997   1181.74576263501 
 998   1143.30720193904 
 999   1114.71769042487 
 1000   1088.46344106717 
 1001   1059.24705074624 
 1002   1065.51889368263 
 1003   1075.85311553415 
 1004   1101.76539938941 
 1005   1120.53756473921 
 1006   1120.42430721936 
 1007   1132.78661121844 
 1008   1121.84276981545 
 1009   1151.45391808808 
 1010   1192.41419147311 
 1011   1178.71069739363 
 1012   1167.61441052025 
 1013   1190.58453800583 
 1014   1205.36476226169 
 1015   1201.7942809229 
 1016   1209.05715451567 
 1017   1217.67340197618 
 1018   1204.30561874255 
 1019   1194.08727625257 
 1020   1201.22578837142 
 1021   1203.52356672357 
 1022   1193.71750124705 
 1023   1209.85329830999 
 1024   1229.16010200573 
 1025   1246.11567491093 
 1026   1275.26507847235 
 1027   1270.50451459043 
 1028   1295.91661778496 
 1029   1267.31103440157 
 1030   1192.86706280615 
 1031   1203.14251965594 
 1032   1215.31483399724 
 1033   1239.56268784974 
 1034   1259.88945110444 
 1035   1275.44395841365 
 1036   1312.18122169866 
 1037   1342.22316309881 
 1038   1469.76965716317 
 1039   1595.40626759645 
 1040   1643.4928509605 
 1041   1700.36978120717 
 1042   1741.99505357464 
 1043   1794.33329476622 
 1044   1859.58324676441 
 1045   1942.77592572206 
 1046   2060.09810828282 
 1047   2175.86186090778 
 1048   2292.8860682196 
 1049   2429.9002973668 
 1050   2585.54487715023 
 1051   2747.26993496591 
 1052   2929.87040758635 
 1053   3135.86895573516 
 1054   3334.29889391063 
 1055   3560.32325995805 
 1056   3866.85240028451 
 1057   4173.88966119509 
 1058   4510.83450328718 
 1059   4887.92890365529 
 1060   5278.55422377571 
 1061   5653.98071023266 
 1062   6010.39656110409 
 1063   6397.76341973653 
 1064   6727.91431366108 
 1065   6952.14832349593 
 1066   7115.24502015147 
 1067   7208.10343837332 
 1068   7201.26248726583 
 1069   7240.32230973421 
 1070   7412.88845862085 
 1071   7488.74538174349 
 1072   7150.68007680386 
 1073   6745.35173148182 
 1074   6309.55825253872 
 1075   5854.73907294151 
 1076   5429.24155106953 
 1077   5016.97679940339 
 1078   4692.07366863872 
 1079   3965.31153130693 
 1080   3314.50435757635 
 1081   3132.56501125629 
 1082   2913.17679768281 
 1083   2733.36319936762 
 1084   2594.30672510837 
 1085   2460.49403302329 
 1086   2343.8668034342 
 1087   2262.76054503528 
 1088   2179.34829858673 
 1089   2100.86880150826 
 1090   2060.38553626318 
 1091   2034.95208718492 
 1092   1985.97193958062 
 1093   1943.70021145677 
 1094   1928.9798495967 
 1095   1903.15859696938 
 1096   1873.16084404812 
 1097   1856.07907211138 
 1098   1818.90052871247 
 1099   1756.79363900171 
 1100   1711.50975443316 
 1101   1685.05756256509 
 1102   1638.67974065245 
 1103   1569.06034325699 
 1104   1535.87883402809 
 1105   1509.3395610193 
 1106   1486.02730126504 
 1107   1472.78269707814 
 1108   1463.07570270646 
 1109   1444.48624281371 
 1110   1400.89858019519 
 1111   1374.41638801208 
 1112   1367.21968217217 
 1113   1358.92493289266 
 1114   1347.28528523432 
 1115   1321.81647681067 
 1116   1291.23531590447 
 1117   1272.62606410057 
 1118   1281.86477224434 
 1119   1309.97773328919 
 1120   1318.31051328239 
 1121   1296.75780072853 
 1122   1280.94735216865 
 1123   1260.093036901 
 1124   1222.42706495136 
 1125   1204.75649016771 
 1126   1217.62920329995 
 1127   1194.18148755593 
 1128   1168.22224379524 
 1129   1165.1926088553 
 1130   1151.44152976345 
 1131   1128.78241580155 
 1132   1161.34793290503 
 1133   1182.20071423432 
 1134   1163.33803338995 
 1135   1143.51979350073 
 1136   1146.02732565159 
 1137   1149.6721803941 
 1138   1156.23246917893 
 1139   1183.30901133482 
 1140   1195.47333962901 
 1141   1191.16949537778 
 1142   1219.39910649158 
 1143   1222.19248857785 
 1144   1238.41474054056 
 1145   1240.72663011399 
 1146   1236.52059388908 
 1147   1253.48705889178 
 1148   1244.15917973216 
 1149   1225.30613918657 
 1150   1199.90396728141 
 1151   1197.64150483644 
 1152   1212.00097650793 
 1153   1213.06053809884 
 1154   1219.55447715449 
 1155   1186.79611527047 
 1156   1180.90070347595 
 1157   1188.24906164375 
 1158   1192.18286708022 
 1159   1226.89209512938 
 1160   1228.57623871768 
 1161   1219.41052841436 
 1162   1227.45425457506 
 1163   1253.71893575802 
 1164   1277.67242759097 
 1165   1284.99824116305 
 1166   1289.08056804761 
 1167   1277.40864956753 
 1168   1278.68512261511 
 1169   1306.08609966358 
 1170   1329.9193046626 
 1171   1334.47522707503 
 1172   1356.7093733873 
 1173   1379.88814850016 
 1174   1389.31967620128 
 1175   1407.20313506201 
 1176   1434.74090271715 
 1177   1437.19125562398 
 1178   1444.17039326208 
 1179   1458.39360046179 
 1180   1457.44168554127 
 1181   1449.86462167719 
 1182   1463.51056111063 
 1183   1494.1196969638 
 1184   1518.57756674118 
 1185   1547.23637832158 
 1186   1566.78800423573 
 1187   1576.15438194092 
 1188   1603.84664611505 
 1189   1660.02644182328 
 1190   1709.35953796828 
 1191   1756.31434766141 
 1192   1790.96276878346 
 1193   1832.12529051767 
 1194   1895.64201588926 
 1195   1959.53122719766 
 1196   2028.21595614719 
 1197   2077.00461052957 
 1198   2126.94255395888 
 1199   2185.17569293132 
 1200   2246.98612772233 
 1201   2322.49938306123 
 1202   2398.78090095836 
 1203   2460.08392154467 
 1204   2535.5186048273 
 1205   2634.39970434025 
 1206   2752.19150385751 
 1207   2891.46228699803 
 1208   3052.48319681773 
 1209   3261.31667360765 
 1210   3443.39343921684 
 1211   3668.85955042717 
 1212   3969.4736446662 
 1213   4281.15090132153 
 1214   4618.141993069 
 1215   4949.1654755302 
 1216   5295.55979967052 
 1217   5633.64967926786 
 1218   5963.09279698302 
 1219   6271.92952522484 
 1220   6498.66023323731 
 1221   6664.70311914738 
 1222   6782.10584451711 
 1223   6833.68936489793 
 1224   6794.62647564884 
 1225   6723.79772762399 
 1226   6639.26059140676 
 1227   6395.68775960921 
 1228   6092.55543439821 
 1229   5732.15413819855 
 1230   5390.22779925596 
 1231   5069.61027298828 
 1232   4723.03343120617 
 1233   4400.4994045152 
 1234   4092.29123123501 
 1235   3854.07259771466 
 1236   3653.90319999214 
 1237   3476.25386509664 
 1238   3314.70284346433 
 1239   3156.02150362096 
 1240   3036.48660457604 
 1241   2931.14631760403 
 1242   2838.51603171819 
 1243   2757.27955449777 
 1244   2686.47557949104 
 1245   2622.91144498354 
 1246   2564.7780592508 
 1247   2525.45390824453 
 1248   2474.47419808951 
 1249   2430.40333187896 
 1250   2401.84652520431 
 1251   2390.61594240483 
 1252   2387.47901140279 
 1253   2363.41223480652 
 1254   2344.71718884306 
 1255   2338.071455404 
 1256   2334.90569753421 
 1257   2340.01003450089 
 1258   2355.1753569908 
 1259   2359.28547956485 
 1260   2339.93325986756 
 1261   2331.55592350634 
 1262   2339.28880288172 
 1263   2347.73873995731 
 1264   2368.90497488743 
 1265   2407.38021157476 
 1266   2437.17339922257 
 1267   2461.29701930569 
 1268   2507.76328646114 
 1269   2549.53253708839 
 1270   2604.08764205644 
 1271   2660.66063093021 
 1272   2677.21281861788 
 1273   2655.37517893743 
 1274   2630.60531000249 
 1275   2617.99351335553 
 1276   2566.37067349368 
 1277   2542.05564652872 
 1278   2529.46768102987 
 1279   2481.42247194169 
 1280   2451.84373472457 
 1281   2441.93771631325 
 1282   2419.06760542896 
 1283   2429.56330341738 
 1284   2478.45315766129 
 1285   2499.81812177215 
 1286   2488.2812386573 
 1287   2498.6400517209 
 1288   2511.97500674133 
 1289   2531.86553839052 
 1290   2575.80263940759 
 1291   2575.935416949 
 1292   2559.78940760517 
 1293   2575.88620569558 
 1294   2599.25521936165 
 1295   2621.72864088759 
 1296   2629.40810576847 
 1297   2644.37284488188 
 1298   2669.75475170236 
 1299   2715.19798623547 
 1300   2752.7027912185 
 1301   2762.1474568797 
 1302   2777.29625249364 
 1303   2785.53001828947 
 1304   2813.13626424196 
 1305   2849.33337768439 
 1306   2881.00921282161 
 1307   2884.88745948712 
 1308   2874.42217386495 
 1309   2891.51543514072 
 1310   2917.01199307516 
 1311   2941.54112528545 
 1312   2959.44832522642 
 1313   2973.72379035495 
 1314   2970.56138496304 
 1315   2980.70542052324 
 1316   3028.77283986092 
 1317   3062.09249565758 
 1318   3079.2572191264 
 1319   3104.54666764542 
 1320   3107.65515077322 
 1321   3118.89539479411 
 1322   3144.09914690312 
 1323   3159.3085711673 
 1324   3176.31768800867 
 1325   3197.67397962534 
 1326   3191.31917204296 
 1327   3196.48569299949 
 1328   3237.55618910394 
 1329   3264.10483789628 
 1330   3265.10888890456 
 1331   3272.76260047114 
 1332   3279.26177043478 
 1333   3283.90939505805 
 1334   3333.50900734279 
 1335   3374.43791155626 
 1336   3402.27996436287 
 1337   3438.05952771619 
 1338   3491.07066053775 
 1339   3549.80804782387 
 1340   3600.48051667139 
 1341   3666.97592524559 
 1342   3772.28782817386 
 1343   3900.38142521274 
 1344   4068.00413997531 
 1345   4227.63327565878 
 1346   4388.17015950161 
 1347   4568.56184151786 
 1348   4726.94665762858 
 1349   4902.95552884192 
 1350   5067.21478894807 
 1351   5167.32259269493 
 1352   5188.58086334531 
 1353   5202.24882492591 
 1354   5202.49226734239 
 1355   5170.45998492949 
 1356   5141.89365859311 
 1357   5070.6036008036 
 1358   4965.10272381963 
 1359   4893.5450847519 
 1360   4860.26762351557 
 1361   4812.68050158922 
 1362   4768.95831531908 
 1363   4720.59698315997 
 1364   4635.23094313258 
 1365   4578.24025563499 
 1366   4548.25256797115 
 1367   4500.3404571138 
 1368   4417.77425571138 
 1369   4376.41242139511 
 1370   4370.54538741332 
 1371   4383.47455819442 
 1372   4422.14805991872 
 1373   4440.16533151518 
 1374   4422.47167968751 
 1375   4425.67673210806 
 1376   4468.7785542966 
 1377   4493.3269473404 
 1378   4515.11967500748 
 1379   4542.58922386566 
 1380   4569.5280956779 
 1381   4606.85468484884 
 1382   4644.71829541629 
 1383   4682.32406657483 
 1384   4719.34870761016 
 1385   4740.9948951238 
 1386   4762.88006917388 
 1387   4794.40642919935 
 1388   4790.02182614488 
 1389   4776.4445612361 
 1390   4820.01078176193 
 1391   4879.30476199618 
 1392   4950.75099935508 
 1393   5044.663879187 
 1394   5084.13406586985 
 1395   5135.07255122398 
 1396   5250.30727386316 
 1397   5362.41722733867 
 1398   5456.77609086709 
 1399   5561.65577153044 
 1400   5648.27663642049 
 1401   5765.67551915159 
 1402   5877.63318607331 
 1403   6043.75843614581 
 1404   6195.51720848833 
 1405   6378.58103647781 
 1406   6551.98303296583 
 1407   6733.87672931708 
 1408   6968.89669210297 
 1409   7173.71563260543 
 1410   7422.59226072168 
 1411   7667.61536278941 
 1412   7938.51590529148 
 1413   8216.88779591317 
 1414   8513.36732701932 
 1415   8778.76080616702 
 1416   9041.65463735023 
 1417   9298.70424470283 
 1418   9514.55133855845 
 1419   9787.14722063395 
 1420   10018.7650991793 
 1421   10211.7562617672 
 1422   10430.7007695811 
 1423   10634.2817015434 
 1424   10777.2107342063 
 1425   10948.2240617674 
 1426   10980.9242282362 
 1427   11370.3226005328 
 1428   12261.0889382187 
 1429   12231.0125919432 
 1430   12227.5082497062 
 1431   12216.9462416842 
 1432   12190.069542565 
 1433   12093.1822286386 
 1434   12126.0081810143 
 1435   11469.6783394 
 1436   10697.3763507993 
 1437   10669.6159927699 
 1438   10474.0556567045 
 1439   10263.0684036455 
 1440   10043.0393384632 
 1441   9859.44311305857 
 1442   9641.62553211296 
 1443   9417.55640559103 
 1444   9205.18549879354 
 1445   8945.0571405446 
 1446   8664.47816352996 
 1447   8423.79475733164 
 1448   8195.76959913686 
 1449   7967.99559253402 
 1450   7748.57333380487 
 1451   7506.06778213059 
 1452   7239.65478310519 
 1453   7033.96046133519 
 1454   6850.19597452497 
 1455   6683.40797702465 
 1456   6484.02154755732 
 1457   6272.18454179268 
 1458   6105.5703560548 
 1459   5950.98754810239 
 1460   5824.66323179213 
 1461   5683.80416849264 
 1462   5572.75074348624 
 1463   5441.16610198395 
 1464   5335.31657169363 
 1465   5222.07677754605 
 1466   5108.03598362493 
 1467   5008.97610295118 
 1468   4915.76795472697 
 1469   4832.06166671115 
 1470   4741.92633468382 
 1471   4641.68125915457 
 1472   4576.74315010081 
 1473   4515.52079110505 
 1474   4444.1563091892 
 1475   4387.33646643756 
 1476   4314.33520426201 
 1477   4223.35195309926 
 1478   4154.41168444265 
 1479   4091.28967594339 
 1480   4012.01716835097 
 1481   3946.99396545682 
 1482   3896.94705168433 
 1483   3849.04419138112 
 1484   3822.40307130938 
 1485   3794.05863567824 
 1486   3755.20370438029 
 1487   3719.84331089083 
 1488   3699.1149079857 
 1489   3664.24848016891 
 1490   3619.03112945294 
 1491   3564.06983546256 
 1492   3513.91561489771 
 1493   3483.82779069709 
 1494   3443.46243349031 
 1495   3426.14123146649 
 1496   3393.74837762562 
 1497   3398.16273449324 
 1498   3368.58013285898 
 1499   3385.07823045493 
 1500   3360.15981057951 
 1501   3338.07687401992 
 1502   3319.6383547263 
 1503   3290.58453301718 
 1504   3263.93894310762 
 1505   3217.37538072832 
 1506   3180.35320792264 
 1507   3155.94796014397 
 1508   3158.07230881785 
 1509   3163.50002545946 
 1510   3149.66568022658 
 1511   3132.80077037503 
 1512   3124.94251474056 
 1513   3137.26440122117 
 1514   3120.23385064341 
 1515   3094.15684955191 
 1516   3084.97326381248 
 1517   3082.45990512695 
 1518   3093.41108287871 
 1519   3091.91636106519 
 1520   3054.67176622869 
 1521   3010.13185507758 
 1522   3017.27021104674 
 1523   3004.89641993445 
 1524   2972.40993407538 
 1525   2958.9667470168 
 1526   2941.12851216975 
 1527   2924.15756420104 
 1528   2958.27872391502 
 1529   2977.13323183739 
 1530   2952.42235707482 
 1531   2957.52847383354 
 1532   2956.87669797092 
 1533   2901.19601131556 
 1534   2873.03222312598 
 1535   2895.86936842832 
 1536   2911.75147980749 
 1537   2960.95958354208 
 1538   3005.42133481754 
 1539   3013.2368363723 
 1540   3069.1749193357 
 1541   3122.38745128182 
 1542   3136.6601673948 
 1543   3131.96114531175 
 1544   3119.56672775461 
 1545   3100.70614603821 
 1546   3058.70384920751 
 1547   3006.93260519218 
 1548   2975.94804929285 
 1549   2934.41080298617 
 1550   2876.41721274644 
 1551   2816.30424218404 
 1552   2786.36055343464 
 1553   2718.34273903308 
 1554   2699.66484865593 
 1555   2667.14778650174 
 1556   2647.26034517916 
 1557   2628.68346483922 
 1558   2624.21696789169 
 1559   2590.53579195548 
 1560   2541.53475433704 
 1561   2543.20313351707 
 1562   2534.95556500541 
 1563   2502.5689096346 
 1564   2491.33657090497 
 1565   2502.91496459318 
 1566   2457.87739293139 
 1567   2465.15511331385 
 1568   2491.37154351793 
 1569   2459.20657271041 
 1570   2452.46404535515 
 1571   2426.98823921908 
 1572   2406.4842735271 
 1573   2403.90523733902 
 1574   2377.95254236486 
 1575   2325.87189803207 
 1576   2313.00864721613 
 1577   2326.15627325421 
 1578   2332.06851494326 
 1579   2322.25394788267 
 1580   2274.85608034283 
 1581   2277.33512618392 
 1582   2288.5207717663 
 1583   2287.53897561866 
 1584   2250.16734230203 
 1585   2224.11302556577 
 1586   2213.87776449264 
 1587   2215.707294563 
 1588   2195.12533299785 
 1589   2168.7656058998 
 1590   2145.7282385624 
 1591   2126.02412169881 
 1592   2105.88941336511 
 1593   2099.6095284462 
 1594   2107.09497329876 
 1595   2101.58067384479 
 1596   2086.74173054095 
 1597   2079.19812672085 
 1598   2067.28308723724 
 1599   2057.1358553223 
 1600   2051.6420733785 
 1601   2017.22263653982 
 1602   2001.0305094727 
 1603   2004.31025500404 
 1604   1988.2116750884 
 1605   1994.65004022233 
 1606   1998.74127173562 
 1607   1978.82300364872 
 1608   1962.15372618892 
 1609   1944.6299946246 
 1610   1932.37059271494 
 1611   1926.09057467454 
 1612   1908.33203353049 
 1613   1889.99739275192 
 1614   1889.63528946942 
 1615   1897.73016519224 
 1616   1892.76487678585 
 1617   1884.82392050518 
 1618   1889.33805886194 
 1619   1883.59040867214 
 1620   1866.85343619836 
 1621   1855.71088268932 
 1622   1840.02096439937 
 1623   1828.69353634747 
 1624   1829.10761699066 
 1625   1823.62331584781 
 1626   1805.8003601983 
 1627   1810.69186396485 
 1628   1794.35442284744 
 1629   1777.68462154177 
 1630   1777.31214802935 
 1631   1761.45300370853 
 1632   1774.50966445648 
 1633   1801.31371830474 
 1634   1802.78692647056 
 1635   1802.25149994922 
 1636   1818.59194938165 
 1637   1817.99147036198 
 1638   1816.78124616631 
 1639   1805.4218110352 
 1640   1767.99638030043 
 1641   1738.06380482144 
 1642   1730.30596660297 
 1643   1733.93983190464 
 1644   1723.3615556394 
 1645   1720.53341258054 
 1646   1715.01905280996 
 1647   1702.46080744621 
 1648   1725.32258200338 
 1649   1739.8927216197 
 1650   1719.54815986056 
 1651   1719.91716403442 
 1652   1714.53146345306 
 1653   1713.96584619148 
 1654   1712.01056881264 
 1655   1709.78482315181 
 1656   1704.50134453963 
 1657   1721.35622379921 
 1658   1726.16286907829 
 1659   1742.7825716639 
 1660   1753.24181379266 
 1661   1760.38837158951 
 1662   1767.48883093122 
 1663   1778.49705452087 
 1664   1774.24572996527 
 1665   1755.16801193272 
 1666   1771.69379906598 
 1667   1782.74303810687 
 1668   1781.0817852591 
 1669   1798.90573681687 
 1670   1799.55606116769 
 1671   1821.28987012301 
 1672   1866.06560857881 
 1673   1866.5689289599 
 1674   1875.25630801658 
 1675   1902.97738793161 
 1676   1926.74290546924 
 1677   1970.35134488865 
 1678   1981.11987525528 
 1679   1976.10404712967 
 1680   1985.57290796853 
 1681   1994.7062305254 
 1682   2001.08201081913 
 1683   2026.12454515448 
 1684   1995.49920910702 
 1685   1997.56988928723 
 1686   1994.71369372202 
 1687   2019.19902585252 
 1688   2048.17308627265 
 1689   2082.65425915141 
 1690   2111.18180911729 
 1691   2174.19885404587 
 1692   2254.93820028095 
 1693   2369.07827248875 
 1694   2478.79783870365 
 1695   2599.11476163898 
 1696   2728.05479179995 
 1697   2920.40697808842 
 1698   3139.30269042604 
 1699   3408.51778916456 
 1700   3738.68576743406 
 1701   4200.07252114123 
 1702   4670.53045360589 
 1703   5260.25452729826 
 1704   5880.56601800641 
 1705   6523.54384828603 
 1706   7178.02449158842 
 1707   7785.93219028284 
 1708   8285.90310867369 
 1709   8683.30404027043 
 1710   8859.4996789111 
 1711   8974.54987733919 
 1712   8950.44452003527 
 1713   8720.34707364507 
 1714   8390.69215242748 
 1715   8003.08430060656 
 1716   7559.53389058948 
 1717   7070.45364866529 
 1718   6571.25812790806 
 1719   6104.93883808285 
 1720   5697.72146745155 
 1721   5315.47404843846 
 1722   4943.6210877973 
 1723   4610.70611731932 
 1724   4353.26074789992 
 1725   4108.22965938256 
 1726   3848.64209093187 
 1727   3600.0431952073 
 1728   3381.26251643119 
 1729   3203.70498776919 
 1730   3013.59873936889 
 1731   2820.74330935604 
 1732   2661.67377681525 
 1733   2540.22809481132 
 1734   2432.20293813692 
 1735   2333.07822018846 
 1736   2228.2491852429 
 1737   2178.11477702637 
 1738   2138.48648137833 
 1739   2063.43352786473 
 1740   2035.95765315041 
 1741   2007.74683224274 
 1742   1976.20934155702 
 1743   1966.74871296483 
 1744   1948.3930192569 
 1745   1923.71215016636 
 1746   1940.36368912092 
 1747   1946.20853801344 
 1748   1951.35969426929 
 1749   1966.92243717345 
 1750   1938.59292965902 
 1751   1912.63719557144 
 1752   1894.71504596735 
 1753   1849.37927274087 
 1754   1808.75409081814 
 1755   1782.35988747983 
 1756   1749.36396268506 
 1757   1705.86049336646 
 1758   1646.43036292417 
 1759   1602.04105085771 
 1760   1574.884971295 
 1761   1524.23585809148 
 1762   1462.39477807298 
 1763   1396.33294319439 
 1764   1351.36730163947 
 1765   1312.72907033243 
 1766   1294.96036658046 
 1767   1264.08396590378 
 1768   1226.93353057653 
 1769   1196.04495832567 
 1770   1168.6966741784 
 1771   1159.41685963447 
 1772   1159.81261211338 
 1773   1140.48036618117 
 1774   1135.32736748701 
 1775   1135.99340149615 
 1776   1165.50999199517 
 1777   1204.3960798172 
 1778   1210.18430365218 
 1779   1229.69994164109 
 1780   1240.1456747554 
 1781   1224.46308672523 
 1782   1209.68778669739 
 1783   1174.00650241013 
 1784   1142.32504612858 
 1785   1126.87243741919 
 1786   1086.24818151651 
 1787   1052.10085883 
 1788   1040.37827564408 
 1789   1022.8419847865 
 1790   1003.30675425325 
 1791   994.547834133933 
 1792   967.392808160837 
 1793   953.74517772295 
 1794   954.02394066067 
 1795   933.806464734386 
 1796   947.065890259178 
 1797   957.715945031363 
 1798   1018.51189898269 
 1799   1068.85346122415 
 1800   1052.62890350647 
 1801   1052.72153199299 
 1802   1068.12495860729 
 1803   1049.91446248311 
 1804   1026.67421897738 
 1805   924.964170151265 
 1806   892.720699337491 
 1807   904.775727900915 
 1808   894.652152367057 
 1809   880.800860216487 
 1810   868.134572244304 
 1811   869.414320747612 
 1812   885.379940729825 
 1813   872.225206722927 
 1814   855.593389070011 
 1815   853.898753267916 
 1816   852.177927527021 
 1817   854.028823437891 
 1818   861.65223625494 
 1819   857.211336524032 
 1820   872.426144492846 
 1821   865.693191451627 
 1822   865.070553602015 
 1823   871.597643128936 
 1824   854.890363443229 
 1825   837.583365780306 
 1826   826.251752126907 
 1827   813.015288902889 
 1828   822.306222116237 
 1829   791.609585608431 
 1830   788.041808506244 
 1831   803.980899797317 
 1832   816.39319345696 
 1833   815.001095510693 
 1834   799.128593733764 
 1835   791.43882218127 
 1836   804.14644628274 
 1837   798.902020661071 
 1838   764.551739039249 
 1839   741.705387414585 
 1840   741.383896500793 
 1841   741.380861658489 
 1842   735.057070093717 
 1843   727.439137410785 
 1844   742.678219418434 
 1845   765.353824314164 
 1846   754.745318703104 
 1847   756.277191591644 
 1848   761.092682532237 
 1849   783.327485248633 
 1850   773.486637652163 
 1851   762.51202192365 
 1852   756.610051546031 
 1853   759.890324536632 
 1854   772.116432151975 
 1855   749.204250579995 
 1856   706.105943142924 
 1857   694.362553965273 
 1858   692.767534589873 
 1859   694.167057766311 
 1860   704.720198222889 
 1861   681.518790792217 
 1862   703.262952709772 
 1863   730.810276000943 
 1864   747.097389558916 
 1865   738.065299964624 
 1866   724.93611375025 
 1867   710.354316853297 
 1868   718.525044278713 
 1869   735.423113827005 
 1870   716.044232445851 
 1871   687.593447977618 
 1872   695.706205073903 
 1873   706.976459587626 
 1874   712.647384403662 
 1875   698.078305900281 
 1876   675.920212686411 
 1877   700.368945184894 
 1878   684.87363687713 
 1879   674.803001750889 
 1880   668.658554355105 
 1881   668.141378466716 
 1882   634.042681484339 
 1883   620.317816169751 
 1884   610.123324683955 
 1885   620.560918455958 
 1886   600.135875406506 
 1887   597.92834267014 
 1888   606.120700039802 
 1889   626.781272702636 
 1890   647.65004534915 
 1891   657.487121718192 
 1892   674.060364496615 
 1893   689.999749583175 
 1894   673.67014678575 
 1895   673.548856648416 
 1896   667.991846904284 
 1897   641.233935384072 
 1898   621.553883540916 
 1899   605.897371041995 
 1900   608.217121083768 
 1901   600.216673865232 
 1902   606.32981529701 
 1903   601.227031486014 
 1904   615.115405533149 
 1905   637.595731847772 
 1906   642.099123097652 
 1907   633.933481534718 
 1908   612.973117976293 
 1909   606.063584175961 
 1910   617.009898744996 
 1911   613.209812890684 
 1912   601.239148714497 
 1913   571.479750043844 
 1914   590.355645239125 
 1915   605.672899720224 
 1916   597.44286833403 
 1917   597.813469253631 
 1918   569.863456030928 
 1919   578.653283719226 
 1920   585.26493701739 
 1921   576.936097414122 
 1922   578.033895135292 
 1923   13.9072139380425 
 1924   32.0666662967126 
 1925   27.8666758743364 
 1926   40.4063148734628 
 1927   61.0685636748695 
 1928  -14.836171812994 
 1929   270.633840984183 
 1930   651.717937162685 
 1931   598.642896799945 
 1932   601.252348828823 
 1933   575.613369000189 
 1934   578.753038864192 
 1935   565.809954898538 
 1936   548.914441459572 
 1937   529.952353440279 
 1938   528.299721392927 
 1939   506.434201802769 
 1940   485.250909889861 
 1941   489.728589483487 
 1942   495.497516108003 
 1943   493.982912529412 
 1944   473.713550329248 
 1945   471.762484238584 
 1946   471.906343704856 
 1947   581.611685884949 
 1948   657.484821735464 
 1949   640.060045298217 
 1950   669.221512320019 
 1951   711.922215228608 
 1952   718.381730832914 
 1953   708.357414386323 
 1954   535.423498656244 
 1955   534.185601507782 
 1956   534.185066713524 
 1957   525.025844234688 
 1958   500.4926371926 
 1959   515.929124930942 
 1960   570.744581217758 
 1961   574.897539900675 
 1962   562.524353412151 
 1963   531.602317567187 
 1964   533.336879463223 
 1965   541.687119983485 
 1966   489.0898264381 
 1967   465.357046461343 
 1968   464.230386183785 
 1969   462.088199073061 
 1970   460.206798906928 
 1971   432.503499876331 
 1972   423.16634712487 
 1973   424.9628667161 
 1974   407.961625154004 
 1975   408.822413710139 
 1976   396.371304851728 
 1977   412.307876553242 
 1978   430.510665992235 
 1979   425.54586214828 
 1980   430.096045168649 
 1981   417.627977829827 
 1982   404.635303010418 
 1983   400.090681667423 
 1984   371.29238375342 
 1985   374.310645265328 
 1986   358.197815134028 
 1987   365.142122041269 
 1988   374.609739681701 
 1989   374.894390555589 
 1990   372.042674728362 
 1991   362.131297851893 
 1992   350.644484949677 
 1993   354.209176480093 
 1994   369.110549567872 
 1995   365.325461073998 
 1996   371.624968306042 
 1997   357.434450234104 
 1998   362.277315171151 
 1999   384.979575410604 
 2000   371.95475063555 
 2001   353.977007492102 
 2002   348.398342093168 
 2003   352.887145472594 
 2004   350.42814211073 
 2005   332.416154639638 
 2006   314.501250691013 
 2007   321.152756284252 
 2008   328.576880938435 
 2009   311.521456454447 
 2010   328.900004421215 
 2011   348.125559894297 
 2012   350.998841188352 
 2013   348.522796881268 
 2014   346.110206041503 
 2015   343.580165512783 
 2016   349.126424940094 
 2017   322.492120558412 
 2018   319.190478730711 
 2019   309.890161781549 
 2020   296.067068591408 
 2021   288.346595755256 
 2022   285.76473359938 
 2023   273.983911103017 
 2024   286.068748481917 
 2025   287.530919628048 
 2026   277.634782509402 
 2027   289.510222135583 
 2028   276.463631300704 
 2029   296.119948794121 
 2030   298.386635501426 
 2031   278.764649866964 
 2032   291.031228177451 
 2033   282.562496305718 
 2034   289.613983740784 
 2035   279.56589633784 
 2036   269.255675525483 
 2037   260.696632744383 
 2038   257.045241559012 
 2039   273.337033043136 
 2040   264.578818840028 
 2041   250.051595238606 
 2042   223.033823016638 
 2043   223.716158090705 
 2044   236.42175982639 
 2045   215.193892307463 
 2046   243.256337054703 
 2047   257.362819317009 
 2048   285.845654026581 
 2049   290.810608823711 
 2050   296.674457271024 
 2051   298.708325608564 
 2052   280.358929394861 
 2053   255.079095063621 
 2054   244.780957137693 
 2055   250.210320416013 
 2056   248.414356468771 
 2057   229.014303041385 
 2058   232.691673676286 
 2059   245.334440701813 
 2060   234.806291161769 
 2061   205.248096695501 
 2062   195.904079343215 
 2063   205.604456563914 
 2064   211.006725353105 
 2065   210.428108874969 
 2066   206.816199039077 
 2067   220.352417033916 
 2068   253.390089389916 
 2069   220.590338436567 
 2070   226.136838546748 
 2071   206.788781946276 
 2072   208.867219593352 
 2073   200.651753849563 
 2074   203.466006267187 
 2075   204.434646060279 
 2076   230.349044048412 
 2077   221.428961628865 
 2078   234.19600127332 
 2079   241.516612325884 
 2080   219.548943690109 
 2081   215.62749806596 
 2082   188.835449130052 
 2083   215.890676439341 
 2084   203.020543274502 
 2085   188.206668426788 
 2086   190.308892772031 
 2087   191.511165643217 
 2088   190.380589659074 
 2089   174.836736757061 
 2090   175.334775125707 
 2091   167.482432202458 
 2092   180.623581671733 
 2093   172.054304314196 
 2094   205.478153684251 
 2095   221.263469719998 
 2096   226.842759733511 
 2097   236.786427180535 
 2098   245.963812451385 
 2099   252.044516914969 
 2100   241.078836847016 
 2101   228.689740830464 
 2102   223.592042184607 
 2103   224.095702797853 
 2104   227.447365435964 
 2105   221.114263862006 
 2106   213.058161908636 
 2107   211.930652639196 
 2108   189.463946311825 
 2109   160.541261208702 
 2110   161.130557218355 
 2111   177.377294755924 
 2112   183.911962703312 
 2113   187.606652104558 
 2114   185.531436615514 
 2115   200.796153493084 
 2116   216.316859538627 
 2117   203.804729905228 
 2118   211.822575471447 
 2119   206.397500997121 
 2120   184.107933811339 
 2121   192.241578661721 
 2122   179.888790271824 
 2123   166.780155551684 
 2124   157.681202017981 
 2125   145.913793187818 
 2126   125.274914136545 
 2127   167.849663932455 
 2128   140.944983657849 
 2129   145.792287584424 
 2130   146.41120437047 
 2131   157.583913377637 
 2132   181.972970738371 
 2133   145.638929790116 
 2134   155.60166219291 
 2135   171.114318890979 
 2136   162.461476953024 
 2137   156.151357490827 
 2138   159.233721221056 
 2139   174.380227847301 
 2140   182.157860352436 
 2141   169.6958487916 
 2142   164.711870263927 
 2143   161.467944457658 
 2144   171.854714083286 
 2145   182.140028230066 
 2146   152.927455470317 
 2147   152.708581198445 
 2148   163.310533432509 
 2149   157.781402188801 
 2150   160.69584686257 
 2151   136.209010051793 
 2152   140.892928641474 
 2153   162.202849787207 
 2154   166.534257083732 
 2155   149.104504101855 
 2156   374.013486544452 
 2157   614.190915566603 
 2158   576.742980005219 
 2159   568.994578206283 
 2160   552.071398148423 
 2161   573.011783784506 
 2162   393.319489479195 
 2163   97.6601602092392 
 2164   164.684886598044 
 2165   139.519235164351 
 2166   229.14079085252 
 2167   207.347664346074 
 2168   204.698088515333 
 2169   203.056003751251 
 2170   196.362466359992 
 2171   203.545948286412 
 2172   127.026767515495 
 2173   114.837022600044 
 2174   149.551876447364 
 2175   117.791666369855 
 2176   105.984116056497 
 2177   109.50921640389 
 2178   102.476881717201 
 2179   128.382504886516 
 2180   96.9636675241457 
 2181   114.863280413256 
 2182   133.773611496411 
 2183   124.038669190149 
 2184   136.525973350929 
 2185   119.866575118173 
 2186   137.220099237346 
 2187   118.409277706851 
 2188   108.088643128554 
 2189   112.978830893613 
 2190   109.678490542084 
 2191   100.041388400949 
 2192   89.0849214762958 
 2193   116.005584500453 
 2194   117.019277028116 
 2195   123.405110848522 
 2196   118.484971615865 
 2197   118.971991258597 
 2198   116.513321962757 
 2199   122.741492886382 
 2200   130.871850997354 
 2201   122.926290028387 
 2202   127.699554119025 
 2203   144.676927375988 
 2204   124.601448437645 
 2205   115.709586481795 
 2206   115.034153641749 
 2207   110.189785975263 
 2208   82.3819182755668 
 2209   75.4123737584514 
 2210   92.1421835945791 
 2211   101.545468853594 
 2212   60.2446249726639 
 2213   86.0973414938437 
 2214   101.398181867457 
 2215   94.1997709718703 
 2216   111.714280185212 
 2217   113.365790561887 
 2218   111.071553784825 
 2219   88.9872168897116 
 2220   116.615530487284 
 2221   145.619364074495 
 2222   103.75146686841 
 2223   111.724731719437 
 2224   146.741026802814 
 2225   170.19307390765 
 2226   144.22315201754 
 2227   116.325364013023 
 2228   136.265035632654 
 2229   169.061648767941 
 2230   145.281708101507 
 2231   111.102121065489 
 2232   116.594200722594 
 2233   143.692792815803 
 2234   137.069936393865 
 2235   110.952491282355 
 2236   116.200295614665 
 2237   147.558940440259 
 2238   139.637874292469 
 2239   97.4327474876867 
 2240   98.2748252457165 
 2241   106.880709138031 
 2242   82.6834283343908 
 2243   78.5449503034993 
 2244   96.4415275838218 
 2245   132.39437209998 
 2246   123.743990896322 
 2247   125.61578565202 
 2248   132.741941194338 
 2249   138.194203930646 
 2250   135.246269396488 
 2251   120.798184926533 
 2252   152.293062129124 
 2253   147.314073878578 
 2254   154.6566669275 
 2255   170.98473860555 
 2256   181.882677901657 
 2257   193.685076737792 
 2258   172.627640723287 
 2259   158.796239290609 
 2260   163.945623601892 
 2261   131.957709398155 
 2262   106.803862674606 
 2263   101.199635116511 
 2264   106.72433320819 
 2265   94.0151119850325 
 2266   77.5952513206559 
 2267   81.118229563178 
 2268   81.0381926472224 
 2269   71.6460833395431 
 2270   72.8274333483912 
 2271   116.500739356364 
 2272   116.01519600509 
 2273   131.279258943191 
 2274   122.522118715213 
 2275   138.508801919606 
 2276   140.261476171421 
 2277   116.20103262675 
 2278   102.260052700385 
 2279   90.7724980536301 
 2280   105.766876665005 
 2281   82.7499019687998 
 2282   87.8403197819489 
 2283   107.018210269476 
 2284   121.559974888363 
 2285   127.68730884367 
 2286   113.767867278133 
 2287   127.65193930026 
 2288   123.143229410171 
 2289   104.190654241805 
 2290   117.36667127659 
 2291   120.168933136885 
 2292   131.63489693741 
 2293   126.205056270248 
 2294   121.131894266335 
 2295   139.692676554212 
 2296   97.8382925517376 
 2297   105.417273556914 
 2298   116.332566113155 
 2299   105.831999054073 
 2300   101.253602416101 
 2301   99.2557727349053 
 2302   105.005428768497 
 2303   82.7408763036408 
 2304   91.1725955863159 
 2305   94.1073941540365 
 2306   93.3448915311714 
 2307   103.383604438594 
 2308   111.954911056095 
 2309   105.005398872175 
 2310   97.9481946861353 
 2311   88.3518865314626 
 2312   79.7217825401954 
 2313   59.8766402617759 
 2314   94.4442746898565 
 2315   94.2957683139176 
 2316   99.5058179430269 
 2317   85.0039529265028 
 2318   88.6258392845392 
 2319   91.6371185004658 
 2320   59.6255596115191 
 2321   59.8309091316473 
 2322   29.0506232365001 
 2323   64.2353138083245 
 2324   75.0033050864434 
 2325   84.2378600671114 
 2326   100.851614081868 
 2327   97.0813779449321 
 2328   110.972046625762 
 2329   120.505909815766 
 2330   120.367698239322 
 2331   128.903346821086 
 2332   126.31927273713 
 2333   149.874529673565 
 2334   150.830918359507 
 2335   122.139565127835 
 2336   94.3213431044579 
 2337   77.5651449409622 
 2338   48.735541246751 
 2339   51.1913196606123 
