05-29-2020  11:50:01
Wavenumber (cm-1)  CCD Output
 251   699.451153820731 
 252   719.280030854782 
 253   742.463622996095 
 254   757.026751682263 
 255   748.625530634714 
 256   736.820096636437 
 257   759.358001140528 
 258   783.298532092228 
 259   788.877062995668 
 260   794.020889418244 
 261   806.21125677228 
 262   821.972967457418 
 263   830.216155196561 
 264   831.672188029085 
 265   832.134382026083 
 266   836.434153735356 
 267   842.252517497083 
 268   843.789486015976 
 269   836.841925704313 
 270   833.426198713708 
 271   842.938753487067 
 272   848.946742223572 
 273   859.088550524525 
 274   888.306781836721 
 275   919.935277324573 
 276   937.008132295648 
 277   936.118724275093 
 278   943.365939472697 
 279   962.776319215736 
 280   979.958180037932 
 281   1005.89627192929 
 282   1039.7940738795 
 283   1065.64888295046 
 284   1082.66452596024 
 285   1101.37497627336 
 286   1138.71103471576 
 287   1202.73496363564 
 288   1276.87380338394 
 289   1326.71705975149 
 290   1380.97153710398 
 291   1455.88005738198 
 292   1519.46498623023 
 293   1579.43314516342 
 294   1647.06931309992 
 295   1709.35566458851 
 296   1756.1203312053 
 297   1787.36894338994 
 298   1815.56886881621 
 299   1836.42741731378 
 300   1840.98543719945 
 301   1830.87712893587 
 302   1812.54060353213 
 303   1786.49985799567 
 304   1738.10598340307 
 305   1686.3318729638 
 306   1653.42622581711 
 307   1613.92043190812 
 308   1563.65941227507 
 309   1514.82590509033 
 310   1469.06351376108 
 311   1428.0566567823 
 312   1394.35729994502 
 313   1368.62730283466 
 314   1349.91457211107 
 315   1335.61578049617 
 316   1321.25711258163 
 317   1305.71624247693 
 318   1291.26022669727 
 319   1280.82002939084 
 320   1281.665292392 
 321   1297.68812297558 
 322   1305.98199779948 
 323   1299.4556875821 
 324   1290.70815352695 
 325   1283.28513184561 
 326   1276.33558828543 
 327   1269.17404424171 
 328   1269.77100769049 
 329   1279.03568491974 
 330   1287.12821052749 
 331   1282.43475616674 
 332   1271.66291671423 
 333   1275.74153897457 
 334   1283.8013757186 
 335   1294.21277566408 
 336   1321.357433505 
 337   1350.01081548361 
 338   1367.07995519772 
 339   1377.75060002078 
 340   1408.37847456063 
 341   1461.53671283926 
 342   1510.60826118985 
 343   1569.55630591947 
 344   1644.16182782001 
 345   1717.81931636404 
 346   1800.74482662815 
 347   1899.02444749847 
 348   2006.05128809727 
 349   2137.93735583677 
 350   2291.51000640598 
 351   2438.08376028373 
 352   2597.21081008049 
 353   2779.63529111959 
 354   2966.68687300238 
 355   3156.9255683768 
 356   3349.75113666846 
 357   3537.64587604741 
 358   3714.08596117969 
 359   3874.67114939361 
 360   4016.81438085579 
 361   4136.90007710884 
 362   4241.3134290449 
 363   4337.9134674732 
 364   4378.89959091807 
 365   4367.00211418174 
 366   4367.22249489868 
 367   4344.66000916511 
 368   4282.88141953004 
 369   4215.60355418162 
 370   4131.32643685558 
 371   4029.50424730851 
 372   3929.45090181645 
 373   3810.3621586477 
 374   3684.57098646372 
 375   3598.60991263731 
 376   3533.68198305386 
 377   3477.41099661154 
 378   3444.39775176376 
 379   3451.99948424156 
 380   3502.47429027996 
 381   3583.06462205321 
 382   3684.62653189284 
 383   3836.00558923141 
 384   4069.12079634398 
 385   4305.94848452778 
 386   4548.5653756916 
 387   4866.44012604697 
 388   5239.87227649764 
 389   5627.19628166976 
 390   6005.0812215876 
 391   6409.89983789113 
 392   6831.71286581384 
 393   7224.6084054753 
 394   7568.48160565434 
 395   7850.80843518033 
 396   8069.72127611127 
 397   8239.19806898333 
 398   8296.41536320306 
 399   8214.89962566844 
 400   8154.10281241672 
 401   8038.86070927795 
 402   7748.15836912736 
 403   7391.39761278757 
 404   7007.32217451414 
 405   6593.46675848055 
 406   6170.04901203016 
 407   5725.04676843944 
 408   5257.45464387264 
 409   4809.08547944084 
 410   4380.43326559494 
 411   3974.9606539862 
 412   3624.78873028675 
 413   3319.19665270784 
 414   3041.87911560323 
 415   2793.61329924931 
 416   2577.67786880605 
 417   2397.65980105273 
 418   2253.03875185054 
 419   2125.36813318165 
 420   2009.70556528788 
 421   1916.19814134664 
 422   1834.80663679986 
 423   1764.86566366407 
 424   1713.67578433602 
 425   1668.66353738569 
 426   1629.59556482651 
 427   1602.22639271644 
 428   1570.56876276199 
 429   1537.11973384088 
 430   1510.43029468686 
 431   1476.51574571062 
 432   1451.74311209014 
 433   1444.24030501316 
 434   1408.08609044501 
 435   1367.31092242562 
 436   1347.64703997198 
 437   1313.16538279546 
 438   1289.56234688806 
 439   1293.21573799974 
 440   1287.43493137189 
 441   1280.91851437813 
 442   1275.35992432434 
 443   1250.42602955598 
 444   1238.5179132654 
 445   1245.83214653671 
 446   1242.23998603539 
 447   1237.78495825448 
 448   1226.7714169084 
 449   1193.80962851905 
 450   1167.61706592792 
 451   1151.97236653907 
 452   1135.32827261626 
 453   1130.58293438436 
 454   1118.44326347511 
 455   1080.56230303268 
 456   1047.09053764818 
 457   1034.78795022982 
 458   1037.05971326461 
 459   1029.78179543242 
 460   1023.16045555113 
 461   1025.00881546285 
 462   1020.28926337406 
 463   1002.27265833006 
 464   989.337454240578 
 465   1007.49399030258 
 466   1014.81196687125 
 467   995.191942046303 
 468   973.770256307337 
 469   976.288143424244 
 470   984.911530544382 
 471   971.719440561465 
 472   961.443547779745 
 473   963.895113223484 
 474   966.994646261068 
 475   948.465693819478 
 476   929.4878992384 
 477   923.459441174622 
 478   906.849494216429 
 479   891.517823447816 
 480   885.477537928378 
 481   879.46183703416 
 482   880.024946507641 
 483   883.236470772949 
 484   880.385183821166 
 485   890.978059770733 
 486   910.696040766692 
 487   927.160493084828 
 488   956.300454773402 
 489   969.253077380662 
 490   950.385080867215 
 491   949.202048790183 
 492   945.725181208797 
 493   929.446354033876 
 494   935.512665236624 
 495   930.272435659612 
 496   902.91985615555 
 497   883.362314775047 
 498   870.230870926605 
 499   871.341383008 
 500   893.140271247465 
 501   905.375165848915 
 502   922.275268796583 
 503   952.364255461273 
 504   943.851917621321 
 505   939.199850495261 
 506   968.873733249817 
 507   987.58478560121 
 508   1003.7552670815 
 509   1023.32658623351 
 510   1033.69116918165 
 511   1044.85523811018 
 512   1067.82428992874 
 513   1111.39220986747 
 514   1185.81540412501 
 515   1274.36294613385 
 516   1366.45610037344 
 517   1488.25692347965 
 518   1624.94073623372 
 519   1768.28422118703 
 520   1944.80147078934 
 521   2172.54495502611 
 522   2428.79315457138 
 523   2678.50855267834 
 524   2965.92891893258 
 525   3281.32944051743 
 526   3588.29372260074 
 527   3903.3442849557 
 528   4204.74564602135 
 529   4473.47096322107 
 530   4716.12167116548 
 531   4841.67525653048 
 532   4872.92253763778 
 533   4935.44260845892 
 534   4887.40790631649 
 535   4704.6107014779 
 536   4480.7782872258 
 537   4217.1685915247 
 538   3905.3810809847 
 539   3562.19521545337 
 540   3235.3448941652 
 541   2923.5928568128 
 542   2628.67180899384 
 543   2377.10995957092 
 544   2173.08703645424 
 545   2006.15917477207 
 546   1858.45555496142 
 547   1715.63887720419 
 548   1607.18129993118 
 549   1544.82448412766 
 550   1469.997936099 
 551   1395.51469811674 
 552   1339.83419637515 
 553   1289.26711635935 
 554   1238.99002309132 
 555   1202.01821339216 
 556   1190.18769868268 
 557   1178.53541367287 
 558   1155.50844384764 
 559   1124.93723050927 
 560   1097.30707307934 
 561   1082.9007677895 
 562   1079.55330929304 
 563   1072.7997686524 
 564   1057.39830935621 
 565   1038.18751341313 
 566   1023.32481510285 
 567   1014.24329825996 
 568   1014.48831583476 
 569   1026.98933026844 
 570   1047.54694751034 
 571   1054.71926889208 
 572   1056.39180307419 
 573   1086.17355443134 
 574   1137.57133017886 
 575   1187.93055264521 
 576   1230.75907582457 
 577   1297.95017841265 
 578   1375.35366932529 
 579   1461.02177308741 
 580   1589.53856817299 
 581   1745.26637284202 
 582   1928.45924596382 
 583   2155.6540689631 
 584   2418.48990901961 
 585   2755.26397195563 
 586   3163.55403644429 
 587   3553.62169226738 
 588   4002.9864661817 
 589   4533.30564678683 
 590   5058.67378488115 
 591   5564.68817364363 
 592   6078.04663735824 
 593   6589.25377058298 
 594   6997.36496314429 
 595   7312.61193123663 
 596   7540.89443718071 
 597   7629.17284383086 
 598   7580.36532131647 
 599   7419.4255180721 
 600   7152.61008576731 
 601   6740.56455930461 
 602   6234.81239176541 
 603   5690.54954288473 
 604   5103.26461150386 
 605   4495.88980247927 
 606   3918.56202045602 
 607   3410.53810857641 
 608   2942.56084700643 
 609   2513.15854020684 
 610   2139.03385551673 
 611   1832.96456768252 
 612   1616.72705971614 
 613   1468.23153003123 
 614   1338.58456980054 
 615   1234.37787723111 
 616   1153.52866970244 
 617   1085.56738462768 
 618   1027.48339428229 
 619   987.067402915031 
 620   961.80739892115 
 621   937.838569223997 
 622   911.118468460132 
 623   885.487296041199 
 624   875.080212666755 
 625   896.138796181237 
 626   911.497099642902 
 627   914.278195737622 
 628   933.01708610591 
 629   945.700420006313 
 630   956.393872283069 
 631   975.240584313428 
 632   987.533961511663 
 633   1005.94584659574 
 634   1033.86455962604 
 635   1058.12449280202 
 636   1079.44873096603 
 637   1106.58142944998 
 638   1146.86698356161 
 639   1200.15250149192 
 640   1267.03463311698 
 641   1332.91778494564 
 642   1382.98821505786 
 643   1443.22341135781 
 644   1509.51139637593 
 645   1575.38012320492 
 646   1657.89478528058 
 647   1739.1863295665 
 648   1801.27845156904 
 649   1844.8173975658 
 650   1889.19457400356 
 651   1938.16865539791 
 652   1990.13574829008 
 653   2042.02244704933 
 654   2059.8229933741 
 655   2054.48402926238 
 656   2054.2725892275 
 657   2032.0782933573 
 658   2000.6457022983 
 659   1966.83304764314 
 660   1910.96509282472 
 661   1843.79595762642 
 662   1761.18284075051 
 663   1667.26487784805 
 664   1599.12442946386 
 665   1509.63869423254 
 666   1402.56038765739 
 667   1335.72066689689 
 668   1260.19861341566 
 669   1180.8559671936 
 670   1125.49888990832 
 671   1085.81130320947 
 672   1047.57931246293 
 673   1001.46208642564 
 674   954.373720640568 
 675   933.002233077076 
 676   907.358580780206 
 677   873.888583247591 
 678   874.505703951788 
 679   860.788063866354 
 680   834.144954844891 
 681   822.099037037608 
 682   809.389465199677 
 683   801.476636132533 
 684   795.646321819313 
 685   783.264306382281 
 686   783.805956131071 
 687   775.421713818242 
 688   747.92871485921 
 689   732.162409910278 
 690   713.129370804965 
 691   694.100669844323 
 692   690.612766622887 
 693   693.997958091615 
 694   693.436407469992 
 695   689.098495374817 
 696   689.583564397555 
 697   694.872461684959 
 698   701.998051474515 
 699   714.869548113035 
 700   740.522900992475 
 701   754.29574087451 
 702   753.881180986546 
 703   760.213152833556 
 704   786.329871761359 
 705   804.173743484256 
 706   807.411535640252 
 707   821.092939898766 
 708   849.039240508091 
 709   875.299405492308 
 710   896.680910201093 
 711   929.654226867383 
 712   956.353477711652 
 713   973.82452714667 
 714   996.455654192576 
 715   1034.99990161788 
 716   1075.10519873383 
 717   1097.16431062782 
 718   1097.12858228431 
 719   1101.0913155573 
 720   1131.37339778445 
 721   1167.40659648287 
 722   1168.20573563859 
 723   1172.8734616485 
 724   1182.60475331437 
 725   1177.97953366525 
 726   1166.08690514489 
 727   1184.77639223256 
 728   1212.38307664641 
 729   1206.42224387904 
 730   1186.3792960819 
 731   1187.6939576502 
 732   1208.81624632955 
 733   1217.41243389245 
 734   1206.36238383701 
 735   1219.27820312906 
 736   1249.91719835437 
 737   1244.28253654896 
 738   1255.1313499543 
 739   1269.66633593348 
 740   1266.41319682411 
 741   1271.86218241583 
 742   1267.02605620628 
 743   1271.00126290025 
 744   1293.37633281578 
 745   1280.71730632857 
 746   1260.29975649301 
 747   1255.05251609051 
 748   1261.1359010078 
 749   1274.55721096142 
 750   1284.44251545291 
 751   1296.56934660988 
 752   1318.94678490532 
 753   1322.34019605605 
 754   1329.46656962689 
 755   1364.67043631774 
 756   1412.36188023107 
 757   1433.09538634442 
 758   1442.67954554533 
 759   1479.1833588683 
 760   1547.15507469983 
 761   1589.85393239007 
 762   1635.07615334672 
 763   1715.94013140516 
 764   1786.71353915062 
 765   1855.96257908649 
 766   1949.75422506518 
 767   2068.28010908169 
 768   2171.2282978564 
 769   2254.31344269587 
 770   2361.22931691042 
 771   2515.89368042967 
 772   2654.39473119844 
 773   2779.34786493474 
 774   2917.87134416039 
 775   3074.6978761621 
 776   3221.61345104309 
 777   3393.81185013915 
 778   3592.26102457094 
 779   3785.02851979211 
 780   4011.6093589263 
 781   4275.36488045312 
 782   4594.54591616199 
 783   5004.33618144446 
 784   5480.72167196742 
 785   6050.79905960801 
 786   6757.32179273244 
 787   7641.49907305324 
 788   8788.94947398873 
 789   10248.8097308476 
 790   12092.9211260632 
 791   14430.241066946 
 792   17295.1888448368 
 793   20698.3815270023 
 794   24624.3045897913 
 795   28982.8976846527 
 796   33535.0824467092 
 797   38096.0597379523 
 798   42431.2991231719 
 799   46221.4819202003 
 800   49338.3941858929 
 801   51545.9476988507 
 802   52644.2131814279 
 803   52598.8415218579 
 804   51309.2583141108 
 805   48868.4616416306 
 806   45478.6509259294 
 807   41359.7557984359 
 808   36911.8106860719 
 809   32329.8303918325 
 810   27770.0999423359 
 811   23510.6633711805 
 812   19625.9627282844 
 813   16247.9157149445 
 814   13501.4978986654 
 815   11380.9053639203 
 816   9810.57487475275 
 817   8637.48282087309 
 818   7733.16475927111 
 819   7049.72047485152 
 820   6495.04810664324 
 821   6026.17880709616 
 822   5625.28806306648 
 823   5262.54436452717 
 824   4927.52109593985 
 825   4596.34805003585 
 826   4268.27718194692 
 827   3971.72058798938 
 828   3679.46249910424 
 829   3402.28137890453 
 830   3154.54437455604 
 831   2920.31350210119 
 832   2693.30538676778 
 833   2471.82462568531 
 834   2278.79915846834 
 835   2142.00609650913 
 836   2021.74265994181 
 837   1917.8544591704 
 838   1837.62887757132 
 839   1766.6861668472 
 840   1693.60369802847 
 841   1624.03386011226 
 842   1577.74890579736 
 843   1553.56977341212 
 844   1495.81713562149 
 845   1449.13924073493 
 846   1426.98517079369 
 847   1394.15997103712 
 848   1369.03544764384 
 849   1336.46770483799 
 850   1303.50879413531 
 851   1282.33809100247 
 852   1244.87198014716 
 853   1241.90181123997 
 854   1245.897428523 
 855   1214.67618675047 
 856   1205.21950303497 
 857   1175.45554638111 
 858   1151.66451792243 
 859   1159.68479502418 
 860   1144.25470976705 
 861   1149.34944511076 
 862   1144.95180775564 
 863   1117.09660816115 
 864   1121.1564072092 
 865   1109.21578877067 
 866   1103.28005695315 
 867   1105.12988206731 
 868   1080.85886652375 
 869   1097.41987149762 
 870   1099.67585659893 
 871   1075.72984264132 
 872   1083.67748660673 
 873   1103.60186266013 
 874   1111.14651610045 
 875   1100.27890343294 
 876   1092.11562371154 
 877   1116.09605065156 
 878   1125.90750818508 
 879   1131.68134202062 
 880   1150.12441589675 
 881   1139.74153631031 
 882   1119.49632788373 
 883   1102.64331120844 
 884   1100.32178650467 
 885   1119.49932818946 
 886   1122.7510249856 
 887   1105.55791246845 
 888   1088.43387975926 
 889   1086.96740740588 
 890   1090.64447674315 
 891   1085.32194388903 
 892   1082.80613977454 
 893   1092.61409418954 
 894   1088.4190628387 
 895   1073.46682753908 
 896   1061.78251454422 
 897   1057.83788599368 
 898   1058.6062262824 
 899   1079.55276474809 
 900   1094.30507872896 
 901   1103.90629077981 
 902   1129.90568457919 
 903   1121.43491730857 
 904   1120.61393680392 
 905   1151.3207041796 
 906   1186.30250831653 
 907   1200.34696050702 
 908   1184.38402971279 
 909   1178.50852649969 
 910   1196.18503772836 
 911   1196.80103067655 
 912   1213.36886193432 
 913   1230.47665403788 
 914   1231.34091543426 
 915   1231.86124913448 
 916   1246.70739508828 
 917   1282.11302059616 
 918   1310.97222408329 
 919   1310.88598632813 
 920   1308.9496191075 
 921   1330.55031258037 
 922   1373.2572024283 
 923   1411.77430144215 
 924   1430.11979328678 
 925   1459.7963464676 
 926   1509.84863410386 
 927   1581.63606703389 
 928   1668.97952335615 
 929   1755.43687877112 
 930   1879.90066357681 
 931   2018.96602981842 
 932   2155.094325217 
 933   2332.96016650911 
 934   2544.69914288395 
 935   2772.8334500289 
 936   3017.49509607207 
 937   3300.10746178174 
 938   3638.7724157115 
 939   3991.55142103132 
 940   4357.19142850527 
 941   4757.70309645599 
 942   5179.10562203427 
 943   5580.46221823951 
 944   5972.38011258223 
 945   6355.0938852083 
 946   6699.82657340912 
 947   6984.30692208358 
 948   7147.32503543883 
 949   7214.17391736198 
 950   7215.2188376586 
 951   7139.28441085261 
 952   7083.29905347867 
 953   6926.15295201438 
 954   6623.94273581367 
 955   6269.62561675641 
 956   5881.46373452059 
 957   5494.04898859177 
 958   5092.54643025367 
 959   4690.56211501686 
 960   4342.82912243651 
 961   3997.60485535666 
 962   3673.88766889163 
 963   3395.34626493007 
 964   3156.36757064151 
 965   2944.68745490244 
 966   2736.34462312839 
 967   2551.25445569594 
 968   2387.81332440478 
 969   2220.85429223365 
 970   2086.57273344513 
 971   1968.36925850459 
 972   1844.63893623675 
 973   1728.36374893826 
 974   1646.70210016448 
 975   1572.20639832302 
 976   1508.46726900265 
 977   1466.54856334994 
 978   1442.62528604351 
 979   1424.48094235724 
 980   1397.5180277324 
 981   1389.02993177551 
 982   1395.53291863447 
 983   1387.40557021273 
 984   1410.42222820461 
 985   1413.43347983832 
 986   1409.3505735211 
 987   1430.13900636479 
 988   1442.98627565388 
 989   1464.57750814093 
 990   1514.18005497516 
 991   1561.36530166856 
 992   1587.09930266014 
 993   1654.37691040669 
 994   1782.35853561303 
 995   1941.29863437478 
 996   2108.85278961699 
 997   2317.94733327719 
 998   2621.61646338007 
 999   2918.02514130934 
 1000   3280.96969983865 
 1001   3756.86012064667 
 1002   4233.96739552864 
 1003   4726.49052880112 
 1004   5243.44107664398 
 1005   5757.27114208918 
 1006   6220.8175538435 
 1007   6607.10887258227 
 1008   6924.16051020278 
 1009   7041.02904590092 
 1010   7063.28018148059 
 1011   7084.82978207654 
 1012   6876.98013689888 
 1013   6520.87302183411 
 1014   6096.52863842867 
 1015   5616.43472212121 
 1016   5087.41878877367 
 1017   4550.58520131101 
 1018   4017.42686230694 
 1019   3509.65071365939 
 1020   3055.51058982134 
 1021   2669.77438413087 
 1022   2348.4942304865 
 1023   2092.54792898219 
 1024   1883.55460193443 
 1025   1714.31246061668 
 1026   1588.63473156919 
 1027   1483.55375984014 
 1028   1389.69884708785 
 1029   1330.80583377003 
 1030   1293.62947334841 
 1031   1238.50442923632 
 1032   1198.25473604063 
 1033   1183.41917532143 
 1034   1155.68355031526 
 1035   1136.61861079914 
 1036   1174.4717624784 
 1037   1180.91751982159 
 1038   1194.23391084623 
 1039   1236.1436717528 
 1040   1282.52099945046 
 1041   1318.4184627452 
 1042   1360.76302434463 
 1043   1397.370780591 
 1044   1425.4901358068 
 1045   1464.32959110266 
 1046   1508.72424012254 
 1047   1499.18167004057 
 1048   1494.32284393778 
 1049   1490.65164979394 
 1050   1455.47996580897 
 1051   1410.41960445205 
 1052   1389.78347705936 
 1053   1340.93750005298 
 1054   1275.37274677517 
 1055   1227.62600044365 
 1056   1188.82483968522 
 1057   1138.28669731063 
 1058   1083.5085492523 
 1059   1053.47852204762 
 1060   1034.32206541084 
 1061   993.583489204369 
 1062   961.544237715087 
 1063   944.424562335556 
 1064   921.943062152754 
 1065   898.35814587431 
 1066   888.668343637141 
 1067   875.819016186059 
 1068   874.363799505592 
 1069   896.224095664514 
 1070   905.337253671566 
 1071   881.889311285004 
 1072   877.469176662838 
 1073   884.479679622646 
 1074   872.357064563772 
 1075   863.613620790295 
 1076   867.202020644567 
 1077   840.25794332708 
 1078   825.026117415217 
 1079   820.425583921798 
 1080   820.363630918793 
 1081   812.326038419628 
 1082   786.120979711324 
 1083   779.866030430306 
 1084   775.804455264698 
 1085   753.988832545079 
 1086   728.237579545063 
 1087   722.540931525935 
 1088   726.700198732957 
 1089   721.198038845959 
 1090   740.42417558436 
 1091   760.960429555254 
 1092   745.964602280716 
 1093   753.761518227982 
 1094   790.122947190108 
 1095   788.463170918474 
 1096   767.430423555955 
 1097   769.995816231103 
 1098   759.831501964212 
 1099   723.387026263644 
 1100   734.489952721708 
 1101   756.829128252319 
 1102   733.319789222156 
 1103   695.69392395226 
 1104   694.745497396578 
 1105   713.471275570843 
 1106   724.515941890057 
 1107   736.894090287164 
 1108   746.240600323938 
 1109   719.873209655359 
 1110   722.676027514746 
 1111   761.066168848554 
 1112   791.125359627072 
 1113   791.339594174134 
 1114   778.430946509008 
 1115   762.53808839681 
 1116   777.105032031132 
 1117   795.567294642799 
 1118   804.245873846369 
 1119   809.811632509301 
 1120   795.900933343629 
 1121   789.061422946271 
 1122   796.20754577784 
 1123   818.975849131633 
 1124   829.68472055693 
 1125   810.314567525356 
 1126   821.705561626439 
 1127   816.893798501316 
 1128   802.50175500583 
 1129   819.748159911278 
 1130   843.887747110483 
 1131   813.178417068436 
 1132   799.067074748442 
 1133   795.743242021354 
 1134   790.334724871696 
 1135   781.357637607949 
 1136   778.24073708902 
 1137   798.422115155485 
 1138   775.990984597346 
 1139   778.685655234395 
 1140   795.610095061145 
 1141   787.489941000679 
 1142   796.944201736192 
 1143   797.2964768713 
 1144   817.054785576041 
 1145   822.683613032645 
 1146   817.490079519438 
 1147   833.980045174241 
 1148   847.112101057653 
 1149   870.311730706047 
 1150   884.854695135373 
 1151   899.205875526469 
 1152   912.1568201879 
 1153   912.560944833635 
 1154   925.682052440244 
 1155   926.635662511791 
 1156   909.792937635495 
 1157   907.056065820285 
 1158   929.178551958767 
 1159   948.665393943151 
 1160   958.717598308265 
 1161   967.393234543548 
 1162   1000.17577950483 
 1163   1036.77372364956 
 1164   1061.12341739159 
 1165   1085.73750534134 
 1166   1077.126081687 
 1167   1092.34789478284 
 1168   1113.64653237175 
 1169   1132.47628132818 
 1170   1155.91690223422 
 1171   1165.99005413431 
 1172   1190.285562004 
 1173   1217.97733764202 
 1174   1275.73976363535 
 1175   1334.38434530365 
 1176   1363.11285550009 
 1177   1396.60193920225 
 1178   1397.84953746261 
 1179   1411.35152514647 
 1180   1441.85340707799 
 1181   1475.09348652723 
 1182   1509.06671862011 
 1183   1537.59126403604 
 1184   1556.69032037854 
 1185   1574.40410449873 
 1186   1613.04142723371 
 1187   1647.46892261737 
 1188   1649.49129576337 
 1189   1652.29384306244 
 1190   1673.70546605153 
 1191   1678.71685609697 
 1192   1683.44323489418 
 1193   1708.93284328294 
 1194   1746.49009216715 
 1195   1787.16121465875 
 1196   1838.3901663549 
 1197   1895.74339585817 
 1198   1933.49342296961 
 1199   1959.12533676621 
 1200   2001.06674362373 
 1201   2051.09860709343 
 1202   2072.51755116643 
 1203   2089.70005335375 
 1204   2103.60953724812 
 1205   2099.97809864028 
 1206   2078.41570873289 
 1207   2049.9091101271 
 1208   2011.24261918867 
 1209   1944.79319519785 
 1210   1893.16267811063 
 1211   1851.31678452242 
 1212   1794.04081633128 
 1213   1737.86187761455 
 1214   1704.30224613489 
 1215   1665.28661928544 
 1216   1640.75953465095 
 1217   1616.44571046786 
 1218   1600.39834162431 
 1219   1590.7158921836 
 1220   1559.21647216998 
 1221   1561.57666721965 
 1222   1558.62730901067 
 1223   1569.58359274075 
 1224   1579.6065988016 
 1225   1579.27510603495 
 1226   1581.3096526703 
 1227   1552.46328764028 
 1228   1552.33528769155 
 1229   1528.28887621588 
 1230   1494.30218087393 
 1231   1452.94514603529 
 1232   1394.07351144837 
 1233   1368.32967832182 
 1234   1355.55424420099 
 1235   1333.46271765822 
 1236   1323.19709001413 
 1237   1324.01794114823 
 1238   1320.02658996242 
 1239   1327.44592232603 
 1240   1359.52023077388 
 1241   1355.62542054354 
 1242   1343.40566033585 
 1243   1336.14007361225 
 1244   1328.69755983323 
 1245   1320.67459578056 
 1246   1318.6446134476 
 1247   1339.08017666606 
 1248   1345.76402141683 
 1249   1351.87171151531 
 1250   1373.58407691364 
 1251   1399.62006344289 
 1252   1413.4702758284 
 1253   1423.65822816367 
 1254   1453.17020702944 
 1255   1458.34409430118 
 1256   1479.20215921331 
 1257   1517.60548176214 
 1258   1535.77622039387 
 1259   1549.90340113196 
 1260   1592.96141418579 
 1261   1622.30373511356 
 1262   1639.31019805384 
 1263   1647.56684584965 
 1264   1651.29329031667 
 1265   1663.46878307617 
 1266   1690.48508029624 
 1267   1720.86940733971 
 1268   1742.52131847007 
 1269   1767.58967156416 
 1270   1814.81627006416 
 1271   1869.23674815903 
 1272   1910.68589340259 
 1273   1943.35912627607 
 1274   1970.50555927887 
 1275   2004.52528702203 
 1276   2033.72141928343 
 1277   2068.57563974144 
 1278   2101.15556099706 
 1279   2140.00463964093 
 1280   2205.17776817398 
 1281   2264.0053514547 
 1282   2357.43327119437 
 1283   2433.62711684828 
 1284   2525.16736819284 
 1285   2637.13304915836 
 1286   2736.62017404125 
 1287   2832.68257229978 
 1288   2933.56794434698 
 1289   3030.53464927981 
 1290   3111.4573926474 
 1291   3205.5799119888 
 1292   3322.03776212598 
 1293   3438.27574957209 
 1294   3542.6083624073 
 1295   3647.14459149606 
 1296   3767.96619064044 
 1297   3909.38504696649 
 1298   4028.24804418539 
 1299   4123.83405600908 
 1300   4203.46906960592 
 1301   4261.34643033829 
 1302   4317.48717803375 
 1303   4378.27412902189 
 1304   4410.44054480985 
 1305   4413.41328847831 
 1306   4447.04847356515 
 1307   4527.90228830446 
 1308   4605.23612239354 
 1309   4668.78036288474 
 1310   4763.5384919772 
 1311   4842.0889086766 
 1312   4940.9738285918 
 1313   5073.88087217969 
 1314   5217.98932724245 
 1315   5342.70779036237 
 1316   5462.60976585778 
 1317   5618.34047826209 
 1318   5773.34388283769 
 1319   5922.09801122719 
 1320   6058.52802973638 
 1321   6170.09081846802 
 1322   6231.63173190102 
 1323   6260.49770570307 
 1324   6273.52804681487 
 1325   6231.97645221463 
 1326   6184.60283592334 
 1327   6091.44997185207 
 1328   5953.7045988525 
 1329   5789.34370997217 
 1330   5612.99266514648 
 1331   5443.15150873549 
 1332   5273.84679926765 
 1333   5066.90249368785 
 1334   4836.46791581749 
 1335   4636.60893339311 
 1336   4454.24410406126 
 1337   4286.98518603284 
 1338   4123.26118465151 
 1339   3927.54992279725 
 1340   3726.06447230892 
 1341   3589.38498254221 
 1342   3466.88880671028 
 1343   3361.41334853877 
 1344   3249.73990133078 
 1345   3124.8886798323 
 1346   3026.9768229918 
 1347   2964.2356513458 
 1348   2900.46273222075 
 1349   2840.2888869832 
 1350   2779.23900251832 
 1351   2722.10265203197 
 1352   2693.92617294277 
 1353   2702.93242000173 
 1354   2705.35641213232 
 1355   2695.51600555463 
 1356   2716.01287334622 
 1357   2746.93241773033 
 1358   2778.7858687557 
 1359   2816.8484810521 
 1360   2870.22602185294 
 1361   2931.2365802715 
 1362   2986.02366725413 
 1363   3056.94383696527 
 1364   3150.29750972195 
 1365   3246.40046868234 
 1366   3419.00112600713 
 1367   3652.98832702899 
 1368   3948.1836670347 
 1369   4430.21527169935 
 1370   4973.47688428087 
 1371   5553.56305808387 
 1372   6256.01442176587 
 1373   6989.6209790773 
 1374   7727.34277343686 
 1375   8383.44215406163 
 1376   8958.71032805507 
 1377   9358.71344630626 
 1378   9554.31369738191 
 1379   9589.93999599238 
 1380   9432.82860157558 
 1381   9068.58369751486 
 1382   8602.42377580974 
 1383   8054.81448132011 
 1384   7461.9083280309 
 1385   6978.15241863755 
 1386   6617.03986137698 
 1387   6245.84560386748 
 1388   5997.02499817653 
 1389   5968.83887161705 
 1390   6092.55313901373 
 1391   6427.73184710173 
 1392   6869.21602873287 
 1393   7423.40079687358 
 1394   8103.62054438872 
 1395   8918.36615695461 
 1396   9842.48933400773 
 1397   10844.6140061889 
 1398   11915.069876257 
 1399   13002.7045063036 
 1400   14047.3896362103 
 1401   15060.4435164073 
 1402   15899.3075638042 
 1403   16606.1602887616 
 1404   17095.0039187748 
 1405   17369.7773642354 
 1406   17267.9751861275 
 1407   16831.3919726404 
 1408   16256.9950077547 
 1409   15573.7542429955 
 1410   14882.4731494542 
 1411   13829.9163641819 
 1412   12774.0716178125 
 1413   11720.5154063303 
 1414   10786.9862741321 
 1415   9962.28624545415 
 1416   9196.61270055618 
 1417   8552.71070598257 
 1418   8066.07228068867 
 1419   7728.59914789022 
 1420   7483.56182978837 
 1421   7334.38415861818 
 1422   7212.84585334072 
 1423   7175.9575480099 
 1424   7155.99168688095 
 1425   7176.99544736512 
 1426   7250.29826151552 
 1427   7336.50345612878 
 1428   7445.37302853199 
 1429   7524.33627511848 
 1430   7631.71671357892 
 1431   7714.50598932822 
 1432   7807.42069493309 
 1433   7887.91128365829 
 1434   7943.74974277699 
 1435   7966.01732482721 
 1436   7984.69125259879 
 1437   8005.26240680307 
 1438   7993.96151447396 
 1439   7994.2928871481 
 1440   7988.99845525843 
 1441   7965.647771566 
 1442   7937.02506583652 
 1443   7880.86998165573 
 1444   7809.75423699124 
 1445   7741.62480796047 
 1446   7665.66135998254 
 1447   7563.78965012694 
 1448   7440.24073912194 
 1449   7324.57881072428 
 1450   7229.63018801669 
 1451   7129.45375592819 
 1452   7025.76090727722 
 1453   6898.56209953457 
 1454   6752.59311374732 
 1455   6613.23873948873 
 1456   6418.19345931153 
 1457   6185.79933710744 
 1458   5944.05487065698 
 1459   5637.62710461666 
 1460   5332.62312925279 
 1461   5020.17797236177 
 1462   4727.29640396459 
 1463   4422.35425273792 
 1464   4181.10622532035 
 1465   3922.11003966985 
 1466   3711.00067400076 
 1467   3546.26029848013 
 1468   3376.3747395312 
 1469   3212.76346374 
 1470   3061.31559453257 
 1471   2974.59075564009 
 1472   2886.139545846 
 1473   2812.86998428492 
 1474   2735.54623637057 
 1475   2673.02190950849 
 1476   2625.3599467474 
 1477   2623.02313392774 
 1478   2611.52026201534 
 1479   2574.86179207179 
 1480   2541.21031228408 
 1481   2506.03864389189 
 1482   2487.49025446078 
 1483   2458.14514713826 
 1484   2445.09831645648 
 1485   2390.93249079556 
 1486   2377.44468545423 
 1487   2345.01845268914 
 1488   2322.27253220008 
 1489   2284.54171685396 
 1490   2258.11913840792 
 1491   2246.9427820592 
 1492   2209.70244856363 
 1493   2172.32387652414 
 1494   2143.78208640191 
 1495   2141.1316193239 
 1496   2138.97303544335 
 1497   2142.54543448208 
 1498   2124.87649957999 
 1499   2111.86154107172 
 1500   2125.39665112968 
 1501   2138.6029893488 
 1502   2137.04925478346 
 1503   2115.18098566788 
 1504   2092.29561228753 
 1505   2100.9096093392 
 1506   2110.630227828 
 1507   2093.96048222442 
 1508   2090.49562061916 
 1509   2089.21597439902 
 1510   2083.5899068722 
 1511   2099.029954637 
 1512   2098.88374808686 
 1513   2074.45988782853 
 1514   2063.19833058767 
 1515   2095.16086058839 
 1516   2098.41451307817 
 1517   2072.64067693883 
 1518   2082.70132903607 
 1519   2077.50046161229 
 1520   2062.36697622272 
 1521   2063.26040013881 
 1522   2081.45860810336 
 1523   2062.36999749819 
 1524   2083.23041682064 
 1525   2081.89106480993 
 1526   2078.39300600135 
 1527   2101.46248879931 
 1528   2147.91810243852 
 1529   2177.91295479236 
 1530   2185.24990403868 
 1531   2193.4818146156 
 1532   2199.60894965711 
 1533   2202.88042113893 
 1534   2201.42634018498 
 1535   2214.76989319794 
 1536   2192.89483220319 
 1537   2179.74390933227 
 1538   2179.8806534047 
 1539   2163.58324242005 
 1540   2163.49791781285 
 1541   2171.21917027385 
 1542   2174.5422145005 
 1543   2173.78711498869 
 1544   2168.65107042071 
 1545   2164.58611276897 
 1546   2162.7771386206 
 1547   2158.29573728227 
 1548   2157.98613766952 
 1549   2165.05391247106 
 1550   2152.26358497886 
 1551   2157.88154928641 
 1552   2166.97438035138 
 1553   2163.70400159267 
 1554   2154.75411663185 
 1555   2184.44237742377 
 1556   2197.21218899333 
 1557   2194.28165875974 
 1558   2199.42738708932 
 1559   2207.70511234039 
 1560   2211.58631043882 
 1561   2234.73050710773 
 1562   2256.8051028567 
 1563   2241.31256915859 
 1564   2262.12966493287 
 1565   2270.42601734287 
 1566   2254.26941337402 
 1567   2248.4485544571 
 1568   2268.25381259438 
 1569   2265.20481947762 
 1570   2272.42649503233 
 1571   2267.03696544775 
 1572   2257.3698081927 
 1573   2255.48116695618 
 1574   2285.09350288411 
 1575   2297.64933373955 
 1576   2300.70825152082 
 1577   2335.98623126929 
 1578   2362.57390484534 
 1579   2372.16355228129 
 1580   2393.79467556327 
 1581   2413.02044796839 
 1582   2413.04153653952 
 1583   2448.7257619596 
 1584   2439.87644218101 
 1585   2444.40427306893 
 1586   2474.98580306252 
 1587   2530.34078642668 
 1588   2547.29343746595 
 1589   2575.21643087343 
 1590   2600.35008581423 
 1591   2648.96598628339 
 1592   2699.36897281496 
 1593   2741.54002593512 
 1594   2775.73163175955 
 1595   2827.3090084161 
 1596   2912.91661986131 
 1597   2980.11457144364 
 1598   3035.47285359152 
 1599   3098.4684595296 
 1600   3152.87194845574 
 1601   3209.5841818038 
 1602   3254.31643231965 
 1603   3317.28281920093 
 1604   3375.72634502511 
 1605   3428.32889230592 
 1606   3500.05033585775 
 1607   3591.01507509757 
 1608   3667.17572036004 
 1609   3758.26402591924 
 1610   3834.06207065898 
 1611   3901.70483998888 
 1612   4003.47682063915 
 1613   4101.45889492262 
 1614   4161.96488333106 
 1615   4244.84382915686 
 1616   4368.4673557492 
 1617   4492.51981260099 
 1618   4601.75629955817 
 1619   4719.59141955153 
 1620   4862.4920175653 
 1621   4995.25369622839 
 1622   5169.54564611945 
 1623   5346.87747838745 
 1624   5555.20971811275 
 1625   5793.69500768181 
 1626   6105.20732308457 
 1627   6435.5724410269 
 1628   6849.1487628271 
 1629   7368.21501488242 
 1630   8051.95446453008 
 1631   8865.08274737429 
 1632   9811.10675249708 
 1633   10747.2810428038 
 1634   11892.9837722216 
 1635   13196.2514655606 
 1636   14512.6813627662 
 1637   15761.4979129636 
 1638   16946.8087270213 
 1639   17811.601943611 
 1640   18477.6469229178 
 1641   18998.5018832809 
 1642   19064.5693142103 
 1643   18877.2997496354 
 1644   18444.4462964427 
 1645   17840.6036125458 
 1646   17136.7880109857 
 1647   16474.6205337233 
 1648   15921.4669048368 
 1649   15524.9808230239 
 1650   15433.8605052777 
 1651   15340.569824649 
 1652   15627.039144859 
 1653   16061.7496694404 
 1654   16616.4589409633 
 1655   17243.981867429 
 1656   17858.7035223837 
 1657   18418.0687547075 
 1658   18846.9679654 
 1659   19042.7181061577 
 1660   19049.8962634821 
 1661   18867.7892626686 
 1662   18454.4537459133 
 1663   17851.9916730775 
 1664   17075.4761645012 
 1665   16179.9913962757 
 1666   15188.5429490927 
 1667   14188.7240468386 
 1668   13206.2357655695 
 1669   12206.7368977952 
 1670   11249.6844470573 
 1671   10365.1047144076 
 1672   9550.13014536195 
 1673   8831.05051739422 
 1674   8201.86642339037 
 1675   7620.90194497011 
 1676   7120.65222413529 
 1677   6686.12630282707 
 1678   6266.52290293988 
 1679   5933.81112928256 
 1680   5611.71317704854 
 1681   5342.32411073157 
 1682   5130.51082566135 
 1683   4933.1041862153 
 1684   4769.26910839668 
 1685   4644.32521739784 
 1686   4515.5014892675 
 1687   4453.23258793789 
 1688   4385.74228778483 
 1689   4304.03340192859 
 1690   4224.4369692452 
 1691   4176.83470025718 
 1692   4101.87430045116 
 1693   4039.44422234579 
 1694   3948.87270199518 
 1695   3889.5368203056 
 1696   3799.63070448898 
 1697   3752.94604204515 
 1698   3693.36571604002 
 1699   3622.96647274362 
 1700   3526.36618082858 
 1701   3448.76710717059 
 1702   3340.38356833175 
 1703   3435.78735032658 
 1704   3384.31793019238 
 1705   3227.69389241107 
 1706   3145.24094766488 
 1707   3085.36568023568 
 1708   2980.80951200832 
 1709   2885.72908968203 
 1710   2628.49192018582 
 1711   2471.32267996978 
 1712   2432.09130119785 
 1713   2322.50433468478 
 1714   2230.66512988742 
 1715   2165.10996908759 
 1716   2125.81151457224 
 1717   2067.65841265434 
 1718   1990.98507227339 
 1719   1938.34407006945 
 1720   1884.87526567072 
 1721   1848.99624648338 
 1722   1835.91413480796 
 1723   1796.64621098674 
 1724   1774.67791840672 
 1725   1777.4485511937 
 1726   1768.61241771432 
 1727   1788.66061217034 
 1728   1775.45145082582 
 1729   1737.93166966799 
 1730   1738.33715026298 
 1731   1731.99195777622 
 1732   1708.71953447851 
 1733   1693.65754976798 
 1734   1664.79715530706 
 1735   1635.0523352858 
 1736   1622.34310313176 
 1737   1607.0029277119 
 1738   1591.39428717799 
 1739   1555.18127393066 
 1740   1507.21837718498 
 1741   1454.74018397268 
 1742   1395.13511647062 
 1743   1375.41465777608 
 1744   1329.26990419716 
 1745   1274.9846229936 
 1746   1234.72196767435 
 1747   1213.46571524259 
 1748   1195.72240260177 
 1749   1204.94320974934 
 1750   1181.32233945201 
 1751   1178.17033004696 
 1752   1169.21172238023 
 1753   1158.7381103161 
 1754   1143.60726577365 
 1755   1151.74422650538 
 1756   1137.12142479413 
 1757   1099.26686489636 
 1758   1057.04974916259 
 1759   1050.73174938666 
 1760   1048.93879297318 
 1761   1023.90219441789 
 1762   980.41674663652 
 1763   976.122515541325 
 1764   998.833551589269 
 1765   998.810863642782 
 1766   973.539679838711 
 1767   965.849303914361 
 1768   970.949626915619 
 1769   968.372767541894 
 1770   942.02831929008 
 1771   898.367785807941 
 1772   874.849458841616 
 1773   854.527599522049 
 1774   856.469001178169 
 1775   861.463037734213 
 1776   870.803970572144 
 1777   861.613114630282 
 1778   852.60158335204 
 1779   854.082469879678 
 1780   840.967571082716 
 1781   802.14182156768 
 1782   789.661243390732 
 1783   777.963118061069 
 1784   765.140920050011 
 1785   750.262548683672 
 1786   753.673702755083 
 1787   761.422457820345 
 1788   753.449614390885 
 1789   745.354478538356 
 1790   736.547109504176 
 1791   750.153047382422 
 1792   775.573954863521 
 1793   765.477440083894 
 1794   760.854490591847 
 1795   756.718227370396 
 1796   746.122350602677 
 1797   750.218355161934 
 1798   753.444780178549 
 1799   742.80898814644 
 1800   711.404026649238 
 1801   710.482810108802 
 1802   725.822595300392 
 1803   752.85810846205 
 1804   746.485066859847 
 1805   731.828204757756 
 1806   744.269080053858 
 1807   756.179549844933 
 1808   755.8431908844 
 1809   754.594445257269 
 1810   705.377590944888 
 1811   683.240091471116 
 1812   660.254901420964 
 1813   643.650183217857 
 1814   656.032952947612 
 1815   637.585099552024 
 1816   617.484856972331 
 1817   616.997534840982 
 1818   633.588482457984 
 1819   647.122525065729 
 1820   656.839694364858 
 1821   658.192517550469 
 1822   665.507789187342 
 1823   667.979690299768 
 1824   675.126631634349 
 1825   661.586355229753 
 1826   642.806067135352 
 1827   626.451697783892 
 1828   608.780982858761 
 1829   598.038927191171 
 1830   589.395079586777 
 1831   567.751604416437 
 1832   578.7034865097 
 1833   585.762378258743 
 1834   558.348145140955 
 1835   554.964165639806 
 1836   562.173027260519 
 1837   567.138268702526 
 1838   585.594227190545 
 1839   577.085039222518 
 1840   575.983657571801 
 1841   588.480437634045 
 1842   578.899731128398 
 1843   586.953898086108 
 1844   594.792687174695 
 1845   582.624370756969 
 1846   573.650022615361 
 1847   577.577825395826 
 1848   583.401895728106 
 1849   597.234370926151 
 1850   595.229448976206 
 1851   584.916620795978 
 1852   581.985926770769 
 1853   576.572043981625 
 1854   556.109103105889 
 1855   564.45569065435 
 1856   545.388966839662 
 1857   532.241633338057 
 1858   543.474954520803 
 1859   540.822987721295 
 1860   547.452762501044 
 1861   560.92408561575 
 1862   554.166106665854 
 1863   508.584060002592 
 1864   504.267397378459 
 1865   499.103490531769 
 1866   485.777792831076 
 1867   494.51183231461 
 1868   488.344692150493 
 1869   495.706565662299 
 1870   531.460963488535 
 1871   512.083589564631 
 1872   521.278575346196 
 1873   523.237993978226 
 1874   501.558092016451 
 1875   512.095081708536 
 1876   529.095611046185 
 1877   535.164446328434 
 1878   527.144587024958 
 1879   519.827795198933 
 1880   549.110853092377 
 1881   557.949427768805 
 1882   541.30001279014 
 1883   533.017796572659 
 1884   523.964448759178 
 1885   556.330128812713 
 1886   564.773333381362 
 1887   561.971297106498 
 1888   557.776007966284 
 1889   564.65699327549 
 1890   546.795100108522 
 1891   547.133794104334 
 1892   551.291612068124 
 1893   547.549898483312 
 1894   553.370413203778 
 1895   563.81858120551 
 1896   561.765929315936 
 1897   580.809595930353 
 1898   568.673999312901 
 1899   539.334314664271 
 1900   539.488911961825 
 1901   515.253688523844 
 1902   494.75765371211 
 1903   506.158234947757 
 1904   495.953000252039 
 1905   505.638069757495 
 1906   492.681684861435 
 1907   490.328134331112 
 1908   502.880700665791 
 1909   496.501945136787 
 1910   485.888782805268 
 1911   471.122949985106 
 1912   475.324598447316 
 1913   489.18607391686 
 1914   466.898459160858 
 1915   452.786612843629 
 1916   454.492278438554 
 1917   462.146293645742 
 1918   470.756248064112 
 1919   448.79970243298 
 1920   466.035822178588 
 1921   480.992669722821 
 1922   486.245349987527 
 1923   473.485614357535 
 1924   463.261677903502 
 1925   474.552614974678 
 1926   464.821989134035 
 1927   439.803797071558 
 1928   444.564412955071 
 1929   438.690895247949 
 1930   430.525258631698 
 1931   415.656472921582 
 1932   403.828301100182 
 1933   410.557263456972 
 1934   410.827921783237 
 1935   397.389208195332 
 1936   385.072018881154 
 1937   372.26294435968 
 1938   378.408857263325 
 1939   381.079375867328 
 1940   388.547314889414 
 1941   377.773338545049 
 1942   393.250958413997 
 1943   400.338625983127 
 1944   421.792798547096 
 1945   413.094062519299 
 1946   392.194671505745 
 1947   429.693133515838 
 1948   446.520835411469 
 1949   434.717933110031 
 1950   424.340014543704 
 1951   410.551723561872 
 1952   423.047644468426 
 1953   420.475735238203 
 1954   354.395298494938 
 1955   357.613534777557 
 1956   375.134095790092 
 1957   394.685380997352 
 1958   381.731241270467 
 1959   374.386768233935 
 1960   380.915358104063 
 1961   383.45393059034 
 1962   382.055306331595 
 1963   368.784556172687 
 1964   363.820267649048 
 1965   355.388001944518 
 1966   360.413202605843 
 1967   331.396324855441 
 1968   327.848939755415 
 1969   322.437574081276 
 1970   306.180679646436 
 1971   284.439132648352 
 1972   304.256323761574 
 1973   283.180426059086 
 1974   297.742245992812 
 1975   308.861338026835 
 1976   308.78283145722 
 1977   346.565378351036 
 1978   322.234733907071 
 1979   332.030193924111 
 1980   341.428148884107 
 1981   311.51250777229 
 1982   294.337803177009 
 1983   286.780916618647 
 1984   285.493075388343 
 1985   288.778809166074 
 1986   285.909524500486 
 1987   297.534692579526 
 1988   297.932461209421 
 1989   291.554216511716 
 1990   293.572969536639 
 1991   304.494182714731 
 1992   284.94158152797 
 1993   278.096714293326 
 1994   279.413032227553 
 1995   289.099576205584 
 1996   278.833425037939 
 1997   274.729172948066 
 1998   277.369094001138 
 1999   277.58921304471 
 2000   271.338681652822 
 2001   267.256988141748 
 2002   260.036433668239 
 2003   289.004431618896 
 2004   281.882693269408 
 2005   276.122552570818 
 2006   292.108154967502 
 2007   292.577015536271 
 2008   312.653653787888 
 2009   299.760722239529 
 2010   287.716618586409 
 2011   301.616002640843 
 2012   308.459338768176 
 2013   309.029463654382 
 2014   305.990383972346 
 2015   288.120819651554 
 2016   283.64157310842 
 2017   281.045829937774 
 2018   259.568710018266 
 2019   225.858993434423 
 2020   230.253625902976 
 2021   237.931412467379 
 2022   247.186760839264 
 2023   243.736133946994 
 2024   250.331179020285 
 2025   289.749863252441 
 2026   283.480992104255 
 2027   274.30725865803 
 2028   283.836300614898 
 2029   264.456825996908 
 2030   249.757669810521 
 2031   234.878178195396 
 2032   226.945223747633 
 2033   234.887587219672 
 2034   222.961284871591 
 2035   224.602077930385 
 2036   221.316570698278 
 2037   244.55613077636 
 2038   236.769605142465 
 2039   236.30501815873 
 2040   210.59651449659 
 2041   208.077616963068 
 2042   202.864860309645 
 2043   198.936840073458 
 2044   180.614188052365 
 2045   160.543947231523 
 2046   160.040071411421 
 2047   163.887104366687 
 2048   180.881975107444 
 2049   179.487823624538 
 2050   155.54602595397 
 2051   181.702819603538 
 2052   204.645482351288 
 2053   221.7874354743 
 2054   229.228649075225 
 2055   217.95746624035 
 2056   228.432386916003 
 2057   245.684235696001 
 2058   212.618439929972 
 2059   204.384691281316 
 2060   196.685338516799 
 2061   192.132499636031 
 2062   197.669658249237 
 2063   191.363647071054 
 2064   205.496242757114 
 2065   207.204132747522 
 2066   195.923582455065 
 2067   186.314831513514 
 2068   190.620736753572 
 2069   167.807580534996 
 2070   136.947040944347 
 2071   128.043158852683 
 2072   139.426751656282 
 2073   155.415805974474 
 2074   162.870579953678 
 2075   185.019714409882 
 2076   183.588160814418 
 2077   226.638112003954 
 2078   218.233347752135 
 2079   206.61173744183 
 2080   211.819688864872 
 2081   199.944596282814 
 2082   226.971549710966 
 2083   209.604323173834 
 2084   193.458999601006 
 2085   197.518844474563 
 2086   167.749075902261 
 2087   165.882936237985 
 2088   150.699434287962 
 2089   151.00206293224 
 2090   150.153418810408 
 2091   104.689544339511 
 2092   139.780126262312 
 2093   132.507873871956 
 2094   140.114468931983 
 2095   137.385178327919 
 2096   137.120282951868 
 2097   171.694885903418 
 2098   167.509060465479 
 2099   168.637765542075 
 2100   177.645883900099 
 2101   182.553238565327 
 2102   180.664482910175 
 2103   197.697816482352 
 2104   192.381146639214 
 2105   201.654616924385 
 2106   184.17168334323 
 2107   174.795632147881 
 2108   188.097529862645 
 2109   170.285515566269 
 2110   147.541250026901 
 2111   115.414223501579 
 2112   124.947738539749 
 2113   142.792100129324 
 2114   114.652883029537 
 2115   100.889981997597 
 2116   125.460174711634 
 2117   161.153615815419 
 2118   140.884558610681 
 2119   141.774091358043 
 2120   156.102576825651 
 2121   165.131106375125 
 2122   162.040030369813 
 2123   151.620787733129 
 2124   148.665629769437 
 2125   147.432621150138 
 2126   121.714364498577 
 2127   144.439342259691 
 2128   134.527139307439 
 2129   136.224418959184 
 2130   98.3450536361014 
 2131   104.470701657462 
 2132   128.64916481884 
 2133   114.14698632083 
 2134   108.521939002812 
 2135   108.245694517965 
 2136   139.794884487544 
 2137   152.187186464282 
 2138   144.573873792258 
 2139   155.642047394366 
 2140   148.193479522201 
 2141   170.493131991361 
 2142   167.018459458823 
 2143   173.032419363164 
 2144   169.87674652603 
 2145   142.423336591622 
 2146   158.430659162042 
 2147   124.968048219494 
 2148   108.750664927896 
 2149   117.992143940392 
 2150   127.409793431108 
 2151   91.0731646364095 
 2152   98.5831423360783 
 2153   82.7386791932526 
 2154   104.284801852907 
 2155   84.6450230298028 
 2156   62.8708540886156 
 2157   59.1291817974193 
 2158   82.1054907615927 
 2159   112.960627384849 
 2160   96.2357292462885 
 2161   101.92744567013 
 2162   115.893354281214 
 2163   128.489306106032 
 2164   131.555264979308 
 2165   120.665232312049 
 2166   130.484692910712 
 2167   130.019577969684 
 2168   103.350603284132 
 2169   110.585668822707 
 2170   113.460589682731 
 2171   100.68991666561 
 2172   94.6258752477278 
 2173   98.0365700461672 
 2174   87.5954435077775 
 2175   95.1851783663455 
 2176   87.7449787276922 
 2177   94.4022203180979 
 2178   108.415913759698 
 2179   100.093845237717 
 2180   109.879667835693 
 2181   89.1190444207288 
 2182   102.714597265959 
 2183   106.550377415288 
 2184   80.2480449551519 
 2185   58.0095424683771 
 2186   75.1891727000184 
 2187   97.9987946401643 
 2188   51.3652322522877 
 2189   29.1080327507291 
 2190   53.6424979139334 
 2191   81.3733028712079 
 2192   69.5376528040444 
 2193   59.0912828903269 
 2194   87.4866402244342 
 2195   121.288029121709 
 2196   103.333456387265 
 2197   85.5631669495892 
 2198   97.8482711595592 
 2199   94.2786042165985 
 2200   122.389011963634 
 2201   122.075924538885 
 2202   143.034149457639 
 2203   155.992551924591 
 2204   133.67992824647 
 2205   111.734844077184 
 2206   115.697024492402 
 2207   91.7188585308741 
 2208   79.5203205375049 
 2209   90.7862648047265 
 2210   114.423524268053 
 2211   140.388652993731 
 2212   125.834987080295 
 2213   149.895007973312 
 2214   152.64799142546 
 2215   155.53021080494 
 2216   158.553359694559 
 2217   172.479394903399 
 2218   163.561467778849 
 2219   154.682512632633 
 2220   152.317903341825 
 2221   135.196164546479 
 2222   123.210831412663 
 2223   127.152419537154 
 2224   115.035252880425 
 2225   118.164902639617 
 2226   119.971522685913 
 2227   134.101228762125 
 2228   142.474976792282 
 2229   133.249471515021 
 2230   142.632409692578 
 2231   121.396041362576 
 2232   118.216418028646 
 2233   102.43362449286 
 2234   95.3225627363643 
 2235   94.9549605804966 
 2236   114.298662812447 
 2237   126.344390952519 
 2238   134.181657027838 
 2239   144.478845236871 
 2240   154.50183848026 
 2241   148.241031751964 
 2242   140.207280064634 
 2243   127.136243750751 
 2244   140.798948769032 
 2245   155.782353843952 
 2246   134.922540722593 
 2247   129.559367142276 
 2248   112.682900252255 
 2249   119.888232937555 
 2250   106.473873006398 
 2251   71.5937973405046 
 2252   80.3949742200641 
 2253   79.1378180938135 
 2254   79.3530943117883 
 2255   70.1248250737983 
 2256   85.8874329530735 
 2257   110.840084453026 
 2258   128.941789691931 
 2259   132.622589932427 
 2260   145.862517822781 
 2261   133.035871057783 
 2262   113.908179586803 
 2263   103.785311505366 
 2264   74.5500188759285 
 2265   90.5803729135768 
 2266   84.5914537461643 
 2267   97.2733502850582 
 2268   105.080409515233 
 2269   117.484334587842 
 2270   114.487724209576 
 2271   102.37009824638 
 2272   112.286324642102 
 2273   119.58381404115 
 2274   102.616150310196 
 2275   126.702260714005 
 2276   118.383844227138 
 2277   107.385477652929 
 2278   99.2782193243254 
 2279   104.161820380234 
 2280   90.4641238445847 
 2281   72.1814675834929 
 2282   94.2431923690484 
 2283   109.232220586197 
 2284   128.86176400243 
 2285   135.793978723204 
 2286   148.511390888953 
 2287   144.7137577914 
 2288   157.062517318912 
 2289   159.276930355909 
 2290   141.458255704223 
 2291   148.838379283458 
 2292   149.650199467936 
 2293   160.311445089575 
 2294   159.56392813058 
 2295   134.930937030774 
 2296   149.754973262841 
 2297   147.205934456011 
 2298   142.458739937833 
 2299   138.76583550647 
 2300   126.581124912781 
 2301   146.784953784618 
 2302   132.704078754089 
 2303   122.984562501066 
 2304   118.604259141242 
 2305   107.091965682024 
 2306   119.284111996827 
 2307   109.454404163368 
 2308   113.373686588738 
 2309   112.661164637352 
 2310   108.478236602844 
 2311   99.7011400841991 
 2312   77.9340786035052 
 2313   90.886960087632 
 2314   85.9689963543425 
 2315   93.5150821442292 
 2316   108.601407872176 
 2317   110.09005204941 
 2318   107.205527128111 
 2319   93.7867394259394 
 2320   85.7898945157838 
 2321   77.7637336794492 
 2322   68.3850108928203 
 2323   73.2788296634535 
 2324   72.2814567231924 
 2325   85.2214649972096 
 2326   78.6143336881569 
 2327   51.6851595715499 
 2328   77.3347145478336 
 2329   81.2613004481993 
 2330   94.5461255338775 
 2331   98.6625990018067 
 2332   110.149242199173 
 2333   116.932286409272 
 2334   101.641892476351 
 2335   103.663476646041 
 2336   94.215603931649 
 2337   90.0260788023075 
 2338   102.025606603071 
 2339   116.287289110714 
