05-29-2020  12:00:14
Wavenumber (cm-1)  CCD Output
 251   1275.19124192747 
 252   1299.85523802556 
 253   1329.86595866573 
 254   1375.66318649741 
 255   1409.34722053526 
 256   1437.34459254592 
 257   1492.91014400227 
 258   1538.81131555511 
 259   1563.43442545719 
 260   1601.05690315389 
 261   1639.68923988954 
 262   1673.92867779699 
 263   1724.7476074251 
 264   1769.11946511944 
 265   1792.07136506542 
 266   1820.1273816644 
 267   1848.7936750964 
 268   1868.35336780087 
 269   1891.46173362965 
 270   1917.31952779606 
 271   1939.76538986373 
 272   1961.55142285802 
 273   1980.97828941516 
 274   1998.1618598241 
 275   2027.34888928941 
 276   2059.10159431318 
 277   2073.41630452231 
 278   2082.34695350565 
 279   2100.28416062459 
 280   2130.93810310776 
 281   2153.18889522444 
 282   2168.5506725067 
 283   2197.12501285494 
 284   2212.17497256157 
 285   2205.38450400207 
 286   2203.27303203583 
 287   2219.81267829975 
 288   2246.58081621375 
 289   2257.64213393377 
 290   2261.55842154657 
 291   2272.01321645273 
 292   2288.4139364272 
 293   2295.58452947082 
 294   2284.84517623924 
 295   2267.97546779344 
 296   2258.42396270578 
 297   2255.30944084258 
 298   2236.54155260439 
 299   2225.59217931427 
 300   2239.23117461938 
 301   2232.83094896765 
 302   2207.97112014637 
 303   2188.77788002831 
 304   2179.02704305092 
 305   2182.62812668482 
 306   2194.0071601436 
 307   2182.66477729596 
 308   2167.19265983968 
 309   2175.09259043537 
 310   2159.96579854872 
 311   2128.04336708978 
 312   2118.61068653729 
 313   2120.33070209908 
 314   2109.82549346682 
 315   2075.70889784095 
 316   2050.95193833982 
 317   2056.74969205934 
 318   2086.43222324505 
 319   2101.66497970571 
 320   2104.81592341252 
 321   2129.78755777643 
 322   2162.78582261694 
 323   2198.8640843293 
 324   2251.13836044413 
 325   2323.29367664503 
 326   2407.79707492091 
 327   2489.06947335125 
 328   2555.9926089639 
 329   2616.72725029003 
 330   2691.6022693912 
 331   2768.43142770022 
 332   2842.70278273428 
 333   2925.51111639013 
 334   3010.4105820029 
 335   3086.88914462877 
 336   3147.99717077978 
 337   3196.36590404204 
 338   3243.69450233315 
 339   3299.67111893705 
 340   3327.70631383632 
 341   3321.85786628638 
 342   3321.64171612054 
 343   3313.30235135647 
 344   3277.39584960811 
 345   3213.54049165414 
 346   3138.41741064428 
 347   3063.63685008499 
 348   2985.05652436559 
 349   2885.31671413289 
 350   2776.47270957767 
 351   2700.57741262124 
 352   2632.29358102614 
 353   2551.27672393317 
 354   2470.74260070901 
 355   2390.32703201147 
 356   2312.34290756457 
 357   2248.17830380958 
 358   2203.29232379208 
 359   2167.67511258265 
 360   2121.39318024265 
 361   2079.23313209732 
 362   2044.71910434314 
 363   1999.26576695261 
 364   1955.23733766982 
 365   1924.60980443476 
 366   1908.55016786482 
 367   1917.93965612464 
 368   1930.27581043315 
 369   1900.39638872356 
 370   1878.82294478636 
 371   1888.7953981396 
 372   1897.23410187968 
 373   1907.46767762385 
 374   1919.30463425387 
 375   1920.65989082216 
 376   1918.39029429587 
 377   1910.23935210978 
 378   1889.20388367642 
 379   1889.78301667984 
 380   1918.901566836 
 381   1946.7257327842 
 382   1951.41838123293 
 383   1943.14602072578 
 384   1951.25473488009 
 385   1972.87449258099 
 386   1997.67670382735 
 387   2018.24973055253 
 388   2036.59743613191 
 389   2054.38760669895 
 390   2072.95176732051 
 391   2097.95534419992 
 392   2126.5868035896 
 393   2156.24497291371 
 394   2203.0121595414 
 395   2251.70450015859 
 396   2287.66722295081 
 397   2356.35054606046 
 398   2439.56529355545 
 399   2500.45986642794 
 400   2567.88114156645 
 401   2626.56238492604 
 402   2661.34275979965 
 403   2719.88000979681 
 404   2791.04553115777 
 405   2852.85110067376 
 406   2928.05398216692 
 407   3001.24060432925 
 408   3052.14805879277 
 409   3092.25523850897 
 410   3156.20963318891 
 411   3266.08931966383 
 412   3405.85745709716 
 413   3528.97580498009 
 414   3644.95781120446 
 415   3830.57567215073 
 416   4031.97948724878 
 417   4228.99570847063 
 418   4482.53936401509 
 419   4775.45441101355 
 420   5078.10838356941 
 421   5379.22678561569 
 422   5688.55982107773 
 423   6022.8225502421 
 424   6382.75338644014 
 425   6711.72376038587 
 426   7008.29235395 
 427   7307.90034705158 
 428   7592.68118570675 
 429   7880.40131322757 
 430   8183.22812590173 
 431   8426.2264569086 
 432   8630.68001539116 
 433   8844.37061391532 
 434   9031.73878265001 
 435   9198.24859070352 
 436   9348.05952876811 
 437   9437.49803334801 
 438   9451.8600110414 
 439   9403.11426551563 
 440   9310.7909965872 
 441   9136.6668415433 
 442   8872.64431632608 
 443   8575.54362009254 
 444   8289.04115559788 
 445   7986.08911003731 
 446   7601.3117350462 
 447   7197.62720259046 
 448   6825.75555924491 
 449   6489.4994628681 
 450   6175.70242280224 
 451   5893.95362509435 
 452   5666.70703497811 
 453   5497.16182850014 
 454   5370.58014956495 
 455   5271.03988954284 
 456   5201.03321630795 
 457   5174.7758181975 
 458   5194.04385097835 
 459   5232.17556210418 
 460   5270.54383752914 
 461   5310.46283237436 
 462   5368.76740540579 
 463   5431.15859297185 
 464   5485.27297968459 
 465   5533.55347016542 
 466   5580.30465705749 
 467   5629.01392746837 
 468   5674.0116107143 
 469   5687.59872025462 
 470   5693.48958702262 
 471   5720.39067350134 
 472   5713.91722974812 
 473   5681.94939308685 
 474   5657.66661141075 
 475   5637.776758518 
 476   5619.78669647888 
 477   5596.80679599469 
 478   5555.06857298365 
 479   5499.72548260601 
 480   5432.21465104651 
 481   5349.24803974897 
 482   5279.62548152869 
 483   5206.612895049 
 484   5088.74962158113 
 485   4966.15187078613 
 486   4843.54496502338 
 487   4702.37878348894 
 488   4559.00258065177 
 489   4415.96757946508 
 490   4269.50858813106 
 491   4121.57250944392 
 492   3956.65416012448 
 493   3787.70524341395 
 494   3661.47120059167 
 495   3540.25061783758 
 496   3409.09668536717 
 497   3295.3981722123 
 498   3183.61075992436 
 499   3077.97990738245 
 500   2992.08649031169 
 501   2901.9406716302 
 502   2825.22084058357 
 503   2778.1449410005 
 504   2721.41739012645 
 505   2660.23969497441 
 506   2610.7466371615 
 507   2569.45679080864 
 508   2527.05055825604 
 509   2481.92416388068 
 510   2441.63774558128 
 511   2410.12573848018 
 512   2383.63858221065 
 513   2354.81764440577 
 514   2322.66206266625 
 515   2301.15414766277 
 516   2292.73503242792 
 517   2269.69451257219 
 518   2256.51076136391 
 519   2270.17092539022 
 520   2289.76348741712 
 521   2321.17667982879 
 522   2357.52865830568 
 523   2385.33430221353 
 524   2438.73752188135 
 525   2511.66445837221 
 526   2578.95877422373 
 527   2653.6114013834 
 528   2728.06870233657 
 529   2790.85000426579 
 530   2846.7314761793 
 531   2903.37231100956 
 532   2963.10065200656 
 533   3019.77824739782 
 534   3060.12289176803 
 535   3061.55971921958 
 536   3021.13226602075 
 537   2996.2080129684 
 538   2973.03484497617 
 539   2920.21200530065 
 540   2855.34021501167 
 541   2771.21638125685 
 542   2672.21568200266 
 543   2583.89794835419 
 544   2497.84320087068 
 545   2423.70709022464 
 546   2370.79758217326 
 547   2288.38398077394 
 548   2201.56114513452 
 549   2151.8518798648 
 550   2115.76842331178 
 551   2080.22417041938 
 552   2040.3820561425 
 553   1998.23238531261 
 554   1976.60498244107 
 555   1956.63191450911 
 556   1910.06860074443 
 557   1888.99778218625 
 558   1894.01195483097 
 559   1892.57077225537 
 560   1869.05428704057 
 561   1851.07322216358 
 562   1846.05784412446 
 563   1826.45061123257 
 564   1799.19543107888 
 565   1785.72113270434 
 566   1791.54969372304 
 567   1777.00066937152 
 568   1744.08622226574 
 569   1716.73707896059 
 570   1705.12976515523 
 571   1683.34724255679 
 572   1657.70295236345 
 573   1659.00405614948 
 574   1645.93072983598 
 575   1623.684557951 
 576   1620.02409242059 
 577   1618.75688519552 
 578   1610.12794357221 
 579   1596.68973793629 
 580   1588.03641301877 
 581   1583.97843468615 
 582   1576.20304494072 
 583   1562.18017175394 
 584   1563.29238569225 
 585   1562.67731941967 
 586   1547.22115920497 
 587   1544.40234891369 
 588   1545.52114090002 
 589   1540.21144614591 
 590   1536.52786929615 
 591   1555.27892504467 
 592   1580.19927699392 
 593   1577.03376149948 
 594   1538.95990418799 
 595   1516.31020304889 
 596   1522.71212821491 
 597   1512.11787517496 
 598   1503.20798468299 
 599   1504.5523660362 
 600   1503.95430386823 
 601   1494.53021220172 
 602   1482.76915104175 
 603   1482.79737945267 
 604   1500.8417238816 
 605   1499.763679109 
 606   1486.88293135209 
 607   1495.55870933342 
 608   1494.08651779926 
 609   1481.52275247244 
 610   1464.90697791294 
 611   1436.8353694485 
 612   1440.43676729649 
 613   1472.63325211723 
 614   1487.21390265623 
 615   1493.80781262105 
 616   1503.90477835338 
 617   1519.95218559411 
 618   1537.2781432494 
 619   1547.4549037468 
 620   1558.76806605713 
 621   1579.22984758036 
 622   1566.28456100956 
 623   1549.53582910203 
 624   1564.25607957609 
 625   1571.35250922165 
 626   1567.6132389982 
 627   1561.15305762969 
 628   1554.53059096861 
 629   1547.10819859787 
 630   1529.81976236951 
 631   1505.5352546297 
 632   1500.4071354664 
 633   1504.17190988723 
 634   1505.87647352195 
 635   1503.37799068272 
 636   1483.0152497777 
 637   1470.17282781899 
 638   1483.02961874264 
 639   1491.62062631807 
 640   1504.39981807938 
 641   1519.98433159095 
 642   1518.46018828949 
 643   1500.24144441883 
 644   1496.37027382301 
 645   1516.81184304853 
 646   1520.5943985217 
 647   1503.14508483542 
 648   1487.55874261594 
 649   1494.69245737101 
 650   1505.89195263809 
 651   1512.81560787522 
 652   1519.27010719912 
 653   1528.57172066207 
 654   1522.94002555831 
 655   1517.04031605152 
 656   1533.64343450399 
 657   1545.14205621918 
 658   1545.59617061932 
 659   1541.64081807678 
 660   1538.84809407926 
 661   1540.94009890107 
 662   1538.54485123469 
 663   1528.92997499967 
 664   1535.11960774101 
 665   1552.08018610375 
 666   1565.39051142592 
 667   1569.29958440167 
 668   1574.46427930211 
 669   1577.3440737647 
 670   1580.55264680282 
 671   1604.22465957139 
 672   1626.0778897347 
 673   1628.61189956228 
 674   1615.64265748926 
 675   1602.96513920934 
 676   1605.51774935958 
 677   1624.65180624695 
 678   1647.92905767476 
 679   1670.05756140766 
 680   1675.14579609231 
 681   1662.58404937554 
 682   1670.02291725387 
 683   1694.09684311644 
 684   1718.06186279669 
 685   1735.41658667207 
 686   1756.06252512111 
 687   1764.49636229016 
 688   1757.53181500868 
 689   1763.01087366349 
 690   1774.30158535021 
 691   1785.15387127968 
 692   1797.38501959076 
 693   1814.27141020911 
 694   1844.56277893481 
 695   1876.35901348192 
 696   1889.06007140591 
 697   1905.27276849478 
 698   1932.6596403818 
 699   1970.8503482476 
 700   2020.78228621172 
 701   2061.09311864314 
 702   2094.50330578482 
 703   2128.45966575643 
 704   2142.65484250823 
 705   2170.14168263681 
 706   2227.72751418334 
 707   2298.8888749064 
 708   2381.76708831931 
 709   2461.00406172955 
 710   2539.0826224657 
 711   2644.09072251181 
 712   2763.76950787254 
 713   2897.73534745366 
 714   3052.85052925558 
 715   3223.19319898705 
 716   3416.58991580143 
 717   3625.55275416665 
 718   3837.04901016246 
 719   4072.96140987698 
 720   4374.22869583008 
 721   4762.26940837043 
 722   5207.75288715513 
 723   5633.17209920396 
 724   6128.65636192872 
 725   6781.44679549714 
 726   7533.40062291262 
 727   8407.91248331388 
 728   9401.62722560372 
 729   10475.3572251022 
 730   11601.2301980777 
 731   12766.5705127552 
 732   13912.7767329783 
 733   14966.0418334795 
 734   15934.0897061333 
 735   16816.5933527023 
 736   17449.7429026426 
 737   17688.9694074462 
 738   17955.1966166247 
 739   18066.1557872266 
 740   17783.8523779936 
 741   17336.4164242636 
 742   16757.6605722465 
 743   16037.1209575765 
 744   15190.307301426 
 745   14264.5330562074 
 746   13328.4289136226 
 747   12399.763623856 
 748   11464.7833553839 
 749   10548.3499553883 
 750   9697.33928502329 
 751   8912.23240497407 
 752   8157.69303207304 
 753   7443.41131825936 
 754   6783.68948916194 
 755   6177.96142587888 
 756   5619.54724208745 
 757   5130.0281584723 
 758   4715.41860304046 
 759   4331.65836509832 
 760   3932.18809722213 
 761   3640.43097291381 
 762   3443.67312318835 
 763   3267.55718927391 
 764   3119.12152978224 
 765   3005.49694819422 
 766   2926.77307380886 
 767   2865.50566859883 
 768   2790.94601790817 
 769   2729.46585634107 
 770   2694.83069590317 
 771   2667.77414600297 
 772   2624.70222728229 
 773   2597.18383828044 
 774   2580.79226514884 
 775   2545.58068381914 
 776   2519.24851150942 
 777   2511.53926708965 
 778   2513.18015484968 
 779   2507.36512142323 
 780   2485.07395032535 
 781   2477.56431829292 
 782   2490.52911632261 
 783   2500.01527055211 
 784   2525.8731942174 
 785   2534.55542451234 
 786   2515.11808776354 
 787   2508.678477357 
 788   2521.37714177594 
 789   2547.35810550889 
 790   2574.13770999364 
 791   2590.42108262348 
 792   2605.91300995009 
 793   2627.99060957567 
 794   2663.90879449816 
 795   2719.42098912372 
 796   2778.13813096282 
 797   2822.30642642447 
 798   2852.25167981103 
 799   2889.55938948325 
 800   2947.29747099787 
 801   2993.33592959084 
 802   3009.22747481919 
 803   3029.55221567811 
 804   3068.06029255195 
 805   3096.54701532111 
 806   3094.97685343243 
 807   3089.27475518442 
 808   3102.81301792775 
 809   3099.31539862392 
 810   3078.64746727492 
 811   3107.14134487776 
 812   3099.91694351758 
 813   3062.39233333182 
 814   3038.19155408501 
 815   3010.15489223224 
 816   2975.31594660264 
 817   2926.30807489576 
 818   2866.06817233306 
 819   2811.15402340883 
 820   2744.69182957737 
 821   2679.73961679704 
 822   2619.52182248917 
 823   2537.47636271234 
 824   2467.72251530338 
 825   2418.15264206904 
 826   2371.40059034694 
 827   2319.70719825774 
 828   2286.83372208285 
 829   2242.66790972094 
 830   2183.39720273438 
 831   2158.74508412266 
 832   2136.89726072145 
 833   2109.65389591611 
 834   2084.87512971735 
 835   2064.39962870277 
 836   2051.78226774133 
 837   2026.19506054702 
 838   1993.15280015011 
 839   1978.62519995228 
 840   1950.43551882449 
 841   1939.86983131508 
 842   1948.78350164308 
 843   1932.35946189766 
 844   1900.3129200127 
 845   1871.29056002775 
 846   1859.01520185202 
 847   1874.64414280219 
 848   1911.1264579525 
 849   1837.61101944066 
 850   1718.77776663304 
 851   1708.21982092144 
 852   1723.34699826256 
 853   1747.34005020217 
 854   1779.15094007998 
 855   1803.14650750629 
 856   1803.0961063232 
 857   1783.63488422342 
 858   1848.4437702612 
 859   1989.57446820077 
 860   2006.93907385372 
 861   2006.86648555429 
 862   2021.38150078787 
 863   2023.69119607395 
 864   2030.01388013357 
 865   2041.06465596033 
 866   2038.52952158626 
 867   2036.71915450356 
 868   2065.58704952196 
 869   2077.79241223968 
 870   2080.18001817799 
 871   2098.55573935128 
 872   2138.61760623669 
 873   2184.93395571161 
 874   2221.94011770693 
 875   2260.86668735244 
 876   2314.55599078388 
 877   2364.65390536199 
 878   2421.02995418369 
 879   2499.77861598817 
 880   2596.04895049872 
 881   2684.39473546058 
 882   2770.423992605 
 883   2874.55682463031 
 884   3000.75660038666 
 885   3130.97442819047 
 886   3264.22475253653 
 887   3442.57523696027 
 888   3646.58112625396 
 889   3835.39839652186 
 890   4089.67695645362 
 891   4400.08423106236 
 892   4752.52744944083 
 893   5169.23998447691 
 894   5667.62124058786 
 895   6187.03407255334 
 896   6702.79837706325 
 897   7242.05009726483 
 898   7816.39416901652 
 899   8331.06316103163 
 900   8762.59076193404 
 901   9127.57436711674 
 902   9412.74697121108 
 903   9566.93471861102 
 904   9625.96651642746 
 905   9647.81835807824 
 906   9631.09591359564 
 907   9525.18721173866 
 908   9443.90688410842 
 909   9429.99906017187 
 910   9469.59456313315 
 911   9582.79235162629 
 912   9797.43258515978 
 913   10147.3103647915 
 914   10579.9964632467 
 915   11002.3405068062 
 916   11443.0669452326 
 917   11909.886682113 
 918   12322.6229863129 
 919   12601.7578124999 
 920   12757.8125479567 
 921   12759.649139593 
 922   12584.7245069234 
 923   12242.3612394524 
 924   11754.6548292987 
 925   11123.1403844906 
 926   10411.3660233509 
 927   9654.57308036791 
 928   8855.20930970399 
 929   8061.56601996601 
 930   7357.59149763974 
 931   6695.8674552596 
 932   6054.97507527615 
 933   5532.75588429231 
 934   5097.51517159964 
 935   4716.4738255429 
 936   4399.22809670838 
 937   4153.26909925444 
 938   3927.18702822251 
 939   3703.40794437052 
 940   3504.09459779678 
 941   3351.92388666438 
 942   3230.8591423527 
 943   3095.33151603176 
 944   2984.44057075295 
 945   2904.10485610511 
 946   2822.95534053333 
 947   2770.88088279818 
 948   2700.98340432249 
 949   2641.53936114638 
 950   2615.24699914285 
 951   2567.57915918034 
 952   2525.34450271239 
 953   2495.14106805794 
 954   2463.21996487809 
 955   2422.23454512074 
 956   2384.18333237135 
 957   2362.64135115799 
 958   2351.79610847146 
 959   2342.74428743256 
 960   2339.30513572146 
 961   2346.00514134259 
 962   2355.78399826618 
 963   2363.03460828359 
 964   2373.71890299986 
 965   2398.88912123294 
 966   2427.23258072232 
 967   2447.97353559661 
 968   2474.96894051786 
 969   2520.33174249507 
 970   2547.2612523516 
 971   2576.77068907487 
 972   2605.95405153079 
 973   2630.091139861 
 974   2676.59032590844 
 975   2725.69037082308 
 976   2766.92148777361 
 977   2805.92138289328 
 978   2862.98476300846 
 979   2960.74231833734 
 980   3072.58348916064 
 981   3206.27681007282 
 982   3367.68104512914 
 983   3535.66500146213 
 984   3714.87614646777 
 985   3937.47009383629 
 986   4189.22778452464 
 987   4460.43084670554 
 988   4781.02584564674 
 989   5118.00633605418 
 990   5516.22353095478 
 991   5965.2116557505 
 992   6430.48525390854 
 993   6953.51469170973 
 994   7466.70387453258 
 995   7967.6669680298 
 996   8399.32295470483 
 997   8678.6626425029 
 998   8878.8266311582 
 999   8973.85745933941 
 1000   9060.99112758729 
 1001   9099.55745700299 
 1002   8893.58768737719 
 1003   8580.61566665453 
 1004   8203.73630087866 
 1005   7819.55090237796 
 1006   7455.80386447297 
 1007   7074.59969351007 
 1008   6756.34060841982 
 1009   6486.96748289442 
 1010   6271.90962756318 
 1011   6156.78046695647 
 1012   6146.53600388625 
 1013   6204.59176454116 
 1014   6324.35841659743 
 1015   6495.89998470123 
 1016   6691.66248035848 
 1017   6889.66670280285 
 1018   7075.05770515236 
 1019   7231.7539671342 
 1020   7309.50318265481 
 1021   7279.13205491398 
 1022   7197.08703258427 
 1023   7047.04997239248 
 1024   6894.82062214668 
 1025   6704.36346439161 
 1026   6391.4247416828 
 1027   6089.51511700752 
 1028   5753.41438631183 
 1029   5506.86860250175 
 1030   5333.82417661155 
 1031   5063.28040854536 
 1032   4845.47394908427 
 1033   4693.50771769243 
 1034   4616.68319538858 
 1035   4589.27993517748 
 1036   4570.93595740039 
 1037   4628.90110743999 
 1038   4658.36977658928 
 1039   4719.18637118588 
 1040   4870.16207330145 
 1041   5041.12981197069 
 1042   5244.75217603965 
 1043   5441.97065718082 
 1044   5592.39834159703 
 1045   5869.69839720188 
 1046   6364.20918336254 
 1047   6583.08544827751 
 1048   6746.53141404879 
 1049   6957.34458461688 
 1050   7134.68221256829 
 1051   7299.06058792541 
 1052   7546.85120340687 
 1053   7822.02004209201 
 1054   8126.1796069182 
 1055   8418.11914973695 
 1056   8732.59559672895 
 1057   9394.00669010532 
 1058   10222.747422136 
 1059   11229.9344703291 
 1060   12354.2801246061 
 1061   13467.7913757962 
 1062   14779.2801482398 
 1063   16142.9014141325 
 1064   17412.8540950836 
 1065   18557.8034380301 
 1066   19581.6482120397 
 1067   20381.8065851577 
 1068   20713.8429708387 
 1069   20984.7828258634 
 1070   21104.4610612362 
 1071   20730.1402054301 
 1072   20204.013850296 
 1073   19553.3143272279 
 1074   18837.1603076912 
 1075   18126.1030383598 
 1076   17528.8902674312 
 1077   17118.8098763381 
 1078   16680.3155040123 
 1079   16416.1095580485 
 1080   16338.3151741993 
 1081   16305.7182464938 
 1082   16295.548641002 
 1083   16263.3662101811 
 1084   16171.2271612181 
 1085   15999.6784775116 
 1086   15649.7668487282 
 1087   15107.3312376566 
 1088   14596.0809718678 
 1089   13903.1149874455 
 1090   13124.614057589 
 1091   12355.5692882544 
 1092   11527.0104876516 
 1093   10662.6934004944 
 1094   9877.5281482589 
 1095   9201.00910758249 
 1096   8570.83919036504 
 1097   7974.72406655828 
 1098   7466.18085696708 
 1099   6978.62567159885 
 1100   6515.27117219175 
 1101   6101.07963078006 
 1102   5712.2289434361 
 1103   5321.13719229052 
 1104   4975.5231629529 
 1105   4672.84878068194 
 1106   4406.97047770029 
 1107   4186.06097488225 
 1108   4005.43583562923 
 1109   3842.36810906288 
 1110   3714.14596225328 
 1111   3633.59490297442 
 1112   3540.56782751281 
 1113   3430.97046577955 
 1114   3366.75808309549 
 1115   3292.02790745462 
 1116   3190.31862703112 
 1117   3100.09263469245 
 1118   3032.80605404128 
 1119   2974.05720899768 
 1120   2937.91599322387 
 1121   2927.32884112102 
 1122   2898.63848289189 
 1123   2856.13613722585 
 1124   2847.03966650858 
 1125   2874.80039144795 
 1126   2881.19180857782 
 1127   2909.91331687104 
 1128   2943.34042833447 
 1129   2962.3119163806 
 1130   2980.98729318681 
 1131   3011.47565762321 
 1132   3072.81557332961 
 1133   3112.32714061766 
 1134   3165.25398774932 
 1135   3223.1776112767 
 1136   3235.65901919415 
 1137   3282.61385906524 
 1138   3318.9563961939 
 1139   3377.01278506457 
 1140   3411.48741883165 
 1141   3395.49982589162 
 1142   3398.34747712571 
 1143   3365.45785516058 
 1144   3343.35712166252 
 1145   3314.04170896317 
 1146   3275.19059469544 
 1147   3242.75508074367 
 1148   3185.9446023221 
 1149   3141.35923639637 
 1150   3090.33819890673 
 1151   3043.43828349457 
 1152   2991.93510464231 
 1153   2913.84021588167 
 1154   2851.62238533805 
 1155   2793.30059199062 
 1156   2715.37616542747 
 1157   2641.13567767381 
 1158   2576.53194057301 
 1159   2496.68812773692 
 1160   2429.35776032063 
 1161   2372.83294460524 
 1162   2334.48501559229 
 1163   2283.9124085565 
 1164   2219.22806962357 
 1165   2183.61740163353 
 1166   2144.45673624868 
 1167   2126.92052569011 
 1168   2127.63788522372 
 1169   2138.79726805579 
 1170   2142.17209762602 
 1171   2112.91835219843 
 1172   2094.29123309299 
 1173   2102.10349916361 
 1174   2115.19619482445 
 1175   2135.36936087144 
 1176   2159.00415885666 
 1177   2151.63688346817 
 1178   2136.82155225292 
 1179   2139.15807207279 
 1180   2165.67286870827 
 1181   2183.48666102535 
 1182   2188.66594188715 
 1183   2213.5254847339 
 1184   2198.34295760942 
 1185   2197.2467881541 
 1186   2232.12241519534 
 1187   2264.0519379032 
 1188   2290.37787897403 
 1189   2353.96286065793 
 1190   2414.75646881086 
 1191   2458.10433857109 
 1192   2537.13098082686 
 1193   2654.93196710591 
 1194   2766.55242490892 
 1195   2869.54958126035 
 1196   2990.20814150228 
 1197   3107.07396757769 
 1198   3228.4154782536 
 1199   3373.31179909406 
 1200   3521.27713384791 
 1201   3635.87171324678 
 1202   3733.17174387561 
 1203   3831.69203231409 
 1204   3937.39926214999 
 1205   4020.31948292921 
 1206   4065.75074404681 
 1207   4087.39047658955 
 1208   4084.93575042202 
 1209   4087.94094299497 
 1210   4059.97489838247 
 1211   4031.28788464313 
 1212   3999.56875476385 
 1213   3932.94733030894 
 1214   3882.66321013663 
 1215   3840.19881545082 
 1216   3781.11355470885 
 1217   3698.54158182742 
 1218   3610.7018422811 
 1219   3517.98164204663 
 1220   3404.64637369017 
 1221   3300.85435150541 
 1222   3184.90187603155 
 1223   3072.13040764898 
 1224   2972.33178430009 
 1225   2894.22131231774 
 1226   2836.6631492832 
 1227   2761.12307351664 
 1228   2696.69123992566 
 1229   2649.47190960389 
 1230   2635.35615592028 
 1231   2623.58108482838 
 1232   2589.56964131299 
 1233   2569.26490564954 
 1234   2535.92423967887 
 1235   2516.46608233519 
 1236   2526.12159677291 
 1237   2519.72949982479 
 1238   2485.08918456747 
 1239   2469.22285697743 
 1240   2472.09396459545 
 1241   2467.11827967791 
 1242   2482.16502428653 
 1243   2499.47503806108 
 1244   2492.34963210929 
 1245   2500.29797112256 
 1246   2552.06256521632 
 1247   2564.29789683373 
 1248   2576.68665192429 
 1249   2578.34159968655 
 1250   2574.9455874883 
 1251   2592.29922587174 
 1252   2628.26354962492 
 1253   2662.50567031381 
 1254   2692.9220504727 
 1255   2743.81527472975 
 1256   2793.13472041049 
 1257   2852.74381662617 
 1258   2929.83196767464 
 1259   3001.24522320932 
 1260   3080.1258403147 
 1261   3160.75860844782 
 1262   3226.69968630555 
 1263   3305.44660845664 
 1264   3393.30921021908 
 1265   3477.53934517673 
 1266   3563.66192764685 
 1267   3635.64042750827 
 1268   3726.74186930149 
 1269   3798.08118777036 
 1270   3879.63660262712 
 1271   3943.50631633668 
 1272   3975.08968575006 
 1273   4029.61228870374 
 1274   4075.22242500695 
 1275   4139.0714536335 
 1276   4155.70348485383 
 1277   4199.75702041506 
 1278   4277.95604564779 
 1279   4351.66087793932 
 1280   4464.30348571066 
 1281   4600.83489837756 
 1282   4735.66601837442 
 1283   4888.17131761761 
 1284   5087.13328236482 
 1285   5285.08682785166 
 1286   5474.28499588302 
 1287   5708.9192266074 
 1288   5940.60104523318 
 1289   6125.82393147869 
 1290   6313.08412136489 
 1291   6509.68399670303 
 1292   6638.04074520663 
 1293   6717.03774716476 
 1294   6790.04103025062 
 1295   6758.90312009987 
 1296   6674.78206772026 
 1297   6582.35589482896 
 1298   6455.20900700934 
 1299   6276.11517684856 
 1300   6048.32324553999 
 1301   5810.66591375229 
 1302   5601.68366521295 
 1303   5373.32489783917 
 1304   5178.70256262668 
 1305   4993.34612903213 
 1306   4851.47888037193 
 1307   4731.54787962101 
 1308   4635.64081424497 
 1309   4596.36226523781 
 1310   4524.87575200202 
 1311   4513.603428274 
 1312   4498.93655666735 
 1313   4477.68028624539 
 1314   4450.22480216516 
 1315   4397.77618070313 
 1316   4332.37573855054 
 1317   4280.62827883829 
 1318   4244.49850720307 
 1319   4202.71494452108 
 1320   4146.52662175076 
 1321   4115.83968239357 
 1322   4094.90359142307 
 1323   4072.22995240609 
 1324   4072.76185819924 
 1325   4060.81337875721 
 1326   4029.42798990362 
 1327   4008.29135295381 
 1328   4016.90469572164 
 1329   4005.354894876 
 1330   3973.15573851535 
 1331   3970.37387789107 
 1332   3981.65196825061 
 1333   3971.66073140792 
 1334   3993.15285638968 
 1335   4003.95691318342 
 1336   4008.54348773445 
 1337   4006.69624046361 
 1338   3988.30995765919 
 1339   3975.93992723499 
 1340   3983.60974750685 
 1341   3983.63642099355 
 1342   3999.19613099729 
 1343   4009.02423659965 
 1344   3986.72119980366 
 1345   3979.59096799376 
 1346   4002.69043188489 
 1347   4010.25313526146 
 1348   4003.23307931319 
 1349   4019.91997748722 
 1350   4026.6875341013 
 1351   4020.27317537736 
 1352   4060.13241285049 
 1353   4110.99151534548 
 1354   4146.67083459753 
 1355   4209.76948452677 
 1356   4288.38454228042 
 1357   4322.25928411179 
 1358   4356.48991666834 
 1359   4403.19634492431 
 1360   4446.73677037034 
 1361   4475.20078658453 
 1362   4535.31754635947 
 1363   4564.65947994947 
 1364   4522.01333005405 
 1365   4549.11526462875 
 1366   4583.18287791167 
 1367   4624.26822544567 
 1368   4645.50942038436 
 1369   4686.93075757068 
 1370   4721.12093518106 
 1371   4737.65580614343 
 1372   4748.2728312531 
 1373   4742.85562205698 
 1374   4753.57128906252 
 1375   4700.62723290067 
 1376   4669.47570309881 
 1377   4620.99911657746 
 1378   4582.91515303706 
 1379   4558.84603553141 
 1380   4536.99465609849 
 1381   4515.39007055207 
 1382   4475.1211658916 
 1383   4473.43207501006 
 1384   4451.78104637897 
 1385   4380.64862917969 
 1386   4306.95117015894 
 1387   4244.27942869591 
 1388   4198.62186415075 
 1389   4143.27719842721 
 1390   4062.56913924621 
 1391   4010.21516944143 
 1392   3975.01686269224 
 1393   3971.87672063558 
 1394   3926.80019330612 
 1395   3884.4338776314 
 1396   3840.98904417986 
 1397   3804.7223853631 
 1398   3795.0839853402 
 1399   3770.82955045885 
 1400   3729.47909451835 
 1401   3725.07119760348 
 1402   3716.08121798183 
 1403   3695.68166177487 
 1404   3711.98209177636 
 1405   3724.63946105535 
 1406   3737.3232789088 
 1407   3739.60207956168 
 1408   3723.97485398844 
 1409   3755.36215573381 
 1410   3799.40213535868 
 1411   3837.43036222611 
 1412   3830.86087239407 
 1413   3864.90056159953 
 1414   3922.88793560207 
 1415   4004.93170339918 
 1416   4072.3079911651 
 1417   4102.43256092526 
 1418   4162.04066949754 
 1419   4258.11293301208 
 1420   4383.03351403406 
 1421   4516.88372523982 
 1422   4616.7404509139 
 1423   4719.76653720395 
 1424   4850.66154132317 
 1425   5022.46390026247 
 1426   5198.75165421263 
 1427   5359.36233817231 
 1428   5544.20725456064 
 1429   5743.27644408408 
 1430   5975.67987772948 
 1431   6276.5760679034 
 1432   6627.0176970674 
 1433   7003.61789102716 
 1434   7438.15106576843 
 1435   7944.98867763651 
 1436   8502.06521891814 
 1437   9128.53295554835 
 1438   9872.69280924587 
 1439   10701.5541289336 
 1440   11559.1629631475 
 1441   12529.6886151317 
 1442   13552.5747993733 
 1443   14626.0736538832 
 1444   15775.399712602 
 1445   16929.0059250423 
 1446   18031.0915563785 
 1447   19147.8706463541 
 1448   20267.909058386 
 1449   21287.7348334294 
 1450   22266.4330913202 
 1451   23082.1040828193 
 1452   23728.3356628243 
 1453   24222.639485489 
 1454   24535.3516078543 
 1455   24511.2315137756 
 1456   24234.8416381365 
 1457   23786.533173636 
 1458   23255.4373961174 
 1459   22654.8136846383 
 1460   21681.9783243272 
 1461   20657.5040533114 
 1462   19557.3465605923 
 1463   18445.297775586 
 1464   17308.2362031833 
 1465   16252.6894963199 
 1466   15282.9814004661 
 1467   14381.6343185309 
 1468   13497.9784399208 
 1469   12661.8905291206 
 1470   11972.648912305 
 1471   11318.0391386217 
 1472   10712.7979992049 
 1473   10138.7594306579 
 1474   9604.35813850381 
 1475   9084.42670752895 
 1476   8633.29580623243 
 1477   8232.36053213855 
 1478   7831.97368654006 
 1479   7463.62116340946 
 1480   7140.77372057389 
 1481   6829.47652824791 
 1482   6560.14700395317 
 1483   6340.11300531847 
 1484   6087.23102421963 
 1485   5827.74490435201 
 1486   5589.35843650193 
 1487   5383.83021363411 
 1488   5182.25357610589 
 1489   5018.03192505093 
 1490   4851.63374218123 
 1491   4673.70798112673 
 1492   4528.87296414282 
 1493   4406.36480517744 
 1494   4303.54039935454 
 1495   4192.11495259067 
 1496   4091.4452454152 
 1497   3969.12003817486 
 1498   3880.76546491246 
 1499   3799.85053764807 
 1500   3739.29768405322 
 1501   3674.9823423414 
 1502   3622.46569569057 
 1503   3585.94463731335 
 1504   3554.50706768614 
 1505   3526.94819482515 
 1506   3493.7970064847 
 1507   3480.5936729984 
 1508   3436.05614224602 
 1509   3407.33473307262 
 1510   3374.58703011689 
 1511   3339.52605664127 
 1512   3294.69249145751 
 1513   3280.06633141815 
 1514   3225.40056126778 
 1515   3164.01180319838 
 1516   3132.28151378963 
 1517   3085.17844223473 
 1518   3031.18140287158 
 1519   2990.65334392447 
 1520   2969.89059731886 
 1521   2934.52205534526 
 1522   2895.80429997618 
 1523   2878.16156865342 
 1524   2858.97265822199 
 1525   2860.06421355247 
 1526   2852.29100698981 
 1527   2823.24576652929 
 1528   2793.3603470165 
 1529   2798.76049285277 
 1530   2805.21626239878 
 1531   2792.03660158368 
 1532   2787.7058261201 
 1533   2769.48281773304 
 1534   2767.63302339026 
 1535   2772.69799626092 
 1536   2755.43007605454 
 1537   2741.60296007894 
 1538   2759.90345543768 
 1539   2742.329905476 
 1540   2711.73822132493 
 1541   2713.55042690062 
 1542   2692.07243014322 
 1543   2681.78530195809 
 1544   2684.62944276492 
 1545   2643.29780542239 
 1546   2612.99399985634 
 1547   2621.96781406991 
 1548   2610.35093379002 
 1549   2593.84815361501 
 1550   2609.26575557326 
 1551   2596.02070883009 
 1552   2605.12029112689 
 1553   2608.06261270533 
 1554   2592.55710630928 
 1555   2599.66688044508 
 1556   2614.79074885282 
 1557   2608.83037196821 
 1558   2574.58911363253 
 1559   2548.86649317309 
 1560   2539.25839789835 
 1561   2531.72739171948 
 1562   2517.48805982112 
 1563   2487.4793599775 
 1564   2479.75990276597 
 1565   2466.35561036784 
 1566   2462.30983498338 
 1567   2445.17049165807 
 1568   2452.29225282154 
 1569   2423.54378507339 
 1570   2461.190614446 
 1571   2458.09422615224 
 1572   2433.47473039899 
 1573   2432.6619286768 
 1574   2435.69167966011 
 1575   2404.11193289332 
 1576   2393.08751442487 
 1577   2381.92933279716 
 1578   2330.00884779886 
 1579   2311.64186285353 
 1580   2301.56603876871 
 1581   2277.79671165175 
 1582   2243.15510272722 
 1583   2237.19889646688 
 1584   2226.99442288775 
 1585   2203.05511757853 
 1586   2237.42491183585 
 1587   2252.24929493882 
 1588   2222.81962519429 
 1589   2246.98542089022 
 1590   2265.52024381252 
 1591   2253.123583039 
 1592   2264.33343991447 
 1593   2253.04844567358 
 1594   2232.02777318587 
 1595   2244.76615755263 
 1596   2248.43575576168 
 1597   2240.9278662817 
 1598   2225.76967181754 
 1599   2192.55012881353 
 1600   2182.15697880729 
 1601   2173.49434150736 
 1602   2170.21874594411 
 1603   2193.39988108165 
 1604   2194.47506263227 
 1605   2180.46443900878 
 1606   2180.20158104042 
 1607   2175.56311337153 
 1608   2174.46982363742 
 1609   2170.66815599768 
 1610   2133.60375262369 
 1611   2148.9613641716 
 1612   2148.56483281959 
 1613   2149.64548045671 
 1614   2166.85924667424 
 1615   2157.14154972535 
 1616   2159.90387882077 
 1617   2185.64247204111 
 1618   2192.87011864818 
 1619   2171.24008797945 
 1620   2165.27557988823 
 1621   2169.43433725013 
 1622   2163.85263880987 
 1623   2168.44546433095 
 1624   2136.46438277379 
 1625   2117.80598796953 
 1626   2091.17253380511 
 1627   2106.23373434076 
 1628   2106.97968510821 
 1629   2118.57206723669 
 1630   2115.14322525988 
 1631   2105.95188263739 
 1632   2090.53965153978 
 1633   2095.90560421516 
 1634   2114.41510067247 
 1635   2098.23360844594 
 1636   2080.58043419298 
 1637   2065.55275793291 
 1638   2054.83476322394 
 1639   2056.09162162786 
 1640   2054.86390151047 
 1641   2035.29965627439 
 1642   2025.69364608103 
 1643   2038.28941755135 
 1644   2039.61914288275 
 1645   2052.86776622469 
 1646   2042.25496643302 
 1647   2058.24554508206 
 1648   2061.7614255909 
 1649   2056.70889250489 
 1650   2011.7371260871 
 1651   1997.16944600435 
 1652   1985.17674413405 
 1653   1971.40731519592 
 1654   1945.95004978232 
 1655   1908.00135458721 
 1656   1912.10079322234 
 1657   1924.38418929275 
 1658   1924.91023858017 
 1659   1903.36413875096 
 1660   1919.81385569471 
 1661   1938.34398941897 
 1662   1961.76998187366 
 1663   1966.68307398307 
 1664   1962.57340877893 
 1665   1953.86097710827 
 1666   1945.78376491755 
 1667   1946.35314583942 
 1668   1931.24485150526 
 1669   1899.85015279685 
 1670   1869.86794548829 
 1671   1855.60523332423 
 1672   1852.91064074009 
 1673   1840.33128095364 
 1674   1813.23891355464 
 1675   1794.1354709827 
 1676   1797.92003809058 
 1677   1799.6177788943 
 1678   1801.8360268788 
 1679   1794.07948764227 
 1680   1793.1693889844 
 1681   1797.9195326936 
 1682   1798.95404399587 
 1683   1809.56459610275 
 1684   1793.91912933801 
 1685   1758.59562549765 
 1686   1768.13381681492 
 1687   1769.37907129428 
 1688   1751.29815765599 
 1689   1740.15144035326 
 1690   1706.83305322385 
 1691   1714.53975091969 
 1692   1720.54135002369 
 1693   1718.23741411286 
 1694   1691.89194517139 
 1695   1689.13457504315 
 1696   1658.85270380812 
 1697   1661.80851684559 
 1698   1624.02785836754 
 1699   1610.71867681936 
 1700   1568.69821490412 
 1701   1557.29138228186 
 1702   1545.46737759645 
 1703   1549.6746305372 
 1704   1535.63465465565 
 1705   1534.76631310889 
 1706   1525.07238546526 
 1707   1537.20490824523 
 1708   1532.78835859848 
 1709   1513.63899122386 
 1710   1489.49898364244 
 1711   1470.79027303377 
 1712   1474.0086145827 
 1713   1468.78719104122 
 1714   1462.06120814625 
 1715   1462.00904210993 
 1716   1469.45371984194 
 1717   1477.17263375712 
 1718   1484.97877572435 
 1719   1468.70873520401 
 1720   1450.42419735118 
 1721   1438.19203859009 
 1722   1412.54185339763 
 1723   1408.92671632722 
 1724   1422.52489768744 
 1725   1418.94686347647 
 1726   1411.40315474642 
 1727   1418.33246037911 
 1728   1409.43346950676 
 1729   1401.43971722562 
 1730   1387.8651125863 
 1731   1373.23434802669 
 1732   1353.6795902597 
 1733   1347.51642605863 
 1734   1356.3813592672 
 1735   1347.02119234703 
 1736   1350.90572712507 
 1737   1365.68188924291 
 1738   1341.84518013197 
 1739   1344.31016968715 
 1740   1341.19385811911 
 1741   1316.75544397517 
 1742   1290.44003998858 
 1743   1275.35055966294 
 1744   1239.43651703182 
 1745   1219.72794130436 
 1746   1219.95096808623 
 1747   1212.77126768946 
 1748   1206.50912392876 
 1749   1201.49000694032 
 1750   1190.53539380597 
 1751   1209.91148518781 
 1752   1217.7598913656 
 1753   1185.12854718336 
 1754   1165.48987695082 
 1755   1163.74359895335 
 1756   1155.56881223269 
 1757   1148.0731355196 
 1758   1124.73396526905 
 1759   1108.6890643751 
 1760   1100.48246255957 
 1761   1111.80842043126 
 1762   1089.44135659918 
 1763   1090.81591130768 
 1764   1089.33995642961 
 1765   1089.22908583242 
 1766   1090.87782909148 
 1767   1105.99827324189 
 1768   1090.5673068523 
 1769   1120.89518084894 
 1770   1136.63180204029 
 1771   1121.46214158562 
 1772   1126.74637788113 
 1773   1128.02328359274 
 1774   1123.37694504154 
 1775   1111.91450943807 
 1776   1086.142592189 
 1777   1087.53618116496 
 1778   1113.52614544596 
 1779   1104.12890243738 
 1780   1098.3420781803 
 1781   1099.78569175157 
 1782   1096.67164717808 
 1783   1084.29102801546 
 1784   1065.11955296829 
 1785   1041.3592798645 
 1786   1031.49645169035 
 1787   1034.53923083016 
 1788   1028.79181847567 
 1789   1028.33433017436 
 1790   1023.70728426413 
 1791   1031.26108085279 
 1792   1030.90827054334 
 1793   1024.14606932571 
 1794   1010.31248944725 
 1795   993.292488792466 
 1796   994.211404225672 
 1797   987.538302277849 
 1798   972.200414956369 
 1799   975.617550343963 
 1800   970.275197563888 
 1801   970.700130339654 
 1802   974.101434535533 
 1803   967.916826447819 
 1804   959.094506439022 
 1805   935.76773948844 
 1806   930.168699732268 
 1807   907.130732197339 
 1808   906.155741974354 
 1809   916.340005306024 
 1810   903.296874722146 
 1811   904.36181851681 
 1812   925.452855649112 
 1813   922.396203873861 
 1814   944.682767802113 
 1815   935.275207062535 
 1816   924.356701214131 
 1817   926.251686557136 
 1818   929.68652832458 
 1819   911.373122838768 
 1820   896.669431131935 
 1821   900.457932627469 
 1822   894.536028044147 
 1823   892.004453563695 
 1824   902.250575037531 
 1825   885.805097114706 
 1826   898.342461377323 
 1827   893.274580342029 
 1828   903.046172233051 
 1829   934.763213488878 
 1830   932.642834344144 
 1831   921.977063155634 
 1832   928.291887403942 
 1833   915.230235358386 
 1834   906.335450122177 
 1835   876.294537689125 
 1836   830.578012293974 
 1837   831.670590437871 
 1838   838.651363575143 
 1839   816.606222470329 
 1840   816.982021044039 
 1841   811.018180693019 
 1842   808.709955171711 
 1843   838.338192322519 
 1844   838.985456905362 
 1845   836.372958220191 
 1846   849.729719694993 
 1847   850.145151012119 
 1848   867.041804622723 
 1849   864.218378762012 
 1850   839.548084318773 
 1851   829.027253863119 
 1852   830.127984997481 
 1853   828.738328932412 
 1854   798.705873184588 
 1855   804.970188764823 
 1856   800.855340789223 
 1857   789.512244641681 
 1858   789.156698973926 
 1859   793.761884651602 
 1860   804.175397179925 
 1861   816.362539694175 
 1862   802.30840072591 
 1863   827.790451664405 
 1864   823.369209954402 
 1865   819.309380162283 
 1866   820.51171508533 
 1867   818.234659428264 
 1868   844.482440397519 
 1869   847.67664887755 
 1870   825.530126867219 
 1871   831.762744665623 
 1872   825.714225978546 
 1873   804.16900830204 
 1874   796.592359428628 
 1875   772.86431234392 
 1876   742.737428856551 
 1877   746.421930286013 
 1878   750.707086368492 
 1879   764.437128685096 
 1880   778.688338936482 
 1881   766.668880951702 
 1882   762.94094932708 
 1883   773.555949025945 
 1884   794.013696358341 
 1885   762.315989551734 
 1886   759.982200105978 
 1887   762.596420954918 
 1888   769.464578970692 
 1889   763.427897749579 
 1890   759.979050249426 
 1891   767.542716072152 
 1892   800.750105281236 
 1893   815.643865090967 
 1894   796.741197200436 
 1895   797.369561629521 
 1896   807.281725311125 
 1897   822.987759740938 
 1898   794.391948819936 
 1899   773.868355128169 
 1900   743.733697127293 
 1901   784.738541234499 
 1902   771.222467557944 
 1903   760.401785208803 
 1904   730.311310529556 
 1905   740.594678612823 
 1906   740.766273037412 
 1907   748.807727992819 
 1908   734.906083377451 
 1909   723.794184386975 
 1910   708.793616399114 
 1911   696.40224524798 
 1912   676.913298898165 
 1913   658.330689599935 
 1914   611.620743914659 
 1915   611.990403858805 
 1916   603.663281841137 
 1917   591.105612563394 
 1918   622.757784436468 
 1919   602.504347559819 
 1920   617.016575049728 
 1921   619.704939388619 
 1922   611.020581398766 
 1923   622.981043092011 
 1924   613.17444197305 
 1925   620.098325120555 
 1926   623.693370123046 
 1927   618.018172564878 
 1928   631.501027161222 
 1929   653.331491150167 
 1930   665.0080581555 
 1931   661.19542216057 
 1932   626.690300472326 
 1933   628.118410437179 
 1934   623.196067021425 
 1935   589.38720078713 
 1936   576.713699309825 
 1937   576.857533708055 
 1938   572.195110114525 
 1939   600.858756731845 
 1940   578.726606216867 
 1941   583.704346335625 
 1942   582.197077486508 
 1943   585.788174302243 
 1944   581.311443413237 
 1945   587.961281922812 
 1946   591.848161780689 
 1947   562.714098640778 
 1948   545.567589169841 
 1949   549.805572273025 
 1950   560.446078581094 
 1951   541.165602277328 
 1952   532.586576028414 
 1953   532.507336439321 
 1954   593.935537709494 
 1955   583.543111438895 
 1956   555.248028605674 
 1957   536.313644281463 
 1958   537.909618409311 
 1959   529.78298321713 
 1960   515.499963002323 
 1961   503.849103058555 
 1962   507.669127059991 
 1963   552.469227875361 
 1964   557.574861687818 
 1965   551.135659111081 
 1966   549.21133438748 
 1967   560.848339140402 
 1968   568.447021992862 
 1969   556.540983146718 
 1970   512.401959063058 
 1971   534.290915602769 
 1972   527.868283678181 
 1973   531.606566987263 
 1974   512.898481100579 
 1975   500.070210855909 
 1976   515.593887273949 
 1977   517.111645828 
 1978   514.246696454344 
 1979   519.02761187752 
 1980   505.716965325489 
 1981   502.305125792349 
 1982   485.220281008308 
 1983   484.708463369842 
 1984   453.871662598631 
 1985   459.805794795461 
 1986   459.040730358567 
 1987   454.302441800361 
 1988   457.048927816562 
 1989   449.718677550828 
 1990   465.996183079478 
 1991   480.431506262931 
 1992   432.845490702123 
 1993   445.422618268398 
 1994   453.361064278301 
 1995   466.35644487208 
 1996   456.290546837091 
 1997   446.804115397391 
 1998   478.135380033451 
 1999   501.089031716092 
 2000   485.853819037442 
 2001   490.383525001246 
 2002   476.778893615118 
 2003   486.436679643609 
 2004   485.050791926208 
 2005   458.45810945264 
 2006   441.689444491691 
 2007   445.333094603079 
 2008   440.095202282988 
 2009   443.794741716849 
 2010   423.206207465466 
 2011   409.384930295931 
 2012   432.386168703566 
 2013   419.713489366715 
 2014   423.475166433191 
 2015   419.994041564553 
 2016   420.090445095713 
 2017   416.362159815082 
 2018   409.960990267415 
 2019   388.958983502309 
 2020   515.586743347732 
 2021   697.274757588899 
 2022   667.91603556426 
 2023   672.96628143254 
 2024   668.493391858912 
 2025   654.219357097924 
 2026   643.919552143849 
 2027   375.091232632584 
 2028   378.400308574713 
 2029   353.703115874492 
 2030   371.2922952381 
 2031   371.108318221418 
 2032   378.062437314361 
 2033   376.692796874112 
 2034   340.905562684942 
 2035   380.882064253296 
 2036   388.945884289891 
 2037   367.803445978172 
 2038   377.742180971526 
 2039   364.820242930947 
 2040   375.694371349487 
 2041   381.13060863581 
 2042   344.623258763442 
 2043   371.537210011826 
 2044   383.820996971008 
 2045   369.552681245253 
 2046   376.4299232631 
 2047   372.624216604718 
 2048   378.010319207823 
 2049   370.9393743409 
 2050   362.943080157042 
 2051   359.230021280124 
 2052   372.143831896527 
 2053   353.257373120712 
 2054   347.567159999102 
 2055   341.702307021946 
 2056   351.385166983683 
 2057   349.738041748473 
 2058   337.459185670179 
 2059   328.95266084395 
 2060   338.825668628164 
 2061   334.177112706371 
 2062   336.41667319144 
 2063   319.148315616405 
 2064   341.605789997603 
 2065   335.325731942699 
 2066   318.501359593641 
 2067   337.228012770321 
 2068   311.00015003681 
 2069   317.759942959742 
 2070   297.971842113649 
 2071   294.695206568821 
 2072   295.218715498759 
 2073   284.520856288444 
 2074   289.648091386637 
 2075   271.668757435055 
 2076   264.818298790853 
 2077   278.639920992333 
 2078   288.525724946863 
 2079   295.750905059063 
 2080   294.195810187839 
 2081   292.911680676738 
 2082   347.642593333846 
 2083   322.193037114849 
 2084   312.720548205161 
 2085   319.554262480745 
 2086   311.751914201609 
 2087   326.000296189315 
 2088   320.46361320377 
 2089   316.463967288818 
 2090   349.4148388169 
 2091   339.344625197329 
 2092   348.930056593364 
 2093   337.427660622371 
 2094   315.646924032046 
 2095   309.904899502852 
 2096   293.836299504252 
 2097   277.569627422358 
 2098   266.038499684268 
 2099   289.081849567019 
 2100   278.466559321634 
 2101   298.346186783896 
 2102   291.54217250814 
 2103   304.127196114478 
 2104   310.98102037425 
 2105   284.736289677086 
 2106   316.062309665974 
 2107   303.224781903608 
 2108   319.025894523769 
 2109   312.79837298335 
 2110   317.643707294619 
 2111   341.119056054087 
 2112   290.454136019127 
 2113   263.972938593525 
 2114   248.697232173018 
 2115   249.492861197695 
 2116   235.890058101209 
 2117   216.676246286339 
 2118   211.512540616413 
 2119   245.945872012546 
 2120   254.053166848509 
 2121   272.588039854693 
 2122   287.192612998059 
 2123   272.524505229881 
 2124   300.273975982543 
 2125   286.362006120494 
 2126   287.728896761143 
 2127   264.16926062901 
 2128   232.658703280326 
 2129   220.827803714411 
 2130   225.482490406048 
 2131   212.94083355263 
 2132   245.480231951165 
 2133   237.871903283822 
 2134   252.117960196921 
 2135   276.157123217395 
 2136   258.504867042145 
 2137   274.557727033884 
 2138   239.821631806997 
 2139   237.389218410996 
 2140   254.510153506476 
 2141   245.187970311343 
 2142   259.007191102167 
 2143   252.648756560819 
 2144   218.675086021245 
 2145   237.83621406964 
 2146   222.621156809633 
 2147   209.098577152679 
 2148   190.076131181547 
 2149   205.954052154609 
 2150   229.227938231655 
 2151   212.21887568236 
 2152   203.411716574364 
 2153   224.542091353959 
 2154   240.80419664348 
 2155   232.011741237189 
 2156   242.294208914256 
 2157   242.107530916095 
 2158   228.987520352576 
 2159   219.309731216987 
 2160   232.752137919114 
 2161   237.747295132199 
 2162   216.180192260304 
 2163   210.140906933325 
 2164   212.399282518626 
 2165   197.469441357585 
 2166   173.137910572371 
 2167   175.674321016469 
 2168   176.342684806287 
 2169   183.636263825241 
 2170   186.659565852698 
 2171   206.728007130855 
 2172   224.15520898296 
 2173   216.92628190746 
 2174   203.782470711053 
 2175   185.706841720884 
 2176   181.229270894391 
 2177   180.844196297661 
 2178   167.518926523927 
 2179   157.439873698666 
 2180   180.172838280054 
 2181   203.622142717569 
 2182   217.912430606129 
 2183   232.236169327662 
 2184   229.516710700683 
 2185   243.885015287101 
 2186   252.623776253337 
 2187   270.748591251357 
 2188   261.663977300086 
 2189   215.741394671781 
 2190   221.935261575826 
 2191   216.59053106587 
 2192   191.120152395835 
 2193   180.750503528462 
 2194   190.331737705681 
 2195   233.17488395369 
 2196   201.172470927413 
 2197   198.984720199213 
 2198   211.24250523253 
 2199   211.084241376393 
 2200   195.111731853341 
 2201   164.489712955818 
 2202   169.196952581569 
 2203   140.886170736851 
 2204   144.991768054627 
 2205   118.639932085574 
 2206   130.104048324951 
 2207   146.60477709882 
 2208   146.142592945751 
 2209   170.006424508887 
 2210   158.538910945864 
 2211   156.159297586166 
 2212   168.349258431139 
 2213   177.42215604951 
 2214   180.668108242039 
 2215   164.818314362903 
 2216   143.647827280906 
 2217   145.702918973403 
 2218   140.550067821975 
 2219   124.975788969092 
 2220   150.858902793666 
 2221   179.981312858454 
 2222   195.853840694673 
 2223   199.382914557882 
 2224   206.817563472267 
 2225   211.481464130051 
 2226   223.046211173948 
 2227   212.280256167547 
 2228   213.848830349419 
 2229   223.422710386869 
 2230   195.368624208011 
 2231   189.528298185149 
 2232   164.257207947455 
 2233   191.144471467866 
 2234   191.430786375457 
 2235   180.187028628392 
 2236   188.851599563822 
 2237   203.706241873388 
 2238   212.062911177825 
 2239   187.591597527969 
 2240   181.707194715416 
 2241   183.583589747663 
 2242   175.040261345602 
 2243   150.694901588353 
 2244   149.702830904413 
 2245   147.908667924642 
 2246   153.195877714832 
 2247   161.132710042951 
 2248   187.436052759804 
 2249   199.584539526985 
 2250   208.31542374885 
 2251   210.364684159124 
 2252   218.932954521303 
 2253   231.897069199491 
 2254   205.589512371058 
 2255   222.365083974442 
 2256   207.197133446874 
 2257   217.460951266698 
 2258   228.444089773365 
 2259   221.17284795005 
 2260   236.513399722278 
 2261   223.135730893611 
 2262   242.865994187467 
 2263   270.277989045088 
 2264   256.257678271389 
 2265   254.778619715098 
 2266   240.36834520922 
 2267   237.018894336934 
 2268   221.66213692723 
 2269   205.230614112793 
 2270   181.635159934995 
 2271   172.274817257874 
 2272   199.029284089549 
 2273   211.185581599708 
 2274   229.714006577112 
 2275   240.512342304732 
 2276   262.659656764252 
 2277   269.143221484398 
 2278   247.913487340367 
 2279   228.364027137258 
 2280   219.235843708487 
 2281   207.749304278428 
 2282   222.565001125332 
 2283   226.887516477827 
 2284   229.862310899928 
 2285   222.616652505391 
 2286   189.589116000524 
 2287   169.003589405356 
 2288   166.001768613714 
 2289   174.678583689293 
 2290   174.462850424093 
 2291   157.670062906319 
 2292   158.243256583885 
 2293   172.683237991851 
 2294   161.634013617404 
 2295   127.360874141577 
 2296   108.589155845027 
 2297   149.95310884026 
 2298   159.113143854963 
 2299   145.818797547838 
 2300   129.074835000127 
 2301   160.765787831999 
 2302   191.841271676958 
 2303   181.914917781079 
 2304   178.013584178851 
 2305   179.774767391977 
 2306   190.045871907324 
 2307   187.664549987468 
 2308   166.266022065005 
 2309   162.10085131393 
 2310   183.424204266884 
 2311   188.354676624768 
 2312   172.101866429 
 2313   185.426213501885 
 2314   175.1004968399 
 2315   169.311771735242 
 2316   133.143996653115 
 2317   144.859098591171 
 2318   148.109333192499 
 2319   111.59903471939 
 2320   116.293309938176 
 2321   99.4501426466765 
 2322   124.591906089949 
 2323   111.683079547514 
 2324   118.811635234272 
 2325   134.504752947922 
 2326   166.935462286619 
 2327   178.720230138857 
 2328   177.560810429106 
 2329   158.982157079755 
 2330   156.119604082003 
 2331   144.619557670701 
 2332   148.872142383237 
 2333   148.271420017291 
 2334   155.088113691563 
 2335   166.083512948626 
 2336   178.47754070466 
 2337   189.945768880786 
 2338   174.527599525184 
 2339   152.156183787155 
