05-29-2020  12:01:14
Wavenumber (cm-1)  CCD Output
 251   5499.09912507126 
 252   5643.19115811169 
 253   5773.3965498232 
 254   5876.73218897229 
 255   5982.28234774933 
 256   6105.84501932455 
 257   6235.2645558477 
 258   6336.70828676716 
 259   6410.39787161538 
 260   6495.45734780908 
 261   6584.71656364047 
 262   6665.2182732685 
 263   6739.45258887778 
 264   6810.63671550186 
 265   6875.76529161691 
 266   6925.39051270638 
 267   6979.81709499645 
 268   7046.73520198351 
 269   7084.9663666538 
 270   7109.86072948739 
 271   7150.74434472618 
 272   7186.39488445001 
 273   7209.01690095181 
 274   7227.22163809736 
 275   7255.60206892035 
 276   7300.47073218959 
 277   7351.65034856705 
 278   7372.26581336829 
 279   7386.11495596656 
 280   7449.01267884768 
 281   7514.05182789941 
 282   7561.9314967165 
 283   7617.21700866709 
 284   7659.67403083045 
 285   7686.69905572997 
 286   7722.97269805767 
 287   7749.28921301293 
 288   7768.09363729455 
 289   7817.00080933353 
 290   7857.74954691924 
 291   7869.60878619108 
 292   7893.3123386257 
 293   7916.49992333744 
 294   7930.25996998164 
 295   7965.58012175037 
 296   8002.00423785752 
 297   8015.38587667427 
 298   8022.55618952851 
 299   8033.43414034584 
 300   8049.88678515816 
 301   8070.04278428268 
 302   8096.28032717497 
 303   8124.74957271438 
 304   8134.01896164459 
 305   8135.81144760928 
 306   8153.23930388341 
 307   8181.37771936431 
 308   8224.87469779595 
 309   8284.61939182701 
 310   8326.17197523027 
 311   8344.2931938249 
 312   8360.14593011034 
 313   8392.60444273832 
 314   8442.02257324133 
 315   8493.26395230618 
 316   8530.02125582645 
 317   8563.47187768019 
 318   8615.74148997622 
 319   8663.70176263367 
 320   8708.16208105312 
 321   8773.14601433568 
 322   8850.24996960935 
 323   8929.20890520929 
 324   9007.39735082704 
 325   9088.51812568172 
 326   9175.50951897506 
 327   9264.52586577845 
 328   9334.02387377628 
 329   9388.6089494252 
 330   9458.00611749 
 331   9534.24024562901 
 332   9601.83735454582 
 333   9654.98966603684 
 334   9713.57078041899 
 335   9784.32337242989 
 336   9851.59932815214 
 337   9908.82786304914 
 338   9973.9033852505 
 339   10072.332495312 
 340   10140.969652476 
 341   10158.4402536492 
 342   10179.6968206376 
 343   10207.9654949272 
 344   10233.9617776428 
 345   10257.6228884504 
 346   10288.2900443206 
 347   10323.4015810908 
 348   10343.042240295 
 349   10336.0235660247 
 350   10331.5571395256 
 351   10386.6165536373 
 352   10454.972816886 
 353   10509.0736119864 
 354   10580.3547836016 
 355   10647.9410660573 
 356   10697.7612566322 
 357   10747.8021652151 
 358   10812.7559728428 
 359   10889.0138813897 
 360   10955.0881046091 
 361   11004.6746550446 
 362   11041.1134920634 
 363   11067.0007047455 
 364   11055.5857529273 
 365   11019.1153029057 
 366   11012.0485376041 
 367   11008.8655070043 
 368   10987.4136236161 
 369   10958.8643297427 
 370   10929.5005665523 
 371   10892.1412718099 
 372   10836.9142700091 
 373   10800.1888800972 
 374   10806.4206095249 
 375   10844.8489936392 
 376   10874.0992914218 
 377   10887.9249850914 
 378   10917.3566667338 
 379   10961.1824694964 
 380   11022.4696226877 
 381   11112.1000392762 
 382   11220.079736028 
 383   11326.6333303146 
 384   11411.2045681454 
 385   11467.465719327 
 386   11517.1428064326 
 387   11586.0509397643 
 388   11642.5082409352 
 389   11694.5343046871 
 390   11765.1679090291 
 391   11795.2831103583 
 392   11797.4340400084 
 393   11820.1506051639 
 394   11823.8965995482 
 395   11806.5178228173 
 396   11796.5485818204 
 397   11800.4050731254 
 398   11794.192978756 
 399   11759.1940101864 
 400   11728.6795144243 
 401   11721.2339482793 
 402   11733.1688907465 
 403   11744.468039069 
 404   11758.3316226176 
 405   11798.1196757133 
 406   11891.9338739969 
 407   12007.9406040357 
 408   12118.3654321141 
 409   12250.0555210153 
 410   12403.2166779293 
 411   12567.402753884 
 412   12734.8259616228 
 413   12881.7139923822 
 414   13019.6818472201 
 415   13196.3426006963 
 416   13344.9386516902 
 417   13422.6588034887 
 418   13465.1613876972 
 419   13507.8925779253 
 420   13539.8673386058 
 421   13517.5528497638 
 422   13461.5766796199 
 423   13399.80108473 
 424   13338.1386678334 
 425   13241.2973433374 
 426   13119.711757699 
 427   13009.9489551946 
 428   12894.5928102368 
 429   12780.3700989561 
 430   12672.016974886 
 431   12518.3735627139 
 432   12383.2737397272 
 433   12325.868776859 
 434   12245.6502320558 
 435   12154.4125337508 
 436   12094.5064565951 
 437   12040.8911126618 
 438   11999.4715706027 
 439   11978.2304971273 
 440   11963.2455160392 
 441   11946.6100018474 
 442   11932.2761128489 
 443   11932.0729601533 
 444   11939.9563818706 
 445   11940.3317248279 
 446   11917.5728043542 
 447   11873.76853061 
 448   11836.0653797052 
 449   11826.1848734986 
 450   11793.0277716292 
 451   11751.4780008409 
 452   11753.3963885988 
 453   11785.3729661201 
 454   11814.4105312014 
 455   11827.1911241382 
 456   11860.0375516029 
 457   11919.8079679604 
 458   11988.6249964819 
 459   12046.7588725039 
 460   12132.9719034452 
 461   12247.343947926 
 462   12322.3741944856 
 463   12396.0172981936 
 464   12480.1679741196 
 465   12531.5770167924 
 466   12572.2717209949 
 467   12635.3555809172 
 468   12727.0612414188 
 469   12791.3099188512 
 470   12815.673724318 
 471   12825.4829520503 
 472   12835.2229319083 
 473   12840.4143010092 
 474   12835.9324177593 
 475   12833.7487180457 
 476   12836.8257567666 
 477   12830.7030465479 
 478   12790.7118738482 
 479   12740.1639259719 
 480   12699.7275188356 
 481   12663.4449944435 
 482   12614.876335217 
 483   12540.5778236019 
 484   12450.9056494956 
 485   12408.675142602 
 486   12378.3087514854 
 487   12295.9672642084 
 488   12216.6857816765 
 489   12141.1833882006 
 490   12055.1664309542 
 491   11985.1800250689 
 492   11910.716494446 
 493   11822.2730516482 
 494   11748.2877428878 
 495   11674.6434013723 
 496   11604.522432524 
 497   11563.389428061 
 498   11533.3780436607 
 499   11501.9437524545 
 500   11469.339796491 
 501   11437.8352599344 
 502   11434.1094262023 
 503   11460.9541449128 
 504   11456.2530332808 
 505   11444.1149131569 
 506   11453.0534056002 
 507   11459.6169098938 
 508   11466.4746133506 
 509   11483.9070420775 
 510   11510.2456340325 
 511   11512.7840083239 
 512   11506.2336659438 
 513   11530.216492952 
 514   11572.1723946409 
 515   11615.1485778919 
 516   11648.6731506225 
 517   11672.350755475 
 518   11705.3187790953 
 519   11752.3614387043 
 520   11798.2518797749 
 521   11877.1676728034 
 522   11975.2140307532 
 523   12040.8379609187 
 524   12108.8378893297 
 525   12208.4051074831 
 526   12341.3639466604 
 527   12487.321735882 
 528   12626.1942297979 
 529   12758.9583054133 
 530   12908.7172449415 
 531   13046.9425496654 
 532   13172.0309659862 
 533   13318.2113144042 
 534   13450.3054980322 
 535   13533.9121493559 
 536   13573.9733183978 
 537   13629.5708876226 
 538   13674.9304020298 
 539   13671.5848978781 
 540   13654.1176803661 
 541   13643.9028523687 
 542   13635.5924155644 
 543   13608.0890750253 
 544   13570.9057529821 
 545   13548.9561021493 
 546   13553.3436871272 
 547   13544.798758053 
 548   13528.6058035693 
 549   13530.8188599135 
 550   13551.3710337382 
 551   13560.3292827539 
 552   13552.6758648388 
 553   13561.1873724637 
 554   13584.7215566072 
 555   13595.7553255538 
 556   13576.6075506051 
 557   13571.268181791 
 558   13584.8731553317 
 559   13589.2908515411 
 560   13560.1598603693 
 561   13540.0126526649 
 562   13536.8278937455 
 563   13502.7219681014 
 564   13456.3823045602 
 565   13439.7001188905 
 566   13454.6339868252 
 567   13407.4041505487 
 568   13330.574528594 
 569   13293.8728741932 
 570   13297.6919536896 
 571   13305.068350082 
 572   13303.1361863296 
 573   13311.8703361196 
 574   13335.6579535572 
 575   13361.1180909224 
 576   13395.9712729079 
 577   13499.9385358933 
 578   13636.3658918135 
 579   13767.196541311 
 580   13907.4104083313 
 581   14035.6235686458 
 582   14182.1801759969 
 583   14390.3816471219 
 584   14591.9262486616 
 585   14754.3972861371 
 586   14890.5011355254 
 587   15028.1739985755 
 588   15152.414978747 
 589   15241.5818592733 
 590   15300.9384379971 
 591   15383.2996567801 
 592   15431.6498380702 
 593   15386.4125914526 
 594   15341.4114835776 
 595   15328.4142674674 
 596   15311.0977363479 
 597   15235.3450776685 
 598   15142.5684322149 
 599   15056.7861674512 
 600   14960.0617747519 
 601   14823.1909208754 
 602   14678.1027318247 
 603   14544.7449361958 
 604   14389.8063704827 
 605   14224.0423074922 
 606   14067.2900531412 
 607   13924.731334638 
 608   13777.6651687198 
 609   13630.2963772208 
 610   13490.0215123484 
 611   13351.5891449676 
 612   13240.078558827 
 613   13143.8622829789 
 614   13025.7535708722 
 615   12907.9453132497 
 616   12802.3999003942 
 617   12706.0799977693 
 618   12615.0252901043 
 619   12539.132130885 
 620   12474.1956830075 
 621   12404.5808817555 
 622   12341.5218502442 
 623   12313.6694666634 
 624   12317.518446893 
 625   12294.9662711375 
 626   12275.0322507223 
 627   12273.5956712642 
 628   12269.0796409341 
 629   12274.6959320099 
 630   12279.2295728959 
 631   12267.62198116 
 632   12254.2943943475 
 633   12258.6567341952 
 634   12276.2032857685 
 635   12286.403307392 
 636   12298.8082418142 
 637   12334.4632983298 
 638   12388.2365441498 
 639   12418.611435802 
 640   12457.6521437542 
 641   12513.9290835351 
 642   12551.7902031836 
 643   12557.9427347182 
 644   12583.552351876 
 645   12636.3538030457 
 646   12627.9821671541 
 647   12606.7372428432 
 648   12602.5557533966 
 649   12599.6934056647 
 650   12614.3177811828 
 651   12636.2842447591 
 652   12657.5847961849 
 653   12690.8937205382 
 654   12722.4634794053 
 655   12759.1745345608 
 656   12816.058176791 
 657   12873.8141620734 
 658   12916.8238097804 
 659   12950.7788158686 
 660   12997.2011816933 
 661   13053.925438052 
 662   13102.8369643177 
 663   13137.6440723286 
 664   13182.9554242751 
 665   13227.7083777752 
 666   13255.6822772946 
 667   13267.9183685902 
 668   13283.2895005802 
 669   13300.3233835483 
 670   13301.6995775696 
 671   13278.0628113941 
 672   13269.0784810729 
 673   13255.8579344905 
 674   13204.4115364282 
 675   13188.9828128223 
 676   13188.2440042354 
 677   13179.2753520619 
 678   13187.9415711489 
 679   13175.6229333652 
 680   13148.7832397737 
 681   13134.6080799317 
 682   13119.2036834728 
 683   13097.4704783322 
 684   13122.4034459954 
 685   13167.9141024997 
 686   12912.4864225489 
 687   12679.9342117981 
 688   12720.3306891285 
 689   12728.5816611872 
 690   12756.7583725108 
 691   12802.5557070796 
 692   12810.0024077001 
 693   12838.5739637677 
 694   12794.6080041385 
 695   12832.6054004033 
 696   13164.9913797124 
 697   13268.1672449815 
 698   13212.8433438975 
 699   13246.2315600934 
 700   13291.1465231204 
 701   13325.096240489 
 702   13356.0019600104 
 703   13394.8407049337 
 704   13445.1892967492 
 705   13506.3287559237 
 706   13569.5672916716 
 707   13628.4050592474 
 708   13695.4772076565 
 709   13732.2726965374 
 710   13736.5949452597 
 711   13773.4989200676 
 712   13825.0731941202 
 713   13895.8772206101 
 714   13974.7474618533 
 715   14018.8563787598 
 716   14254.4435003518 
 717   14570.4656277834 
 718   14680.6856753097 
 719   14806.086687956 
 720   14964.2936597502 
 721   15116.3282966365 
 722   15287.8385063286 
 723   15443.7250233064 
 724   15637.636920096 
 725   15828.1073705166 
 726   15851.954841693 
 727   16018.5177123357 
 728   16322.363112674 
 729   16584.7223058589 
 730   16919.8310560955 
 731   17269.0764877888 
 732   17610.9650578167 
 733   17995.9261042101 
 734   18389.2714346983 
 735   18764.8862131698 
 736   19105.9351411947 
 737   19415.5027980908 
 738   19750.0311739022 
 739   20042.7344628269 
 740   20265.5095024688 
 741   20507.5308784238 
 742   20671.1543522339 
 743   20777.4637382135 
 744   20878.4787565644 
 745   20895.389325248 
 746   20864.0301887838 
 747   20795.2560226381 
 748   20656.5034829584 
 749   20446.5909544541 
 750   20194.2292119818 
 751   19916.7317408128 
 752   19593.0042289225 
 753   19175.7396551745 
 754   18746.462726686 
 755   18352.7132232409 
 756   17943.364676051 
 757   17515.8365734409 
 758   17093.8926680678 
 759   16699.8456814488 
 760   16334.4537648317 
 761   15975.3822556914 
 762   15658.8271315337 
 763   15410.7973991214 
 764   15185.9854923933 
 765   14980.5927357642 
 766   14822.7900224609 
 767   14723.5150937322 
 768   14641.508515031 
 769   14555.5638746074 
 770   14490.5548583602 
 771   14469.2153788221 
 772   14454.5639323146 
 773   14456.5573887252 
 774   14467.1135966711 
 775   14463.0940477292 
 776   14466.5234442019 
 777   14496.72085487 
 778   14563.699835505 
 779   14672.0841178951 
 780   14825.6168297583 
 781   15017.4735411508 
 782   15225.1481762719 
 783   15449.5482836168 
 784   15771.719605412 
 785   16125.2822900448 
 786   16475.3074874303 
 787   16886.6446387176 
 788   17327.3031156954 
 789   17784.4800332182 
 790   18244.2154192163 
 791   18673.243213475 
 792   19067.923250424 
 793   19439.0505736011 
 794   19766.2153890133 
 795   20002.1941119942 
 796   20167.8336899843 
 797   20241.4805759243 
 798   20214.3083470483 
 799   20146.1677598205 
 800   20094.1515065874 
 801   19985.9771891032 
 802   19783.2634646326 
 803   19585.783794552 
 804   19405.1481919222 
 805   19237.260662166 
 806   19080.5200268686 
 807   18933.7826196701 
 808   18812.2718266127 
 809   18730.7397257169 
 810   18698.1996433128 
 811   18709.5390984233 
 812   18724.971996806 
 813   18732.4534615896 
 814   18753.3301016766 
 815   18809.9488601048 
 816   18873.2470602695 
 817   18955.3409403681 
 818   19060.4311593907 
 819   19157.4226634094 
 820   19303.3804914237 
 821   19486.6378453296 
 822   19676.460282057 
 823   19892.3963180926 
 824   20144.9445510951 
 825   20421.4755214304 
 826   20693.2298331599 
 827   20947.1731852135 
 828   21232.9955888738 
 829   21502.3626090876 
 830   21716.8841759406 
 831   21924.3835512505 
 832   22134.1584695836 
 833   22302.9000897999 
 834   22425.6218463092 
 835   22551.0550959488 
 836   22662.7346657255 
 837   22761.4450211952 
 838   22851.0834797529 
 839   22930.1893677073 
 840   23012.4218877353 
 841   23048.7020541171 
 842   23058.076787175 
 843   23081.7170665767 
 844   22987.6751455435 
 845   22866.5663770216 
 846   22749.642860054 
 847   22554.6309933192 
 848   22285.7622704627 
 849   21842.6123734512 
 850   21286.5026532986 
 851   20758.4680947993 
 852   20207.9585013242 
 853   19650.1272128853 
 854   19051.95910578 
 855   18390.0387698595 
 856   17736.3520555098 
 857   17043.1672367312 
 858   16483.6734739584 
 859   16110.7845602994 
 860   15620.8496118457 
 861   15131.0054486516 
 862   14748.550739704 
 863   14430.7322136322 
 864   14096.7868293359 
 865   13859.6729585863 
 866   13702.9998096151 
 867   13571.3892318741 
 868   13463.2197431382 
 869   13367.7082730782 
 870   13290.8004981357 
 871   13247.2750292243 
 872   13235.1609400153 
 873   13218.1466585365 
 874   13186.750920197 
 875   13163.6691875047 
 876   13145.9545225896 
 877   13082.229401908 
 878   13057.5251783135 
 879   13068.5641671553 
 880   13061.5511145218 
 881   13050.6052474002 
 882   13064.5534176587 
 883   13086.9915211804 
 884   13115.3058414429 
 885   13191.8453765459 
 886   13329.9630079994 
 887   13471.1445931881 
 888   13602.4736769318 
 889   13761.5902345651 
 890   13932.4410656427 
 891   14147.2477428562 
 892   14435.0247200076 
 893   14786.452077838 
 894   15161.5049983841 
 895   15538.3051186299 
 896   15957.941860752 
 897   16427.0243867695 
 898   16885.5718055365 
 899   17375.9291736778 
 900   17846.3273220659 
 901   18234.6181441002 
 902   18534.3475378538 
 903   18753.6021603629 
 904   18965.4595573535 
 905   19096.1622551814 
 906   19081.4122078582 
 907   19087.9932212933 
 908   19020.5375020546 
 909   18851.9030601509 
 910   18651.7360153955 
 911   18465.2403301939 
 912   18275.3277201622 
 913   18077.1813948806 
 914   17872.2635679898 
 915   17670.2877997696 
 916   17502.2737986128 
 917   17332.2998018711 
 918   17184.7522044016 
 919   17077.029296875 
 920   16932.1271328009 
 921   16795.4800624957 
 922   16629.6475195062 
 923   16421.5562000524 
 924   16233.4103565003 
 925   16026.5942739079 
 926   15826.9580783425 
 927   15626.6508168112 
 928   15403.3260190864 
 929   15215.8559439925 
 930   15069.1523331511 
 931   14947.91994904 
 932   14838.8335264805 
 933   14744.4778304148 
 934   14694.5781331939 
 935   14657.6495003807 
 936   14629.6499584863 
 937   14631.4402002921 
 938   14621.2144761604 
 939   14574.8372855562 
 940   14501.9646033851 
 941   14441.0288993044 
 942   14412.2583813496 
 943   14342.5210527422 
 944   14255.964954286 
 945   14168.2887324285 
 946   14048.1640748569 
 947   13901.4554270764 
 948   13753.8159578414 
 949   13626.8475752063 
 950   13490.3523757269 
 951   13283.2214572217 
 952   13046.0034737749 
 953   12820.9302169866 
 954   12606.7757533904 
 955   12395.179386669 
 956   12217.9935087563 
 957   12060.1535718961 
 958   11910.737273683 
 959   11779.9969956672 
 960   11691.4055664674 
 961   11660.0747363612 
 962   11621.8215095149 
 963   11561.2775265871 
 964   11505.5901920404 
 965   11445.2694899476 
 966   11406.240443602 
 967   11374.3117455358 
 968   11348.8811625606 
 969   11344.3129336318 
 970   11316.9960215864 
 971   11311.6525941353 
 972   11318.6852342536 
 973   11319.7507699856 
 974   11352.6189992072 
 975   11375.4986080133 
 976   11364.1062695253 
 977   11352.911390974 
 978   11373.882992848 
 979   11389.6043756257 
 980   11409.29750116 
 981   11450.6845460878 
 982   11520.430935974 
 983   11597.875952892 
 984   11642.1547442993 
 985   11738.1074476778 
 986   11862.0470551544 
 987   11992.4361200763 
 988   12202.4454837926 
 989   12377.1909918077 
 990   12591.1819914274 
 991   12859.365659538 
 992   13144.3022142538 
 993   13520.2745835043 
 994   13895.8668679481 
 995   14262.9872450677 
 996   14653.3844845978 
 997   15056.80279744 
 998   15442.872156342 
 999   15806.2712307031 
 1000   16142.2905045916 
 1001   16431.0854584926 
 1002   16677.6160971955 
 1003   16943.4133214239 
 1004   17099.881980063 
 1005   17201.4253479126 
 1006   17302.030954529 
 1007   17277.2881912708 
 1008   17237.8336183917 
 1009   17170.2197556337 
 1010   17083.8900992485 
 1011   16992.3902093772 
 1012   16838.9699865133 
 1013   16715.4551225794 
 1014   16603.5541685405 
 1015   16487.4457847546 
 1016   16373.3903200789 
 1017   16215.9348768805 
 1018   16057.1280888107 
 1019   15897.3687914174 
 1020   15721.2153618457 
 1021   15544.3029395598 
 1022   15390.9815591896 
 1023   15220.3139086997 
 1024   15039.1997715151 
 1025   14874.6147728912 
 1026   14727.4187605994 
 1027   14592.3375469528 
 1028   14504.2805276965 
 1029   14437.3762554075 
 1030   14362.9827415529 
 1031   14295.9323156095 
 1032   14247.6414715114 
 1033   14238.4598850741 
 1034   14279.1054496627 
 1035   14344.3209509511 
 1036   14419.4979882995 
 1037   14559.3999590981 
 1038   14683.8278306216 
 1039   14804.2819655199 
 1040   14951.1885543943 
 1041   15094.5946220393 
 1042   15239.9503991631 
 1043   15347.1907332619 
 1044   15482.5523343112 
 1045   15702.2338351148 
 1046   15897.4387257819 
 1047   15894.4794967 
 1048   15859.8824523717 
 1049   15841.6866522057 
 1050   15784.7643654633 
 1051   15692.0611772034 
 1052   15607.8271415226 
 1053   15593.4024690536 
 1054   15405.7702197273 
 1055   15143.6283312965 
 1056   15182.1977861744 
 1057   15280.4460742881 
 1058   15386.2654117984 
 1059   15582.1316277239 
 1060   15833.5627914209 
 1061   16068.4103305548 
 1062   16398.4773245815 
 1063   16742.5749557923 
 1064   17125.7146655714 
 1065   17513.4680959672 
 1066   17829.5993671295 
 1067   18140.1195517846 
 1068   18379.3167042513 
 1069   18545.2796106418 
 1070   18626.1820681229 
 1071   18649.742538179 
 1072   18688.5130380721 
 1073   18542.7889169961 
 1074   18363.1496121763 
 1075   18172.2876686794 
 1076   17896.6262534257 
 1077   17638.4861683601 
 1078   17409.1926066553 
 1079   17213.394946391 
 1080   17029.4012080428 
 1081   16858.5493331607 
 1082   16713.366324878 
 1083   16531.3055404738 
 1084   16386.5497510571 
 1085   16214.0369431925 
 1086   15952.4847315372 
 1087   15648.6876835773 
 1088   15311.6865899104 
 1089   14941.3945165056 
 1090   14566.3087202221 
 1091   14158.3530186107 
 1092   13688.9582278826 
 1093   13228.6762456577 
 1094   12815.261143125 
 1095   12448.304713871 
 1096   12077.5074932326 
 1097   11712.2184274327 
 1098   11422.5832714351 
 1099   11146.095884005 
 1100   10899.9107377875 
 1101   10693.7244009541 
 1102   10489.6253322916 
 1103   10272.9737759036 
 1104   10108.7974808606 
 1105   9997.21351405478 
 1106   9883.82907678876 
 1107   9757.44032698656 
 1108   9655.00035268114 
 1109   9581.0565017798 
 1110   9488.97701515963 
 1111   9436.53643311672 
 1112   9381.59760559487 
 1113   9311.94540084294 
 1114   9249.83635369372 
 1115   9136.46038243107 
 1116   9507.25676841818 
 1117   9745.07839730031 
 1118   9642.95215741426 
 1119   9629.26009477279 
 1120   9587.30192744432 
 1121   9584.22072550453 
 1122   9538.62839406752 
 1123   9550.38932344057 
 1124   9399.54400322395 
 1125   8879.4999587368 
 1126   8805.13845153145 
 1127   8811.6140718759 
 1128   8786.7839115116 
 1129   8794.92319352158 
 1130   8786.81174894679 
 1131   8757.53771678841 
 1132   8777.86372712129 
 1133   8774.41516441791 
 1134   8778.7585614886 
 1135   8807.78597196141 
 1136   8809.17253643389 
 1137   8818.535791914 
 1138   8781.96176088373 
 1139   8777.10677580438 
 1140   8790.82006315606 
 1141   8791.74013614321 
 1142   8821.45393626795 
 1143   8791.14022643163 
 1144   8776.1647724852 
 1145   8778.49360150588 
 1146   8787.68365507241 
 1147   8827.42732764662 
 1148   8873.85966895819 
 1149   8871.00465277719 
 1150   8861.11252499044 
 1151   8885.15392609531 
 1152   8931.66117336513 
 1153   8971.71161911332 
 1154   9004.92325404248 
 1155   9040.86549319168 
 1156   9063.3230066166 
 1157   9102.53430980382 
 1158   9168.21993265456 
 1159   9207.64341410358 
 1160   9210.68233308989 
 1161   9229.09395362513 
 1162   9265.33784704465 
 1163   9287.31995930725 
 1164   9277.68894871212 
 1165   9252.98952671142 
 1166   9234.05147383949 
 1167   9192.29311335328 
 1168   9199.0000605759 
 1169   9204.49984647777 
 1170   9149.35647620435 
 1171   9123.98801543063 
 1172   9109.20867877527 
 1173   9085.1437799736 
 1174   9088.12069190275 
 1175   9109.67985997235 
 1176   9096.39797142272 
 1177   9054.01364818564 
 1178   9044.07529263894 
 1179   9006.18348561493 
 1180   8955.22797510877 
 1181   8945.13700523763 
 1182   8942.85481474332 
 1183   8880.15137921657 
 1184   8832.87610268286 
 1185   8807.0517886016 
 1186   8796.06663599714 
 1187   8794.96401429711 
 1188   8783.09206691632 
 1189   8738.38666250513 
 1190   8678.80224077079 
 1191   8652.11747728239 
 1192   8644.82475174358 
 1193   8639.92396107994 
 1194   8623.66906560346 
 1195   8582.24387194068 
 1196   8562.72743394817 
 1197   8567.13334346722 
 1198   8559.67983225204 
 1199   8547.95507724614 
 1200   8536.93260586157 
 1201   8506.94182762594 
 1202   8488.82405773663 
 1203   8454.71304878034 
 1204   8423.71965869541 
 1205   8397.64643867774 
 1206   8381.92785025131 
 1207   8379.74505171725 
 1208   8352.07410773098 
 1209   8357.34763363801 
 1210   8329.39978481102 
 1211   8308.48985780716 
 1212   8318.58176954393 
 1213   8309.89079447366 
 1214   8306.38874757312 
 1215   8316.34359350685 
 1216   8297.70283006799 
 1217   8283.62478225621 
 1218   8299.24070157427 
 1219   8306.77298144004 
 1220   8288.8359340746 
 1221   8292.49153225519 
 1222   8276.10508835738 
 1223   8251.77365688855 
 1224   8254.79023509848 
 1225   8250.682083258 
 1226   8206.56531516373 
 1227   8199.8448946499 
 1228   8222.64245506929 
 1229   8192.91215090957 
 1230   8190.06842928318 
 1231   8223.34687674579 
 1232   8229.37171583084 
 1233   8248.19835001738 
 1234   8251.05007990599 
 1235   8250.4512479049 
 1236   8260.31920352249 
 1237   8266.93331583079 
 1238   8251.4316337705 
 1239   8208.11188808986 
 1240   8142.28322170201 
 1241   8083.73403146984 
 1242   8037.34577650165 
 1243   7987.84417120497 
 1244   7918.15876449451 
 1245   7849.36783825972 
 1246   7801.70813600643 
 1247   7727.353715472 
 1248   7697.21360345548 
 1249   7656.691189511 
 1250   7624.1445339583 
 1251   7625.05936209526 
 1252   7617.56450807693 
 1253   7607.80657939093 
 1254   7638.40693967084 
 1255   7684.95896098044 
 1256   7714.23646846455 
 1257   7742.9548732518 
 1258   7784.57795536286 
 1259   7815.77922985889 
 1260   7828.74318542871 
 1261   7842.11962070047 
 1262   7876.78118542014 
 1263   7898.02874072224 
 1264   7888.52609265638 
 1265   7891.8434321197 
 1266   7914.86829207236 
 1267   7901.63557003888 
 1268   7954.62608892472 
 1269   8033.29244649418 
 1270   8077.14941847099 
 1271   8117.32797417601 
 1272   8198.39609176641 
 1273   8289.26929447627 
 1274   8363.5652679975 
 1275   8485.48922660339 
 1276   8536.92659339976 
 1277   8573.72802835473 
 1278   8648.45920361518 
 1279   8729.73319634914 
 1280   8824.19054452917 
 1281   8932.21194285906 
 1282   9012.12864864215 
 1283   9081.37595490605 
 1284   9183.1198656646 
 1285   9318.17199164513 
 1286   9445.14460642485 
 1287   9545.14882317811 
 1288   9644.23079603004 
 1289   9742.1316239493 
 1290   9849.73934144338 
 1291   9933.18642548673 
 1292   9996.15479371206 
 1293   10024.7764307758 
 1294   10007.3318444927 
 1295   10000.5484566797 
 1296   9963.25194074289 
 1297   9927.12026236484 
 1298   9854.4530075594 
 1299   9775.73602519706 
 1300   9695.81490588213 
 1301   9601.35784123937 
 1302   9536.30138677808 
 1303   9458.23041662834 
 1304   9401.47235238942 
 1305   9337.26497755295 
 1306   9290.76445722052 
 1307   9256.20872232896 
 1308   9237.09030434445 
 1309   9254.75238234023 
 1310   9245.96146121489 
 1311   9264.08368563244 
 1312   9286.43483089408 
 1313   9298.59459118481 
 1314   9313.32121835865 
 1315   9325.90710071866 
 1316   9325.84931798904 
 1317   9321.46879071123 
 1318   9310.20862923382 
 1319   9305.42719837338 
 1320   9280.57062302916 
 1321   9269.19070818688 
 1322   9248.45439985809 
 1323   9209.56645296591 
 1324   9200.9551585438 
 1325   9189.48530173819 
 1326   9156.80429295187 
 1327   9139.17302323803 
 1328   9127.61403759611 
 1329   9081.46509229712 
 1330   9062.99783866581 
 1331   9093.97657662109 
 1332   9080.55160149025 
 1333   9051.43710015734 
 1334   9062.90900767772 
 1335   9035.26632133164 
 1336   9020.77980407397 
 1337   9047.42069346706 
 1338   9018.10101454958 
 1339   8944.99968539858 
 1340   8941.36389203099 
 1341   8942.83014295741 
 1342   8986.4323361243 
 1343   9033.68930022557 
 1344   9068.43950020252 
 1345   9117.87458193394 
 1346   9170.959433333 
 1347   9214.528008078 
 1348   9273.93538862679 
 1349   9330.26967255556 
 1350   9348.28989084906 
 1351   9324.69093062296 
 1352   9328.44787994971 
 1353   9350.78726320973 
 1354   9382.78642620886 
 1355   9424.35531426551 
 1356   9446.80930408844 
 1357   9473.65283893486 
 1358   9535.17544226495 
 1359   9634.8344367084 
 1360   9708.87792241691 
 1361   9781.37293427954 
 1362   9874.47609956466 
 1363   9958.88370484598 
 1364   10064.216827732 
 1365   10228.2884443673 
 1366   10350.7444728189 
 1367   10480.25678039 
 1368   10625.6387781795 
 1369   10770.00273349 
 1370   10899.6589567044 
 1371   11052.2114737724 
 1372   11198.3799907998 
 1373   11262.2544490091 
 1374   11313.1865234375 
 1375   11334.8337711377 
 1376   11346.2842163477 
 1377   11365.2926924073 
 1378   11364.8580836282 
 1379   11365.6691739344 
 1380   11362.8020490599 
 1381   11352.1278502984 
 1382   11411.3706437607 
 1383   11536.1785005914 
 1384   11700.67273696 
 1385   11851.4486520985 
 1386   12007.0541699083 
 1387   12239.0716270862 
 1388   12526.4577723784 
 1389   12832.8407194408 
 1390   13192.9173972892 
 1391   13601.9005348744 
 1392   14024.8067717886 
 1393   14503.2990801655 
 1394   14972.314761726 
 1395   15470.8098846271 
 1396   15946.6834647151 
 1397   16377.0688646068 
 1398   16759.506782569 
 1399   17029.9602509501 
 1400   17202.191083406 
 1401   17342.1016927178 
 1402   17392.405414251 
 1403   17322.99594626 
 1404   17238.0296747338 
 1405   17090.830564283 
 1406   16845.5343450928 
 1407   16570.4919143853 
 1408   16267.3403387087 
 1409   15911.9535056829 
 1410   15561.9385234459 
 1411   15132.9318827409 
 1412   14690.8253323801 
 1413   14273.0594218132 
 1414   13865.8981075197 
 1415   13488.8561259902 
 1416   13151.032028299 
 1417   12816.6011752536 
 1418   12484.4516877623 
 1419   12220.3297360879 
 1420   12024.8393053213 
 1421   11792.6948600983 
 1422   11637.7904968779 
 1423   11479.1843752795 
 1424   11335.2102073374 
 1425   11255.1572681903 
 1426   11243.1082570924 
 1427   11228.9986204271 
 1428   11187.4684823915 
 1429   11237.7090286597 
 1430   11276.8586943577 
 1431   11354.7815480694 
 1432   11419.5798971085 
 1433   11549.520857126 
 1434   11674.4000264535 
 1435   11841.4690455951 
 1436   12069.9859461669 
 1437   12289.5406449753 
 1438   12568.1295740881 
 1439   12942.6381639705 
 1440   13371.3151937883 
 1441   13793.7237319163 
 1442   14307.5300516218 
 1443   14851.4706507495 
 1444   15467.6440334933 
 1445   16163.9588000863 
 1446   16854.1079666689 
 1447   17542.1016504419 
 1448   18273.3249992718 
 1449   19001.3910339164 
 1450   19695.1902896899 
 1451   20306.398853072 
 1452   20806.9395863896 
 1453   21198.4011457121 
 1454   21520.6137468705 
 1455   21716.4194328316 
 1456   21744.5189631749 
 1457   21620.0524166267 
 1458   21366.4560449806 
 1459   21012.6765955539 
 1460   20563.0510412539 
 1461   20017.0251802723 
 1462   19374.2062506134 
 1463   18694.0015748696 
 1464   17993.3440003348 
 1465   17290.1584303353 
 1466   16596.7796777401 
 1467   15891.2826484438 
 1468   15196.1446928132 
 1469   14550.0818557807 
 1470   13928.5187832955 
 1471   13335.3810418887 
 1472   12812.8890358167 
 1473   12321.500486998 
 1474   11831.3039339391 
 1475   11425.0700663081 
 1476   11053.8069219696 
 1477   10699.900366115 
 1478   10368.9544795915 
 1479   10071.3348543417 
 1480   9808.8800881716 
 1481   9573.36992646953 
 1482   9384.77730691628 
 1483   9210.30094374106 
 1484   9022.79379899709 
 1485   8860.6043120012 
 1486   8699.88189181388 
 1487   8556.62551634793 
 1488   8366.11791647462 
 1489   8222.21026822893 
 1490   8104.81563027735 
 1491   7965.52752642419 
 1492   7847.97429820141 
 1493   7738.99581166865 
 1494   7632.00999612459 
 1495   7528.2378704262 
 1496   7475.15525960619 
 1497   7363.64237427724 
 1498   7245.61784247457 
 1499   7159.7646969606 
 1500   7080.8994271524 
 1501   7013.01683011638 
 1502   6955.79675558715 
 1503   6902.37362474805 
 1504   6849.90675594536 
 1505   6811.12348927472 
 1506   6794.96489272771 
 1507   6761.12215120015 
 1508   6729.00172819254 
 1509   6718.86936386629 
 1510   6667.64714890928 
 1511   6625.20467268334 
 1512   6591.64285266131 
 1513   6554.63975399919 
 1514   6500.94886341644 
 1515   6465.63374654727 
 1516   6416.91011711152 
 1517   6356.12915957689 
 1518   6326.63776570526 
 1519   6282.93954895309 
 1520   6246.42213495411 
 1521   6208.58127522565 
 1522   6204.07109990337 
 1523   6170.55311697781 
 1524   6135.53460322026 
 1525   6125.2243492409 
 1526   6076.48832972314 
 1527   6044.99244806173 
 1528   6021.15376439418 
 1529   5970.14284955968 
 1530   5924.32932016938 
 1531   5917.22098523647 
 1532   5921.10341100329 
 1533   5902.8139893966 
 1534   5915.94614020193 
 1535   5925.92906493027 
 1536   5937.03932445073 
 1537   5963.72738701778 
 1538   5988.78663910849 
 1539   5956.00145670031 
 1540   5925.15435829154 
 1541   5922.88596370693 
 1542   5913.11387066365 
 1543   5914.09281611008 
 1544   5921.87181272482 
 1545   5898.97010976367 
 1546   5872.85303537366 
 1547   5860.74789586066 
 1548   5830.7585254544 
 1549   5795.24181535451 
 1550   5755.66100709143 
 1551   5725.83461665356 
 1552   5716.17385479821 
 1553   5701.67408065502 
 1554   5691.68098999575 
 1555   5723.54171945114 
 1556   5735.59613594174 
 1557   5732.7928810233 
 1558   5726.57473609036 
 1559   5700.8504474814 
 1560   5676.96460996599 
 1561   5673.67061005961 
 1562   5637.9007815746 
 1563   5588.72859236418 
 1564   5620.99635977122 
 1565   5613.95068848339 
 1566   5598.55740600263 
 1567   5588.82216611301 
 1568   5589.19002123802 
 1569   5571.35619270975 
 1570   5556.20701634657 
 1571   5503.07247946836 
 1572   5456.90457937771 
 1573   5426.6365190438 
 1574   5409.94348635874 
 1575   5384.89210123859 
 1576   5400.10827589327 
 1577   5443.63395897554 
 1578   5458.70853903276 
 1579   5446.73359509119 
 1580   5406.73482423666 
 1581   5423.47183950134 
 1582   5414.99712609675 
 1583   5406.52370920127 
 1584   5396.25593959809 
 1585   5364.95933055685 
 1586   5373.79899336209 
 1587   5412.22948804028 
 1588   5419.82064978344 
 1589   5402.16753835751 
 1590   5397.54901534886 
 1591   5392.02385001707 
 1592   5386.12226288363 
 1593   5387.90731758123 
 1594   5406.17767707628 
 1595   5412.57930421747 
 1596   5405.73416606389 
 1597   5435.59572267894 
 1598   5455.37052200175 
 1599   5438.64109553248 
 1600   5445.8660655274 
 1601   5445.26824939955 
 1602   5459.47123492928 
 1603   5470.26956693879 
 1604   5491.24513243839 
 1605   5502.05313799308 
 1606   5521.00137883786 
 1607   5578.21523259651 
 1608   5591.66473241502 
 1609   5603.8381161892 
 1610   5639.05717146635 
 1611   5690.85381784499 
 1612   5730.12172600669 
 1613   5747.8860304483 
 1614   5754.62810772182 
 1615   5786.04375723255 
 1616   5828.82581516622 
 1617   5866.86653932699 
 1618   5902.14297788512 
 1619   5924.64985752769 
 1620   5977.68267940086 
 1621   6037.22989787988 
 1622   6137.34965301047 
 1623   6253.06627298308 
 1624   6383.46869498535 
 1625   6512.00241412025 
 1626   6700.75055651382 
 1627   6937.06534885481 
 1628   7191.8480075571 
 1629   7480.82414866842 
 1630   7785.37302458871 
 1631   8128.5434655366 
 1632   8500.95648989389 
 1633   8894.32910290768 
 1634   9300.7499986855 
 1635   9733.39820244353 
 1636   10204.3537626641 
 1637   10680.1027132151 
 1638   11126.088278218 
 1639   11570.8978961198 
 1640   11975.3309413882 
 1641   12286.0934406488 
 1642   12522.8602277831 
 1643   12657.2565670207 
 1644   12677.2658523781 
 1645   12608.3313837876 
 1646   12415.5812845309 
 1647   12093.382870717 
 1648   11771.0549281635 
 1649   11337.7375349224 
 1650   10846.7040230673 
 1651   10310.9595793295 
 1652   9818.9532264492 
 1653   9284.79776989629 
 1654   8818.58123734653 
 1655   8386.65255336973 
 1656   8044.25212800356 
 1657   7703.7616129923 
 1658   7426.16460376208 
 1659   7169.09335124963 
 1660   6986.1326564965 
 1661   6823.90150163259 
 1662   6685.986406508 
 1663   6571.15072044173 
 1664   6463.28958302149 
 1665   6378.26982564055 
 1666   6294.00964434086 
 1667   6237.569979863 
 1668   6193.19154719297 
 1669   6154.91740028635 
 1670   6110.75806383245 
 1671   6080.67871084024 
 1672   6060.72454191378 
 1673   6017.71563022735 
 1674   5992.63030768472 
 1675   5956.65130808127 
 1676   5954.70942772025 
 1677   5965.26681019117 
 1678   5959.7763502616 
 1679   5970.14701124314 
 1680   6018.69554721148 
 1681   6051.49088959191 
 1682   6088.28009593628 
 1683   6108.9015299375 
 1684   6165.31851777643 
 1685   6185.56775492064 
 1686   6216.59768845666 
 1687   6248.47912800654 
 1688   6309.04795522491 
 1689   6342.90301859704 
 1690   6397.11585573035 
 1691   6437.53313381152 
 1692   6460.30550429261 
 1693   6526.05006666235 
 1694   6558.56390851616 
 1695   6564.98276696689 
 1696   6555.53166532032 
 1697   6550.70836526473 
 1698   6535.54687081156 
 1699   6529.36894614525 
 1700   6463.43588546911 
 1701   6396.56436323274 
 1702   6308.45909217671 
 1703   6242.78790352737 
 1704   6164.59178773193 
 1705   6037.23665930288 
 1706   5911.01123250321 
 1707   5808.90471230558 
 1708   5696.71068136954 
 1709   5571.33777951903 
 1710   5428.09168542494 
 1711   5282.7814139819 
 1712   5191.72358442811 
 1713   5109.52350385604 
 1714   4987.77855873392 
 1715   4867.39870503164 
 1716   4791.50277037931 
 1717   4720.95343183595 
 1718   4627.00540717981 
 1719   4510.97632478015 
 1720   4388.89372383393 
 1721   4306.61302878075 
 1722   4251.70931713267 
 1723   4150.78404243067 
 1724   4059.22725475338 
 1725   4021.93575933495 
 1726   3969.5160420214 
 1727   3920.81117800043 
 1728   3876.18776200551 
 1729   3826.32148751218 
 1730   3798.0241227301 
 1731   3782.29400703716 
 1732   3722.91363855809 
 1733   3685.53054821845 
 1734   3654.3554822867 
 1735   3601.50931705218 
 1736   3582.58664308915 
 1737   3543.87103819855 
 1738   3478.60665090819 
 1739   3451.82988290513 
 1740   3419.45281271839 
 1741   3398.22534245216 
 1742   3377.03350874405 
 1743   3341.62442040618 
 1744   3336.98785486631 
 1745   3312.57086097763 
 1746   3274.24055498196 
 1747   3256.20472163379 
 1748   3237.83756731554 
 1749   3215.70738641168 
 1750   3192.63829915313 
 1751   3152.01038172958 
 1752   3141.95403160845 
 1753   3128.33142425498 
 1754   3125.55348410523 
 1755   3110.2246552556 
 1756   3098.57592445143 
 1757   3081.12975641309 
 1758   3060.88853720896 
 1759   3055.01587891663 
 1760   3060.85126452075 
 1761   3045.68706458249 
 1762   3026.40092439377 
 1763   3018.39804203099 
 1764   3000.23141046539 
 1765   3006.71356139031 
 1766   3015.36713753317 
 1767   3009.97987758105 
 1768   2965.88195597279 
 1769   2957.19873169715 
 1770   2950.13966748929 
 1771   2928.0995464807 
 1772   2915.48127523401 
 1773   2896.03957867531 
 1774   2895.57352427103 
 1775   2925.52823375365 
 1776   2898.57762274661 
 1777   2896.03447228494 
 1778   2898.47516318521 
 1779   2878.06513193864 
 1780   2852.12942332086 
 1781   2834.51146662255 
 1782   2814.24520986796 
 1783   2803.8709198344 
 1784   2789.05372528697 
 1785   2777.44616971674 
 1786   2780.22776438138 
 1787   2781.53960577087 
 1788   2758.08030036096 
 1789   2743.45789531722 
 1790   2728.31672040791 
 1791   2721.06465285286 
 1792   2722.7173797731 
 1793   2701.02766219976 
 1794   2682.3679879949 
 1795   2656.67125062516 
 1796   2642.36769131488 
 1797   2637.62011258114 
 1798   2626.1126343911 
 1799   2627.52008132885 
 1800   2619.81471830079 
 1801   2612.03815166292 
 1802   2611.78507101566 
 1803   2603.97099543946 
 1804   2596.65554167347 
 1805   2578.51454074857 
 1806   2539.28631797209 
 1807   2540.38377671658 
 1808   2543.55984369336 
 1809   2563.19739163778 
 1810   2526.49867979518 
 1811   2499.07282338166 
 1812   2491.90641566046 
 1813   2513.48463460996 
 1814   2513.47979535646 
 1815   2503.98417040791 
 1816   2488.90693414477 
 1817   2529.46289103681 
 1818   2523.58867792793 
 1819   2528.01773026018 
 1820   2479.74138579445 
 1821   2455.70618469522 
 1822   2428.8380266596 
 1823   2432.42012871454 
 1824   2425.22165338422 
 1825   2417.11223406731 
 1826   2397.96992778386 
 1827   2430.82774859304 
 1828   2449.8965303017 
 1829   2488.7321817395 
 1830   2475.93716125413 
 1831   2451.97919854142 
 1832   2446.63742188589 
 1833   2433.49938838981 
 1834   2404.10340710314 
 1835   2370.29213179588 
 1836   2324.40708356526 
 1837   2311.6613547825 
 1838   2316.03829638431 
 1839   2321.4575574767 
 1840   2316.75696681364 
 1841   2309.39715044354 
 1842   2322.51917362517 
 1843   2317.95104820937 
 1844   2318.89925276625 
 1845   2339.82785522155 
 1846   2312.39046043553 
 1847   2337.34302582114 
 1848   2347.72150913949 
 1849   2314.14518495027 
 1850   2299.59870855249 
 1851   2286.73771971987 
 1852   2266.52767499465 
 1853   2268.7926352606 
 1854   2225.02977601565 
 1855   2225.84092690299 
 1856   2242.91044898762 
 1857   2224.83820434867 
 1858   2210.33623960659 
 1859   2242.74401270334 
 1860   2247.21984007089 
 1861   2257.46003971158 
 1862   2249.42556740743 
 1863   2256.64477216045 
 1864   2275.01152436517 
 1865   2263.80458687714 
 1866   2253.01931557398 
 1867   2240.87439019955 
 1868   2219.65563351418 
 1869   2218.28574769101 
 1870   2203.038537416 
 1871   2196.42309862221 
 1872   2177.52101959756 
 1873   2151.50794450942 
 1874   2149.53115239336 
 1875   2155.10152944563 
 1876   2146.82543890891 
 1877   2139.76691939139 
 1878   2141.11791712496 
 1879   2153.09138585967 
 1880   2178.53172576343 
 1881   2180.63538537723 
 1882   2146.07020588947 
 1883   2146.88382190245 
 1884   2131.30573486938 
 1885   2110.65142896199 
 1886   2099.65264929468 
 1887   2081.5379527437 
 1888   2094.52914826132 
 1889   2092.8133622235 
 1890   2086.03779202121 
 1891   2100.27707067961 
 1892   2114.11350719752 
 1893   2108.92279195657 
 1894   2102.78866660826 
 1895   2105.81576668971 
 1896   2082.09307610619 
 1897   2092.1904035427 
 1898   2074.19676339 
 1899   2049.67839420664 
 1900   2019.88129882913 
 1901   2006.12140369159 
 1902   2008.40919653239 
 1903   2003.10558711533 
 1904   1950.48459282006 
 1905   1959.96938725029 
 1906   1941.41305314057 
 1907   1961.33198146862 
 1908   1955.61889073324 
 1909   1933.48199541996 
 1910   1948.47704947404 
 1911   1939.77657909981 
 1912   1926.10288910815 
 1913   1924.93432856015 
 1914   1900.34633457698 
 1915   1889.90983415375 
 1916   1892.60538514874 
 1917   1873.51237705112 
 1918   1918.62483188778 
 1919   1938.70019719459 
 1920   1986.54533654794 
 1921   1970.95243813478 
 1922   1962.28960541843 
 1923   1929.38422224826 
 1924   1925.34592198398 
 1925   1868.33582556497 
 1926   1832.8034668619 
 1927   1763.59569867768 
 1928   1771.39037238846 
 1929   1794.80960314744 
 1930   1786.1515773717 
 1931   1800.49864019168 
 1932   1781.00133982008 
 1933   1797.74785850309 
 1934   1816.00028659225 
 1935   1781.33320574602 
 1936   1777.91004692198 
 1937   1776.19221613693 
 1938   1765.67353322125 
 1939   1774.87023444061 
 1940   1735.99213742895 
 1941   1733.2298992533 
 1942   1723.21979115269 
 1943   1740.90155283377 
 1944   1725.12215480105 
 1945   1705.94478235989 
 1946   1689.75947171904 
 1947   1667.09724665596 
 1948   1642.75194402861 
 1949   1631.20976692562 
 1950   1633.05910795154 
 1951   1635.97058306617 
 1952   1644.94109552852 
 1953   1644.54507718892 
 1954   1673.71558790566 
 1955   1683.50435920696 
 1956   1648.09360029097 
 1957   1636.80490768542 
 1958   1624.98421029275 
 1959   1624.00056443508 
 1960   1631.57966399032 
 1961   1613.98166176471 
 1962   1621.26814469803 
 1963   1649.73679734859 
 1964   1654.4691988737 
 1965   1661.17819077027 
 1966   1652.84455890109 
 1967   1623.90866305451 
 1968   1647.88893752238 
 1969   1633.99316811652 
 1970   1627.29297954195 
 1971   1630.59692919471 
 1972   1621.99409658727 
 1973   1633.34675946777 
 1974   1617.30493097719 
 1975   1604.56557742253 
 1976   1598.46121362554 
 1977   1573.83783029496 
 1978   1577.58053230781 
 1979   1571.89443591986 
 1980   1567.3570516881 
 1981   1548.56724841938 
 1982   1514.35674593242 
 1983   1502.92661585883 
 1984   1492.23362545958 
 1985   1467.47708938107 
 1986   1472.81570408446 
 1987   1481.89843754116 
 1988   1482.98650422255 
 1989   1488.0455996694 
 1990   1520.29381324401 
 1991   1511.73335420478 
 1992   1510.23280016352 
 1993   1511.98811455073 
 1994   1521.72282321813 
 1995   1518.46683375169 
 1996   1493.57622858204 
 1997   1493.99698589381 
 1998   1507.19775833647 
 1999   1478.50887559117 
 2000   1453.55201387663 
 2001   1459.11383694144 
 2002   1460.39026009305 
 2003   1434.35310678089 
 2004   1417.25255154562 
 2005   1434.13198363576 
 2006   1424.34207574813 
 2007   1443.57797931488 
 2008   1423.81915807403 
 2009   1443.17774952663 
 2010   1444.66464965355 
 2011   1411.34668305534 
 2012   1411.16085255474 
 2013   1393.74276943067 
 2014   1399.62001857645 
 2015   1370.67941529619 
 2016   1338.9851653324 
 2017   1350.0596309458 
 2018   1339.30283489543 
 2019   1318.93976660942 
 2020   1338.88669720291 
 2021   1321.8020099397 
 2022   1325.24956930689 
 2023   1300.75193981874 
 2024   1290.9113658073 
 2025   1315.93755749954 
 2026   1267.84821269818 
 2027   1257.64670068948 
 2028   1267.83276767622 
 2029   1254.35166664319 
 2030   1275.48366895704 
 2031   1261.43646828358 
 2032   1278.79222238958 
 2033   1272.10395938975 
 2034   1256.63583997147 
 2035   1260.18436240164 
 2036   1264.21614092874 
 2037   1289.46094625769 
 2038   1268.10552285427 
 2039   1260.69224130559 
 2040   1275.80649339742 
 2041   1259.29245078209 
 2042   1245.66978443081 
 2043   1245.60598848424 
 2044   1229.5155854875 
 2045   1224.7263430919 
 2046   1218.81718314864 
 2047   1188.68108657156 
 2048   1190.07718068934 
 2049   1191.03791171334 
 2050   1197.78347496715 
 2051   1209.46969792721 
 2052   1224.30289780899 
 2053   1216.54825080945 
 2054   1217.36692774063 
 2055   1227.2205012735 
 2056   1204.07971269428 
 2057   1192.79639474943 
 2058   1152.20189717406 
 2059   1141.83867530881 
 2060   1164.00679830495 
 2061   1124.1058443124 
 2062   1138.86490106881 
 2063   1154.72058755896 
 2064   1154.33421892125 
 2065   1151.24041355742 
 2066   1133.27249446038 
 2067   1153.06133133087 
 2068   1151.5901257907 
 2069   1109.85142168132 
 2070   1087.22437265855 
 2071   1107.73853173715 
 2072   1107.69550961272 
 2073   1100.21511133768 
 2074   1081.0473142555 
 2075   1083.4401117645 
 2076   1108.79025008838 
 2077   1127.97377040344 
 2078   1119.78645627849 
 2079   1123.3078206358 
 2080   1138.8068860181 
 2081   1136.24463171675 
 2082   1148.87257048788 
 2083   1118.83935664361 
 2084   1113.09863419655 
 2085   1097.78668506937 
 2086   1077.7174776784 
 2087   1062.96804577021 
 2088   1058.95829433717 
 2089   1058.1339795267 
 2090   1056.40341423039 
 2091   1066.09541054179 
 2092   1071.02745634539 
 2093   1074.21686558275 
 2094   1050.77039661402 
 2095   1046.02200732144 
 2096   1027.61205292811 
 2097   1005.42018881361 
 2098   981.884590364679 
 2099   986.23242400653 
 2100   975.905498076555 
 2101   993.390089063984 
 2102   987.737845898853 
 2103   1036.63571172185 
 2104   1066.77230190121 
 2105   1042.66303588559 
 2106   1045.62956766408 
 2107   1013.94417037569 
 2108   1014.21239469318 
 2109   997.245857677829 
 2110   973.993202037646 
 2111   989.17739698545 
 2112   965.345314059083 
 2113   984.309751833783 
 2114   965.608293471279 
 2115   948.364496186214 
 2116   933.963094034239 
 2117   927.589763309123 
 2118   941.687110466528 
 2119   947.464382465374 
 2120   962.253963018817 
 2121   997.257520899609 
 2122   1029.64930392539 
 2123   1006.86235267824 
 2124   1010.46419098445 
 2125   1000.75551410477 
 2126   999.298655048006 
 2127   987.498948765353 
 2128   939.133572815164 
 2129   915.79610598159 
 2130   902.080105358583 
 2131   889.382445490662 
 2132   916.549176204758 
 2133   879.794063825515 
 2134   875.074910805619 
 2135   887.15965574271 
 2136   886.338949315743 
 2137   918.048009349342 
 2138   874.664460348253 
 2139   902.812482634107 
 2140   916.100588995785 
 2141   913.488520629132 
 2142   915.69844398235 
 2143   877.064263086092 
 2144   855.915654572523 
 2145   816.862116194948 
 2146   805.970490483599 
 2147   795.438730375106 
 2148   787.515512749414 
 2149   791.310808191218 
 2150   803.755057403802 
 2151   816.837380239127 
 2152   827.943292756778 
 2153   818.793204339339 
 2154   843.038524750505 
 2155   846.910910502073 
 2156   873.171264672198 
 2157   857.458570299561 
 2158   865.50795012527 
 2159   872.13366599373 
 2160   881.523117343979 
 2161   846.043985201353 
 2162   810.329721230761 
 2163   801.130845059813 
 2164   780.255168225572 
 2165   774.68628234481 
 2166   740.125592664091 
 2167   789.341055866302 
 2168   790.356813032547 
 2169   801.010256245392 
 2170   813.623208062685 
 2171   803.087958758605 
 2172   800.937298112106 
 2173   773.008556632608 
 2174   777.568321762041 
 2175   778.186947163193 
 2176   768.22827567951 
 2177   777.886578665109 
 2178   775.887405348175 
 2179   781.045391684241 
 2180   744.852002431143 
 2181   745.787811269896 
 2182   748.7224356891 
 2183   756.77981517755 
 2184   753.343036326458 
 2185   771.78849257925 
 2186   807.388939058408 
 2187   798.334188933007 
 2188   800.061862779274 
 2189   772.473558853034 
 2190   795.946106037208 
 2191   779.877268246705 
 2192   734.030680966015 
 2193   746.735610574472 
 2194   734.942371270202 
 2195   748.488522930951 
 2196   704.383961040388 
 2197   695.312713248879 
 2198   738.153573124808 
 2199   731.57518329245 
 2200   755.300654972926 
 2201   736.340065530585 
 2202   739.2611506829 
 2203   754.479675386749 
 2204   752.99149750351 
 2205   730.886484189062 
 2206   698.549187763369 
 2207   708.499533982918 
 2208   716.048619092849 
 2209   702.390518598885 
 2210   683.547324562778 
 2211   703.654840923588 
 2212   699.609699317699 
 2213   710.464377136921 
 2214   689.836484426937 
 2215   669.11873658015 
 2216   665.290682088775 
 2217   660.818097965596 
 2218   678.306691730117 
 2219   649.523841205215 
 2220   676.065290521467 
 2221   693.127324446119 
 2222   681.509907201191 
 2223   681.703182055087 
 2224   683.436543853539 
 2225   688.754743186165 
 2226   691.087371045919 
 2227   705.179065907893 
 2228   702.888174650058 
 2229   709.897413822948 
 2230   663.373528425694 
 2231   667.539733549936 
 2232   654.764037655708 
 2233   641.243159705046 
 2234   643.394597365631 
 2235   621.006742076378 
 2236   683.707988176307 
 2237   669.564391654094 
 2238   659.822099323656 
 2239   651.963617553573 
 2240   656.961051883709 
 2241   661.743572494412 
 2242   620.651830939163 
 2243   612.942958770589 
 2244   609.363541585495 
 2245   610.053913866279 
 2246   606.389481715281 
 2247   603.283339046492 
 2248   625.029170827348 
 2249   634.31943639598 
 2250   657.185800267349 
 2251   653.80420300665 
 2252   628.423903254542 
 2253   638.681466683356 
 2254   615.582369367218 
 2255   620.738234976112 
 2256   604.111323443414 
 2257   593.65367213536 
 2258   625.657444085528 
 2259   620.239254173827 
 2260   628.134522726677 
 2261   616.211198968967 
 2262   624.503256752926 
 2263   663.589442593624 
 2264   642.950861707756 
 2265   625.191119429212 
 2266   612.43767102953 
 2267   606.347007833429 
 2268   587.90828866748 
 2269   574.609020350847 
 2270   566.916029246635 
 2271   585.781638235652 
 2272   599.957036127444 
 2273   605.590354611047 
 2274   612.383947177784 
 2275   597.149579543634 
 2276   598.52329502149 
 2277   576.977148601261 
 2278   574.785709866173 
 2279   577.020446335212 
 2280   576.866192893097 
 2281   577.491820474027 
 2282   590.490195464882 
 2283   601.269167750823 
 2284   591.936009958283 
 2285   587.897800918676 
 2286   569.082124968264 
 2287   557.308612779011 
 2288   542.966541234857 
 2289   544.922826245167 
 2290   545.188581198382 
 2291   511.952173272469 
 2292   513.988056673005 
 2293   537.414872065653 
 2294   537.517053329857 
 2295   506.92212184758 
 2296   457.564568664588 
 2297   500.19745144889 
 2298   502.789553524271 
 2299   487.110448409745 
 2300   485.398104215461 
 2301   512.578416356458 
 2302   568.06354657117 
 2303   539.11048588843 
 2304   549.502910541889 
 2305   546.534605703389 
 2306   543.736180534969 
 2307   522.636558274052 
 2308   493.662807353104 
 2309   519.156769282478 
 2310   508.831474477503 
 2311   504.037712408776 
 2312   503.327499853736 
 2313   510.214421408471 
 2314   524.522684950307 
 2315   503.183863324358 
 2316   499.735934956249 
 2317   496.052780049961 
 2318   484.093106132591 
 2319   475.564217810119 
 2320   454.887609928166 
 2321   441.475990126074 
 2322   456.674973378862 
 2323   471.849473386901 
 2324   470.152866111343 
 2325   487.36637600847 
 2326   498.492498757314 
 2327   489.600263320538 
 2328   460.696755720503 
 2329   456.554136533282 
 2330   466.911645658544 
 2331   439.834995191329 
 2332   440.000088426915 
 2333   473.41020471422 
 2334   498.214937540281 
 2335   475.106227643567 
 2336   473.277290270532 
 2337   502.226823178357 
 2338   478.561644329552 
 2339   459.137732269027 
