05-29-2020  12:03:04
Wavenumber (cm-1)  CCD Output
 251   850.958964225139 
 252   861.861091106697 
 253   877.860815031617 
 254   917.18224558082 
 255   948.845955652147 
 256   969.278072610105 
 257   1003.22255280743 
 258   1030.55022442839 
 259   1040.94691256828 
 260   1049.39068456131 
 261   1061.12439042944 
 262   1083.24401165049 
 263   1125.78332544935 
 264   1164.94718644622 
 265   1181.11467642613 
 266   1185.85107305815 
 267   1195.85580075412 
 268   1215.97539147705 
 269   1228.31168089573 
 270   1242.90663378602 
 271   1268.63242185069 
 272   1273.11676649706 
 273   1259.85806989539 
 274   1251.43528744011 
 275   1245.69673784486 
 276   1248.8475935887 
 277   1265.02870845788 
 278   1261.6928011372 
 279   1247.03319638169 
 280   1254.89472769101 
 281   1253.07722674769 
 282   1240.2503672689 
 283   1248.93228538628 
 284   1248.27262406703 
 285   1226.56654377274 
 286   1210.09845030257 
 287   1196.06453401134 
 288   1183.67970058911 
 289   1184.09956612465 
 290   1184.1885622439 
 291   1174.88119937714 
 292   1165.74927526164 
 293   1157.62948708605 
 294   1149.2406562892 
 295   1142.55138307444 
 296   1136.24211385318 
 297   1128.89604285321 
 298   1122.43919462856 
 299   1121.9371601454 
 300   1128.81618465356 
 301   1134.69442974981 
 302   1138.41048226809 
 303   1139.09720923953 
 304   1127.82848329959 
 305   1124.46844447118 
 306   1146.76293785039 
 307   1161.70775910559 
 308   1172.24875366333 
 309   1194.57587593225 
 310   1199.32596312357 
 311   1194.75969695632 
 312   1208.62426964539 
 313   1224.32432256147 
 314   1240.48585503657 
 315   1263.1495210164 
 316   1261.89945815035 
 317   1253.88967821034 
 318   1277.56076161162 
 319   1279.43123379814 
 320   1262.93853288966 
 321   1279.33493006598 
 322   1289.18903801742 
 323   1288.67498588146 
 324   1313.62764296141 
 325   1331.58671647645 
 326   1341.3178913633 
 327   1376.19238090254 
 328   1401.35107526318 
 329   1416.82403738489 
 330   1465.87488788661 
 331   1524.2171031657 
 332   1576.58827964984 
 333   1636.34370092399 
 334   1698.2324877638 
 335   1763.0684556752 
 336   1840.91436303015 
 337   1919.13078545058 
 338   2011.89224725759 
 339   2154.69803638059 
 340   2286.28730244111 
 341   2381.35293065474 
 342   2485.9313818706 
 343   2588.13009884715 
 344   2682.33291896857 
 345   2788.25080800387 
 346   2884.42059336244 
 347   2964.94940244396 
 348   3048.85571097382 
 349   3088.73689551556 
 350   3076.98397515619 
 351   3072.49606932795 
 352   3063.51357234113 
 353   3039.35930654976 
 354   3014.6228345282 
 355   2960.70665027959 
 356   2873.1643657554 
 357   2788.45087698576 
 358   2696.64419011756 
 359   2595.73947031055 
 360   2508.08284386983 
 361   2424.51710334463 
 362   2332.63625263115 
 363   2232.06341507923 
 364   2135.56381129624 
 365   2048.86657662102 
 366   1969.1808611582 
 367   1916.41190015907 
 368   1885.10657281488 
 369   1842.47398780656 
 370   1807.39533245571 
 371   1783.16553593947 
 372   1747.1843905249 
 373   1722.35438626582 
 374   1720.7229789176 
 375   1730.6796103516 
 376   1753.62535085737 
 377   1779.61464690645 
 378   1793.84683278212 
 379   1825.94811003208 
 380   1879.83273069892 
 381   1935.0594942531 
 382   2019.66355993659 
 383   2134.59061510861 
 384   2253.65328901297 
 385   2387.82615858467 
 386   2573.80742041855 
 387   2833.10244170756 
 388   3091.51302638347 
 389   3361.14013299408 
 390   3709.31685677998 
 391   4099.86817295586 
 392   4491.6053280021 
 393   4869.60171040367 
 394   5255.34256077505 
 395   5622.24432615395 
 396   5923.79989936194 
 397   6161.98064063669 
 398   6327.08840307984 
 399   6397.63167924232 
 400   6356.89574245627 
 401   6209.95582114929 
 402   5979.15151773644 
 403   5693.85311661485 
 404   5358.49839261551 
 405   4980.39232870264 
 406   4595.05024771751 
 407   4202.44142691153 
 408   3805.91062731962 
 409   3443.72069260359 
 410   3126.74605943845 
 411   2862.61559898132 
 412   2665.52540683101 
 413   2492.15014210116 
 414   2327.13667800552 
 415   2212.62736291757 
 416   2125.61779014264 
 417   2050.67931913727 
 418   2003.26671434339 
 419   1964.87803020533 
 420   1923.45743186583 
 421   1884.9896841784 
 422   1854.4162371336 
 423   1849.92290757235 
 424   1884.32811733188 
 425   1910.24304381855 
 426   1928.39619984434 
 427   1971.07450662703 
 428   2016.42385023765 
 429   2069.60473039558 
 430   2147.35913613901 
 431   2229.37891899213 
 432   2304.75689087058 
 433   2368.69278527895 
 434   2412.83512560505 
 435   2459.68871587289 
 436   2516.64553993729 
 437   2541.82662914853 
 438   2549.51623533404 
 439   2556.23726718975 
 440   2544.98046042927 
 441   2527.73635240235 
 442   2503.84088046919 
 443   2451.81742065586 
 444   2401.68921315798 
 445   2351.09494725763 
 446   2265.18521535889 
 447   2188.09652709904 
 448   2128.35954620741 
 449   2055.18840621531 
 450   1975.43982179469 
 451   1897.90896995712 
 452   1828.14514168704 
 453   1773.16243544873 
 454   1717.36039032061 
 455   1653.30594900812 
 456   1615.09376808086 
 457   1585.77261702711 
 458   1548.65679317341 
 459   1531.91261407641 
 460   1527.81999502805 
 461   1522.58125842383 
 462   1518.86323975782 
 463   1526.93529665362 
 464   1551.05571190286 
 465   1583.68391332647 
 466   1608.13915883978 
 467   1633.90077167196 
 468   1684.29159965388 
 469   1744.6249643704 
 470   1807.71915818938 
 471   1876.89938455246 
 472   1953.03959961284 
 473   2031.79732133954 
 474   2112.89891712577 
 475   2207.98987338408 
 476   2318.03666857478 
 477   2432.91571503847 
 478   2535.6323421223 
 479   2618.21067566671 
 480   2691.42334378742 
 481   2773.23662970886 
 482   2835.19239452861 
 483   2865.53922886474 
 484   2878.50728413899 
 485   2881.64446966916 
 486   2866.55603919409 
 487   2827.54959164163 
 488   2788.82780722543 
 489   2755.08736035988 
 490   2716.58569775077 
 491   2666.18481748665 
 492   2624.91995175278 
 493   2606.72305762877 
 494   2599.50910783978 
 495   2595.44295752792 
 496   2595.65482567495 
 497   2606.45053595816 
 498   2624.8146208537 
 499   2632.89540169835 
 500   2618.10954059007 
 501   2606.41927438999 
 502   2590.96968378646 
 503   2555.15204391835 
 504   2509.13339078605 
 505   2448.87041376608 
 506   2372.1927606635 
 507   2289.04575979335 
 508   2197.08941478388 
 509   2099.58894928698 
 510   2005.40975778364 
 511   1904.47439789274 
 512   1803.80527157023 
 513   1716.54602316786 
 514   1627.23622682964 
 515   1539.1114115904 
 516   1463.48513773166 
 517   1398.9514845879 
 518   1335.58536447057 
 519   1278.28296386719 
 520   1248.48077732808 
 521   1228.90932251198 
 522   1201.94128482798 
 523   1168.97463638157 
 524   1152.73394703001 
 525   1148.79478370879 
 526   1140.54295601767 
 527   1135.19014127201 
 528   1131.9391198934 
 529   1121.56864119446 
 530   1095.06337484087 
 531   1067.32100296765 
 532   1055.3631754943 
 533   1060.92585290794 
 534   1057.60027328446 
 535   1040.14679797247 
 536   1024.42974989868 
 537   1019.55270179862 
 538   1018.40737015883 
 539   1010.473129606 
 540   996.955189941674 
 541   992.497534610578 
 542   996.301001080281 
 543   988.123939277115 
 544   973.571403204914 
 545   973.019979056129 
 546   993.023796956294 
 547   989.66598906767 
 548   977.663195716782 
 549   986.725468748381 
 550   999.746649924175 
 551   1007.11650062366 
 552   1003.27129260027 
 553   987.91549041152 
 554   986.786735508089 
 555   987.074830355943 
 556   963.438263307001 
 557   958.368048549012 
 558   963.642079816317 
 559   957.550254804732 
 560   956.471454424105 
 561   954.089372439723 
 562   945.640217952313 
 563   939.042241693321 
 564   935.722092330077 
 565   940.841509533395 
 566   949.831718116363 
 567   929.418181786896 
 568   902.917960638987 
 569   899.017367609848 
 570   902.301371519279 
 571   898.397529771281 
 572   895.987164022029 
 573   911.902265840556 
 574   916.433511514638 
 575   904.995594606936 
 576   899.308827690181 
 577   917.240538671094 
 578   925.829774480197 
 579   910.070815683876 
 580   903.422980275981 
 581   907.63529105125 
 582   912.038049584789 
 583   909.04058556628 
 584   905.069653686183 
 585   906.265099256206 
 586   909.214208443373 
 587   902.349502063534 
 588   903.262183669568 
 589   910.491257855987 
 590   902.445644298165 
 591   896.490074603638 
 592   899.329590132498 
 593   906.012585893313 
 594   913.966668678104 
 595   914.632334071687 
 596   909.863117116091 
 597   913.305106212414 
 598   919.620828873396 
 599   931.634291518476 
 600   952.617807284697 
 601   963.646076425533 
 602   961.262995821174 
 603   950.497104303344 
 604   935.942710885297 
 605   925.99448199213 
 606   924.782331912924 
 607   927.945559849628 
 608   922.781350970386 
 609   908.510013256523 
 610   892.90307678295 
 611   887.297895227409 
 612   910.122732498896 
 613   937.4759956961 
 614   932.011187205766 
 615   939.642154813842 
 616   953.95945127995 
 617   958.196618746348 
 618   980.469587335306 
 619   1009.23789542825 
 620   1030.63439365529 
 621   1038.57214101136 
 622   1014.68615799438 
 623   1004.7886153051 
 624   1032.66155059076 
 625   1028.78118353043 
 626   1031.21887091442 
 627   1049.25831042913 
 628   1039.61546195257 
 629   1027.37536958478 
 630   1014.62549913441 
 631   997.406000740113 
 632   996.688503970416 
 633   1002.00215014264 
 634   1007.22865503066 
 635   1017.17119607726 
 636   1019.12387085548 
 637   1019.25542307448 
 638   1029.58634025494 
 639   1048.02265724945 
 640   1068.25132041731 
 641   1079.44060148777 
 642   1071.722526673 
 643   1050.34419125257 
 644   1042.58855501942 
 645   1046.49212258985 
 646   1014.94880288937 
 647   993.084388185231 
 648   997.193418309889 
 649   998.377041680204 
 650   993.650788504108 
 651   995.406988652188 
 652   1011.6104936747 
 653   1032.39297128309 
 654   1035.50912140061 
 655   1031.50761043746 
 656   1042.79174341935 
 657   1051.36778099777 
 658   1038.0033207955 
 659   1017.85520764252 
 660   1027.99138503872 
 661   1037.18210365964 
 662   1031.1820660636 
 663   1023.38584521955 
 664   1031.69338093046 
 665   1056.81030206296 
 666   1076.64846159027 
 667   1069.60223843023 
 668   1064.9511539546 
 669   1066.02119558559 
 670   1068.14463139927 
 671   1082.95788834917 
 672   1097.62498099966 
 673   1099.98898905857 
 674   1089.39407735546 
 675   1076.68123636083 
 676   1090.582096184 
 677   1127.93273222868 
 678   1146.46357410318 
 679   1148.59921939314 
 680   1137.85137698399 
 681   1128.10016662382 
 682   1150.43000345854 
 683   1149.76242401364 
 684   1185.48630934583 
 685   1238.38068975681 
 686   782.78959020239 
 687   380.197890553448 
 688   457.307883029311 
 689   481.012676594932 
 690   492.093268496674 
 691   512.553016114326 
 692   492.455824442007 
 693   503.251876196176 
 694   435.955190985245 
 695   531.978849018062 
 696   1075.78732647248 
 697   1257.08926820266 
 698   1172.7823941792 
 699   1190.60197232817 
 700   1198.36829613101 
 701   1200.28404801517 
 702   1207.88700297226 
 703   1208.43526841974 
 704   1198.13237707676 
 705   1197.88241060053 
 706   1208.53470643273 
 707   1213.82352098697 
 708   1228.86939467544 
 709   1232.73617248335 
 710   1218.58114090805 
 711   1220.50955964358 
 712   1238.76842530787 
 713   1264.26738851486 
 714   1274.33064048987 
 715   1262.66691647049 
 716   1424.65839760629 
 717   1640.85803736345 
 718   1645.48241273085 
 719   1647.38727073356 
 720   1674.00843848778 
 721   1688.47293018075 
 722   1711.08015070245 
 723   1745.64208075553 
 724   1796.67496442335 
 725   1782.29875934111 
 726   1588.14606733233 
 727   1520.46597586428 
 728   1580.46954937042 
 729   1594.63678579109 
 730   1647.67720369066 
 731   1688.41598511198 
 732   1703.52316855544 
 733   1746.40986308711 
 734   1803.28480855584 
 735   1850.9795749013 
 736   1882.22614637237 
 737   1910.33880158908 
 738   1953.59757093828 
 739   1996.37398401157 
 740   2036.42093993442 
 741   2100.65102982281 
 742   2144.42862361513 
 743   2165.76487022466 
 744   2187.29404156398 
 745   2202.98142381173 
 746   2225.95861221621 
 747   2254.76648657574 
 748   2273.64038612401 
 749   2277.66035455511 
 750   2275.68410399181 
 751   2271.90194631272 
 752   2260.46861005219 
 753   2238.88241756104 
 754   2238.89174123626 
 755   2254.06018244508 
 756   2239.85314622734 
 757   2227.74298482244 
 758   2228.33911434626 
 759   2236.43809434499 
 760   2250.44422052043 
 761   2262.969865435 
 762   2296.10630621604 
 763   2350.12361327156 
 764   2382.42635693387 
 765   2444.34914271684 
 766   2535.50456593245 
 767   2620.53272838851 
 768   2705.27683572918 
 769   2795.87552038212 
 770   2901.61174980457 
 771   3024.85849955493 
 772   3150.763904457 
 773   3288.92566629037 
 774   3432.9543415286 
 775   3567.84111402278 
 776   3710.34377746126 
 777   3860.15996077664 
 778   4021.88203491308 
 779   4199.04637860506 
 780   4364.58020501087 
 781   4544.54252794591 
 782   4738.01160249675 
 783   4910.45095767824 
 784   5095.43216824882 
 785   5306.20753243065 
 786   5528.52838819501 
 787   5744.10561509437 
 788   5961.41972602932 
 789   6172.80285612181 
 790   6379.99093353437 
 791   6593.75815380279 
 792   6775.30861819927 
 793   6948.0935026014 
 794   7119.08305695825 
 795   7239.73203742686 
 796   7333.42903198992 
 797   7403.50722743287 
 798   7452.87049151546 
 799   7496.57451739545 
 800   7494.46949473887 
 801   7495.16038824326 
 802   7529.32434954002 
 803   7537.69704086129 
 804   7554.42090986146 
 805   7587.12544200607 
 806   7618.16718671911 
 807   7648.47304391478 
 808   7709.16793598551 
 809   7788.953307505 
 810   7871.01293751207 
 811   7963.04853610108 
 812   8024.9101526726 
 813   8068.03939163183 
 814   8108.95239896053 
 815   8122.38355040063 
 816   8122.25934337643 
 817   8105.96422160078 
 818   8059.19297868037 
 819   7980.84178476583 
 820   7888.76248430717 
 821   7786.95575961087 
 822   7684.69010463134 
 823   7604.89848963177 
 824   7537.37380031124 
 825   7487.92866785917 
 826   7454.96100550252 
 827   7424.10179822445 
 828   7432.11633885267 
 829   7451.63641025677 
 830   7469.27425997381 
 831   7520.42499000032 
 832   7563.72798761842 
 833   7615.99316818949 
 834   7689.09079301637 
 835   7764.00670966849 
 836   7886.21124705994 
 837   8018.01728992446 
 838   8113.49606078294 
 839   8189.1063442505 
 840   8293.99830668126 
 841   8390.18534133221 
 842   8466.78133317088 
 843   8546.26247446203 
 844   8559.31654454322 
 845   8510.41117350393 
 846   8436.18627315904 
 847   8379.77116130907 
 848   8365.81230502047 
 849   8177.01722925001 
 850   7895.04252597253 
 851   7749.98993217866 
 852   7608.09697041005 
 853   7475.63041489707 
 854   7354.98213534813 
 855   7224.17708245728 
 856   7096.13949605267 
 857   6936.5560216217 
 858   6886.55583197333 
 859   6990.56345127259 
 860   7010.57034004348 
 861   6992.70221083825 
 862   6998.22581944875 
 863   7042.29633340912 
 864   7128.08790138343 
 865   7257.129353038 
 866   7416.9775532419 
 867   7603.33293299143 
 868   7805.56659253459 
 869   7964.38895199602 
 870   8132.28933723995 
 871   8309.24478304541 
 872   8430.22816294814 
 873   8512.62660669243 
 874   8537.81632828835 
 875   8547.87874621601 
 876   8553.71837885864 
 877   8434.34441217776 
 878   8282.84377630446 
 879   8112.07525395306 
 880   7895.84075212797 
 881   7691.45506807137 
 882   7497.05248603576 
 883   7296.4745116421 
 884   7124.17053412483 
 885   7039.60224440905 
 886   6998.41281646082 
 887   6989.79384039208 
 888   7020.94702210504 
 889   7096.7555830589 
 890   7220.452720623 
 891   7335.05296643467 
 892   7491.35572122882 
 893   7738.40911001918 
 894   7957.44300423837 
 895   8147.76218573787 
 896   8307.03602708163 
 897   8422.0395706345 
 898   8489.47539885206 
 899   8471.77816330595 
 900   8363.01575415513 
 901   8178.7530135056 
 902   7926.03032964969 
 903   7596.67380763536 
 904   7241.16172206228 
 905   6895.3557978471 
 906   6552.97519396236 
 907   6204.11548762876 
 908   5892.89849124326 
 909   5612.7676051789 
 910   5357.84929670321 
 911   5166.14627136032 
 912   5015.95127489201 
 913   4887.80405946504 
 914   4763.38281263342 
 915   4641.17283871014 
 916   4559.42151785413 
 917   4475.77822578066 
 918   4412.6026237187 
 919   4388.68554687501 
 920   4323.42235164073 
 921   4273.74171714875 
 922   4238.95392678443 
 923   4198.13983188421 
 924   4168.03189020685 
 925   4149.08500219471 
 926   4160.23075920506 
 927   4164.32467081071 
 928   4140.36754603764 
 929   4179.55197323836 
 930   4229.1535483023 
 931   4297.50539364749 
 932   4391.62823746921 
 933   4461.40276436612 
 934   4567.58572284615 
 935   4672.46857785637 
 936   4761.31828458052 
 937   4861.7374233973 
 938   4941.21206212035 
 939   5020.13007021099 
 940   5073.67466481133 
 941   5099.75847354803 
 942   5147.88948822201 
 943   5145.30497605208 
 944   5135.82538539159 
 945   5146.47882183415 
 946   5144.58450164542 
 947   5142.10461656958 
 948   5129.65123014075 
 949   5120.72904318728 
 950   5126.33994534139 
 951   5131.22052043364 
 952   5141.07340772806 
 953   5153.81262461236 
 954   5180.20856131958 
 955   5225.31952151753 
 956   5262.37001769591 
 957   5322.07714051985 
 958   5393.82282448228 
 959   5450.4035071458 
 960   5498.70250007468 
 961   5559.38331966336 
 962   5620.68824329259 
 963   5642.96043998281 
 964   5626.31281657713 
 965   5625.81512434184 
 966   5570.87184396429 
 967   5479.78655366024 
 968   5392.66729358943 
 969   5287.60497473218 
 970   5133.46220030546 
 971   4965.92106970646 
 972   4808.59760719317 
 973   4636.25334091118 
 974   4419.61619610117 
 975   4213.83281537238 
 976   4016.80790112126 
 977   3814.00051309934 
 978   3621.72413428645 
 979   3462.16608477706 
 980   3304.7519963471 
 981   3156.97422836189 
 982   3038.313615993 
 983   2949.0109554065 
 984   2890.33531608626 
 985   2832.68243549847 
 986   2780.91239154722 
 987   2750.91294998327 
 988   2730.46320494989 
 989   2719.10214778229 
 990   2711.72445063766 
 991   2690.36756383921 
 992   2657.84079501348 
 993   2650.95274068713 
 994   2644.56010967066 
 995   2650.40023718352 
 996   2663.99422023298 
 997   2656.66982236562 
 998   2653.61470804512 
 999   2698.12364187514 
 1000   2770.72127527773 
 1001   2829.5967512288 
 1002   2873.9287753383 
 1003   2938.57335766196 
 1004   3020.50930569478 
 1005   3099.79189436482 
 1006   3182.87019889282 
 1007   3287.08622116635 
 1008   3365.18047065064 
 1009   3477.21320476222 
 1010   3623.9551007333 
 1011   3761.35216533806 
 1012   3904.84609585721 
 1013   4031.87682051175 
 1014   4184.18040152368 
 1015   4347.75670805207 
 1016   4480.24571436574 
 1017   4620.97955850422 
 1018   4750.95709442048 
 1019   4892.81755218984 
 1020   5059.74213786331 
 1021   5238.48969871821 
 1022   5440.44884196387 
 1023   5670.03075889816 
 1024   5937.63678138169 
 1025   6245.86962216893 
 1026   6578.08129957873 
 1027   6908.87623529999 
 1028   7231.50350515491 
 1029   7596.99885508076 
 1030   7984.45889195175 
 1031   8297.69698195933 
 1032   8535.68438137035 
 1033   8712.07305785515 
 1034   8832.56370717483 
 1035   8901.92583447205 
 1036   8934.18016180425 
 1037   8948.27668517934 
 1038   8940.11496111962 
 1039   8920.7543088958 
 1040   8942.69377191701 
 1041   9056.94545018154 
 1042   9236.19381525743 
 1043   9449.71377542045 
 1044   9657.0559107268 
 1045   9926.35680869221 
 1046   10307.1755470655 
 1047   10572.3736409274 
 1048   10850.8985751348 
 1049   11007.4901567831 
 1050   10963.0804247218 
 1051   10885.4632477904 
 1052   10745.4274454339 
 1053   10581.0280643884 
 1054   10135.5360906308 
 1055   9538.29350813606 
 1056   9205.4027032647 
 1057   8858.6036628402 
 1058   8512.88582552062 
 1059   8180.68252427541 
 1060   7826.00882422097 
 1061   7478.97375691164 
 1062   7229.83242506203 
 1063   7025.00536867341 
 1064   6854.34319225015 
 1065   6712.42817879319 
 1066   6606.64939180009 
 1067   6587.99295306839 
 1068   6558.30508722315 
 1069   6604.02366920272 
 1070   6726.9478570188 
 1071   6839.37050728843 
 1072   6973.5118247923 
 1073   7127.75423264829 
 1074   7303.89785813394 
 1075   7497.55031681195 
 1076   7709.7800723196 
 1077   7942.50300732682 
 1078   8152.28664941211 
 1079   8358.26132694553 
 1080   8552.55483647502 
 1081   8715.866462944 
 1082   8856.35954867321 
 1083   8969.29422335077 
 1084   9047.7741749151 
 1085   9104.56673703477 
 1086   9121.76777579785 
 1087   9070.65581993 
 1088   8985.50515624853 
 1089   8872.85394868427 
 1090   8745.02166398306 
 1091   8595.09282565777 
 1092   8409.99311250845 
 1093   8199.96693275497 
 1094   7957.42903320266 
 1095   7704.48867345102 
 1096   7445.01168771156 
 1097   7176.62088477647 
 1098   6918.64646126168 
 1099   6674.56176515783 
 1100   6415.56362663106 
 1101   6183.68169880042 
 1102   5965.95447119283 
 1103   5723.61000367066 
 1104   5553.03425039218 
 1105   5402.35510393442 
 1106   5307.7865790312 
 1107   5230.79541697192 
 1108   5146.73373903192 
 1109   5158.5958849661 
 1110   5161.90944372494 
 1111   5214.32159004693 
 1112   5306.70496700253 
 1113   5413.82372546814 
 1114   5498.10337199585 
 1115   5495.52924726415 
 1116   6062.31571979925 
 1117   6482.35575939751 
 1118   6501.25614509821 
 1119   6616.18783880405 
 1120   6679.26632474433 
 1121   6706.7090949169 
 1122   6688.86602715124 
 1123   6731.51913523931 
 1124   6549.63746067677 
 1125   5923.59604240332 
 1126   5731.31755820408 
 1127   5606.78177434909 
 1128   5419.22345044831 
 1129   5245.45587226151 
 1130   5063.77017090657 
 1131   4870.0003107638 
 1132   4717.03445351437 
 1133   4545.65761036082 
 1134   4388.06766469815 
 1135   4257.40687850214 
 1136   4113.28513049937 
 1137   4006.19637119425 
 1138   3885.90818065133 
 1139   3785.10602648926 
 1140   3680.78100424318 
 1141   3554.01777717802 
 1142   3458.18376679588 
 1143   3354.92137829305 
 1144   3255.07584038011 
 1145   3160.16617211824 
 1146   3080.64374275915 
 1147   3027.93666028557 
 1148   2977.66093646007 
 1149   2909.85616420824 
 1150   2848.94166109344 
 1151   2794.0225053676 
 1152   2744.76468587904 
 1153   2713.35614639198 
 1154   2681.43437903322 
 1155   2632.3216773698 
 1156   2600.93496622171 
 1157   2589.76917956753 
 1158   2582.22409011286 
 1159   2583.98226727145 
 1160   2594.57349944738 
 1161   2594.88190084519 
 1162   2579.72551716178 
 1163   2570.66287542832 
 1164   2571.48405157123 
 1165   2560.27234651188 
 1166   2550.99949909651 
 1167   2551.59809508902 
 1168   2575.69214588108 
 1169   2588.56622645332 
 1170   2578.28281849656 
 1171   2595.35221991535 
 1172   2620.11865154359 
 1173   2656.95818564113 
 1174   2706.12532409872 
 1175   2743.49103575707 
 1176   2747.07583502953 
 1177   2741.56606051572 
 1178   2782.06125635682 
 1179   2817.61973581022 
 1180   2846.38136672827 
 1181   2867.16948675914 
 1182   2873.9979111153 
 1183   2893.4862718316 
 1184   2917.89768738478 
 1185   2960.25463716922 
 1186   3009.04739205416 
 1187   3048.80643418918 
 1188   3065.11496233061 
 1189   3057.55128975501 
 1190   3077.16260883615 
 1191   3095.90161717387 
 1192   3096.70945980514 
 1193   3091.2614265126 
 1194   3084.13884402049 
 1195   3061.15813538894 
 1196   3028.08805794461 
 1197   3027.84444840531 
 1198   2987.53777400767 
 1199   2941.71892234765 
 1200   2929.71854337589 
 1201   2885.03845156679 
 1202   2841.29993364303 
 1203   2789.9361516139 
 1204   2748.96441119088 
 1205   2704.42405566889 
 1206   2658.63517811262 
 1207   2635.54654682357 
 1208   2600.95282691195 
 1209   2561.43902951574 
 1210   2533.4018162719 
 1211   2508.36187448164 
 1212   2479.040335435 
 1213   2456.04423036424 
 1214   2450.99569552709 
 1215   2461.38855578613 
 1216   2436.61726280468 
 1217   2437.61020439747 
 1218   2458.78792559042 
 1219   2454.7786228702 
 1220   2466.62098941945 
 1221   2485.09502707166 
 1222   2494.73573772214 
 1223   2508.00907435543 
 1224   2536.92205163374 
 1225   2558.10255569692 
 1226   2567.16095135837 
 1227   2612.22559106436 
 1228   2641.1026380714 
 1229   2690.41705880515 
 1230   2756.65078505571 
 1231   2783.00792175085 
 1232   2781.32786732502 
 1233   2826.01946182601 
 1234   2877.56852612031 
 1235   2905.53582571366 
 1236   2956.38134968638 
 1237   2987.26776966364 
 1238   2987.03572284083 
 1239   3043.80798660349 
 1240   3135.9994985193 
 1241   3167.05675213574 
 1242   3200.22132492992 
 1243   3242.71268777386 
 1244   3254.67868188354 
 1245   3261.42261211437 
 1246   3298.57473327987 
 1247   3295.40567446704 
 1248   3262.67081322829 
 1249   3258.88275687489 
 1250   3268.37529963832 
 1251   3268.47175315952 
 1252   3277.12207626868 
 1253   3299.06408468575 
 1254   3331.50229773973 
 1255   3346.21902776953 
 1256   3371.15952433406 
 1257   3371.33868337326 
 1258   3353.63287830702 
 1259   3377.41336338203 
 1260   3398.58729382072 
 1261   3431.60468235735 
 1262   3467.16296719762 
 1263   3491.78479187323 
 1264   3522.92117685623 
 1265   3581.80857205378 
 1266   3655.82165909681 
 1267   3728.17847871358 
 1268   3824.46142379287 
 1269   3900.96473663525 
 1270   3954.33166003021 
 1271   4022.57985973271 
 1272   4113.90683059961 
 1273   4194.73149098293 
 1274   4253.508081285 
 1275   4321.50581858745 
 1276   4361.56586956914 
 1277   4435.19658807231 
 1278   4560.10613840498 
 1279   4696.10540437158 
 1280   4847.56142764967 
 1281   5023.3945956446 
 1282   5226.05775446696 
 1283   5455.36301305628 
 1284   5715.11513833363 
 1285   5980.13550703373 
 1286   6229.53675282385 
 1287   6486.03055973568 
 1288   6762.39592340001 
 1289   7020.82188787477 
 1290   7320.22509214583 
 1291   7656.4671558258 
 1292   7990.62274211394 
 1293   8315.46898523974 
 1294   8650.08270637334 
 1295   8978.36111309665 
 1296   9239.84050701184 
 1297   9524.08748900492 
 1298   9690.66861350304 
 1299   9814.40017893692 
 1300   9887.32131494896 
 1301   9836.6038912247 
 1302   9779.06881900146 
 1303   9601.52863439368 
 1304   9400.60091880874 
 1305   9156.54006910283 
 1306   8873.01696158949 
 1307   8568.94379181712 
 1308   8273.8145043469 
 1309   8011.70468173636 
 1310   7745.97452551422 
 1311   7515.45764052886 
 1312   7281.35659770123 
 1313   7059.33444655124 
 1314   6869.69046950157 
 1315   6704.91251433748 
 1316   6546.91996132986 
 1317   6384.79061260253 
 1318   6238.72703518211 
 1319   6120.13124565543 
 1320   6026.86719539058 
 1321   5934.92151305827 
 1322   5838.66857479872 
 1323   5753.69082022835 
 1324   5677.62841575837 
 1325   5595.19060724937 
 1326   5524.70240279488 
 1327   5470.58341525334 
 1328   5435.27676821215 
 1329   5380.62556737429 
 1330   5339.77719130127 
 1331   5332.24468508498 
 1332   5314.92962959532 
 1333   5328.75466785675 
 1334   5338.85220325206 
 1335   5319.94983050782 
 1336   5324.32934891512 
 1337   5360.78184796871 
 1338   5371.38017089052 
 1339   5356.03499926925 
 1340   5367.87628960363 
 1341   5380.3511250819 
 1342   5396.05856231996 
 1343   5442.87261769162 
 1344   5463.81738263676 
 1345   5465.35261325509 
 1346   5503.02618922809 
 1347   5558.68417341873 
 1348   5598.07686868945 
 1349   5656.81170826805 
 1350   5675.46312613792 
 1351   5664.7602946915 
 1352   5672.94817811433 
 1353   5693.37465691188 
 1354   5681.86018759559 
 1355   5657.01223279913 
 1356   5638.1004865816 
 1357   5584.34501863556 
 1358   5592.15080177238 
 1359   5598.12145538765 
 1360   5598.7990816085 
 1361   5585.40162191845 
 1362   5562.24245070131 
 1363   5497.68011729204 
 1364   5409.69832745058 
 1365   5393.24585919628 
 1366   5339.29688499113 
 1367   5264.86039143894 
 1368   5202.52376837383 
 1369   5144.36509751701 
 1370   5106.36364829743 
 1371   5101.16383331041 
 1372   5086.79189290576 
 1373   5053.64000816084 
 1374   5064.55761718749 
 1375   5068.77589870682 
 1376   5066.06543958631 
 1377   5080.1067374427 
 1378   5091.35801759264 
 1379   5117.41209592519 
 1380   5143.28011116838 
 1381   5117.43942249243 
 1382   5075.16178885499 
 1383   5072.0316089202 
 1384   5096.75454816294 
 1385   5075.12954085453 
 1386   5036.54293061604 
 1387   5025.60511369514 
 1388   5015.14088118781 
 1389   4974.30587101049 
 1390   4942.59005250095 
 1391   4929.70304772637 
 1392   4859.53602515701 
 1393   4823.82417122668 
 1394   4790.0927824335 
 1395   4771.73782991335 
 1396   4768.75062149238 
 1397   4786.19642556623 
 1398   4790.87184881061 
 1399   4749.16795320125 
 1400   4740.87210922605 
 1401   4796.85243412535 
 1402   4814.01582250391 
 1403   4805.52240518686 
 1404   4818.29101065976 
 1405   4863.40652256034 
 1406   4926.00720009084 
 1407   4990.67649375509 
 1408   5012.62824502237 
 1409   4997.58717609024 
 1410   5050.03773083141 
 1411   5089.71201333603 
 1412   5131.4225612452 
 1413   5152.03165798017 
 1414   5193.92403017538 
 1415   5242.62149004803 
 1416   5339.4058771158 
 1417   5469.82614839743 
 1418   5543.66579719804 
 1419   5644.1255956302 
 1420   5780.72937800716 
 1421   5894.8659645609 
 1422   6064.41775460322 
 1423   6264.96217717476 
 1424   6429.34332915071 
 1425   6627.33115483409 
 1426   6907.67518833956 
 1427   7202.3575640428 
 1428   7512.2718420815 
 1429   7890.48058795985 
 1430   8264.33113755931 
 1431   8708.88249903249 
 1432   9241.19991819944 
 1433   9824.65948476109 
 1434   10410.6066441047 
 1435   10976.9336930119 
 1436   11516.7217200464 
 1437   12026.5012128422 
 1438   12510.9526859924 
 1439   12950.6453274318 
 1440   13293.4006306668 
 1441   13534.2758471582 
 1442   13712.0640137134 
 1443   13824.6056713049 
 1444   13926.7332795985 
 1445   13981.9513672968 
 1446   13940.3526384524 
 1447   13865.8033405207 
 1448   13803.2016687744 
 1449   13718.8228037219 
 1450   13641.7983366815 
 1451   13579.4060418136 
 1452   13432.2912910652 
 1453   13324.8711291999 
 1454   13250.0963642377 
 1455   13147.5943472587 
 1456   12997.2765767391 
 1457   12847.3292852978 
 1458   12708.8275899766 
 1459   12540.8921751878 
 1460   12372.5847700415 
 1461   12164.3341127133 
 1462   11960.6720181921 
 1463   11734.6482481691 
 1464   11510.5742280705 
 1465   11288.0662745893 
 1466   11071.5438010577 
 1467   10839.4462220629 
 1468   10599.8547764472 
 1469   10366.9686222036 
 1470   10127.994632021 
 1471   9895.16921272884 
 1472   9624.64567363193 
 1473   9399.02210729824 
 1474   9153.08617413702 
 1475   8927.73440642036 
 1476   8678.96576970437 
 1477   8432.08543679286 
 1478   8194.70375962969 
 1479   7968.37853920175 
 1480   7763.47238563379 
 1481   7549.59955182618 
 1482   7330.62812319832 
 1483   7125.05995547854 
 1484   6920.25740924152 
 1485   6684.57988908546 
 1486   6495.84490267817 
 1487   6288.57481430673 
 1488   6043.77152688683 
 1489   5865.5242796356 
 1490   5691.7148541151 
 1491   5498.9873494226 
 1492   5340.96969561765 
 1493   5185.95450389307 
 1494   5060.15818979348 
 1495   4952.1283791215 
 1496   4854.04263949407 
 1497   4737.98908724984 
 1498   4677.68933219778 
 1499   4595.5529566617 
 1500   4503.80251573739 
 1501   4440.14397801091 
 1502   4381.02709579217 
 1503   4319.34310339104 
 1504   4269.57022547004 
 1505   4205.21316896208 
 1506   4143.03675231384 
 1507   4138.47879944838 
 1508   4094.09398644277 
 1509   4030.15487855763 
 1510   3988.96498407941 
 1511   3968.23167509172 
 1512   3927.78866036722 
 1513   3889.94518751179 
 1514   3826.83614604176 
 1515   3782.08313353045 
 1516   3746.88473763195 
 1517   3711.2070798851 
 1518   3698.18067379358 
 1519   3661.23899187781 
 1520   3639.20999355793 
 1521   3592.37882708508 
 1522   3575.36332380656 
 1523   3567.45949684104 
 1524   3593.33924294262 
 1525   3545.84416108588 
 1526   3518.9031419489 
 1527   3497.76801718296 
 1528   3484.49117620162 
 1529   3498.84390424924 
 1530   3491.20561691856 
 1531   3443.30655491318 
 1532   3402.41079757891 
 1533   3381.10577307472 
 1534   3347.58554037508 
 1535   3365.88321448305 
 1536   3371.56514122063 
 1537   3355.63328470229 
 1538   3401.6805569817 
 1539   3433.10959675785 
 1540   3449.16729362536 
 1541   3473.88850480052 
 1542   3478.64166734781 
 1543   3472.01932694631 
 1544   3465.34962442875 
 1545   3417.99924210206 
 1546   3356.19071188958 
 1547   3336.6449284795 
 1548   3305.92567678837 
 1549   3254.56035379517 
 1550   3212.04160621436 
 1551   3153.33057714984 
 1552   3138.48384684242 
 1553   3110.81575124594 
 1554   3081.92104727836 
 1555   3079.03199249908 
 1556   3093.13786324899 
 1557   3104.68955282503 
 1558   3122.62160535736 
 1559   3121.31176433735 
 1560   3116.94043103872 
 1561   3124.86307464568 
 1562   3104.40155394121 
 1563   3091.57112341229 
 1564   3086.69447047632 
 1565   3049.90171705095 
 1566   3041.18481878292 
 1567   3049.04246018264 
 1568   3069.43992764225 
 1569   3051.81257328959 
 1570   3088.66408806809 
 1571   3083.00071368539 
 1572   3096.10031840677 
 1573   3093.25679935744 
 1574   3086.8778650504 
 1575   3065.93900972886 
 1576   3063.76722980824 
 1577   3063.21540188839 
 1578   3025.16102312937 
 1579   3014.54427889146 
 1580   3010.8624738343 
 1581   3025.07360145321 
 1582   3000.93141725129 
 1583   3017.63691752744 
 1584   3025.55218582404 
 1585   3015.82101603556 
 1586   3055.24128335026 
 1587   3055.31262587197 
 1588   3037.14979946272 
 1589   3044.06568417027 
 1590   3043.53877943673 
 1591   3034.65953777141 
 1592   3029.5260182164 
 1593   3004.73802015339 
 1594   2993.4388438136 
 1595   3007.002285838 
 1596   3010.54486272586 
 1597   3006.40888972209 
 1598   2992.01171091399 
 1599   2988.04913523268 
 1600   3007.45374928604 
 1601   2991.25766566321 
 1602   2939.44156685531 
 1603   2926.90503613798 
 1604   2929.5429652175 
 1605   2942.77947422308 
 1606   2948.93652823409 
 1607   2951.577438356 
 1608   2931.91205915672 
 1609   2945.44727548241 
 1610   2951.41762363683 
 1611   2940.34300573486 
 1612   2927.48265970075 
 1613   2897.1417942276 
 1614   2857.76782488117 
 1615   2865.73991788766 
 1616   2898.16747238036 
 1617   2910.32892305365 
 1618   2910.64785836377 
 1619   2891.70475936606 
 1620   2895.71050441227 
 1621   2904.25262747841 
 1622   2868.53033911702 
 1623   2845.49987184325 
 1624   2826.12557350275 
 1625   2797.57734205809 
 1626   2775.53177749812 
 1627   2761.93333488136 
 1628   2753.65198911842 
 1629   2751.88274040274 
 1630   2741.10542012643 
 1631   2729.72580868671 
 1632   2708.13712915445 
 1633   2711.06235734114 
 1634   2720.37098916965 
 1635   2696.08833822538 
 1636   2716.2501377064 
 1637   2726.02082327844 
 1638   2707.47545963431 
 1639   2700.2323952257 
 1640   2671.35596154134 
 1641   2642.99842487988 
 1642   2650.2734689092 
 1643   2635.11258607696 
 1644   2578.68925323527 
 1645   2555.68182968797 
 1646   2551.59636826508 
 1647   2590.71458660058 
 1648   2575.35480056285 
 1649   2546.50917751137 
 1650   2515.94199848165 
 1651   2511.04709014827 
 1652   2503.09918286359 
 1653   2475.82712253161 
 1654   2428.73339727264 
 1655   2433.60126710935 
 1656   2426.1615178518 
 1657   2431.66023316771 
 1658   2413.37587752805 
 1659   2400.68221669255 
 1660   2411.65942210996 
 1661   2408.34809985569 
 1662   2404.53382470848 
 1663   2405.45141383732 
 1664   2387.35593003469 
 1665   2365.26094260295 
 1666   2354.70231239579 
 1667   2352.60839094516 
 1668   2353.55455593458 
 1669   2346.74554901985 
 1670   2321.33094134444 
 1671   2315.89079719165 
 1672   2348.92036447756 
 1673   2362.54735724905 
 1674   2339.83302055998 
 1675   2333.8499976879 
 1676   2339.95518764822 
 1677   2332.52485951662 
 1678   2337.83401222564 
 1679   2288.32768506745 
 1680   2266.92640047492 
 1681   2264.977036769 
 1682   2265.47332333679 
 1683   2223.62965054287 
 1684   2218.65214473225 
 1685   2189.44271891044 
 1686   2192.05605492382 
 1687   2188.84972547268 
 1688   2191.0325519856 
 1689   2158.29795565212 
 1690   2154.19712435972 
 1691   2155.31107601549 
 1692   2164.07751216522 
 1693   2165.17224909876 
 1694   2147.91714502532 
 1695   2125.8636587783 
 1696   2108.5822892813 
 1697   2112.73185228168 
 1698   2080.06920498582 
 1699   2046.90962864288 
 1700   2010.3399279792 
 1701   2027.66840667641 
 1702   2022.43661163841 
 1703   2033.43782358859 
 1704   2004.3296104176 
 1705   2009.03588484246 
 1706   2003.5431087456 
 1707   1984.91522208783 
 1708   1960.55171201043 
 1709   1939.96463677492 
 1710   1911.90453703765 
 1711   1896.3713021627 
 1712   1871.13367232686 
 1713   1860.46272236653 
 1714   1884.82608982781 
 1715   1869.5098638159 
 1716   1864.80401741438 
 1717   1871.97525329154 
 1718   1868.88252254409 
 1719   1864.15750108374 
 1720   1854.93341583375 
 1721   1846.67664045331 
 1722   1841.50901744483 
 1723   1832.11755478483 
 1724   1803.29927563677 
 1725   1787.24774483264 
 1726   1784.50906392658 
 1727   1773.44592936715 
 1728   1752.86743610056 
 1729   1729.39177146546 
 1730   1684.58877894015 
 1731   1664.80820311513 
 1732   1651.69775656382 
 1733   1630.66485351098 
 1734   1625.6568632959 
 1735   1610.15622483915 
 1736   1619.55437946112 
 1737   1654.28151703396 
 1738   1664.58540186479 
 1739   1657.49375289918 
 1740   1635.44094095193 
 1741   1622.06100484445 
 1742   1604.05340406248 
 1743   1600.05643159523 
 1744   1585.14758263915 
 1745   1572.96403302517 
 1746   1577.88356798891 
 1747   1585.65925668995 
 1748   1584.80507737899 
 1749   1567.29222568091 
 1750   1550.62645691975 
 1751   1549.88844205143 
 1752   1538.81612081639 
 1753   1519.04732771159 
 1754   1516.60330599828 
 1755   1497.81815784014 
 1756   1505.86798377435 
 1757   1508.07609467294 
 1758   1481.66943940344 
 1759   1487.9242071577 
 1760   1492.0455698272 
 1761   1472.78475063045 
 1762   1467.47754978857 
 1763   1468.72256942022 
 1764   1453.2644473036 
 1765   1449.18711502793 
 1766   1428.23753222862 
 1767   1405.88874168214 
 1768   1395.69276098241 
 1769   1400.88309957961 
 1770   1395.69538742386 
 1771   1372.23660946641 
 1772   1366.07081225675 
 1773   1372.03013023646 
 1774   1384.14359221739 
 1775   1409.68330178021 
 1776   1399.61288570237 
 1777   1401.10003373931 
 1778   1418.8464841958 
 1779   1425.7645017313 
 1780   1413.13276048619 
 1781   1403.22035162745 
 1782   1386.82223477261 
 1783   1372.51415984305 
 1784   1366.19228771672 
 1785   1354.23068602982 
 1786   1342.68401302321 
 1787   1351.95151485892 
 1788   1358.44285441956 
 1789   1352.93512899986 
 1790   1351.75093831469 
 1791   1346.69917028275 
 1792   1339.42312515472 
 1793   1337.64749645232 
 1794   1317.85887208678 
 1795   1288.41534534996 
 1796   1278.23980282258 
 1797   1267.61336397238 
 1798   1237.1919503115 
 1799   1235.26355394012 
 1800   1232.00229756559 
 1801   1227.1034405899 
 1802   1224.56632966702 
 1803   1225.04223102844 
 1804   1224.07029414016 
 1805   1239.73430446092 
 1806   1245.2110454752 
 1807   1236.65592306674 
 1808   1240.83172188575 
 1809   1245.9194697127 
 1810   1214.49943782245 
 1811   1201.04474385538 
 1812   1212.87640833122 
 1813   1208.36012472304 
 1814   1205.01926858917 
 1815   1201.12493101407 
 1816   1199.02729301171 
 1817   1209.54627705131 
 1818   1210.92592250873 
 1819   1184.91653223473 
 1820   1182.13170064817 
 1821   1195.43770812738 
 1822   1190.3424125325 
 1823   1206.69909564816 
 1824   1232.58954449082 
 1825   1224.1276891664 
 1826   1232.0106497901 
 1827   1246.07076163922 
 1828   1241.68516934429 
 1829   1237.37323896375 
 1830   1247.10380411926 
 1831   1237.60225932268 
 1832   1239.14767842186 
 1833   1218.91832999065 
 1834   1182.41884652765 
 1835   1187.03725280184 
 1836   1162.57059762985 
 1837   1135.42779836186 
 1838   1131.75674288498 
 1839   1113.18574758467 
 1840   1115.23716685141 
 1841   1108.08751915677 
 1842   1128.18513986744 
 1843   1167.95401426728 
 1844   1155.90574414525 
 1845   1149.16260200754 
 1846   1142.46594759662 
 1847   1146.64890911742 
 1848   1149.22057261993 
 1849   1129.02926739818 
 1850   1106.29874482021 
 1851   1102.87464524092 
 1852   1115.59054096169 
 1853   1124.52658009529 
 1854   1128.00683278254 
 1855   1116.07665274057 
 1856   1116.05004890795 
 1857   1110.23837684141 
 1858   1095.9510434696 
 1859   1113.34647021475 
 1860   1105.09882863592 
 1861   1109.73427042536 
 1862   1107.42026500221 
 1863   1110.16883563594 
 1864   1110.836081577 
 1865   1121.8710483839 
 1866   1110.81507951669 
 1867   1100.83904556087 
 1868   1103.08356472071 
 1869   1091.8721806975 
 1870   1074.15684309801 
 1871   1086.50920896303 
 1872   1071.3400553307 
 1873   1056.95684385765 
 1874   1055.47684818614 
 1875   1016.92186965726 
 1876   1029.1860146365 
 1877   1031.99372740377 
 1878   1015.98562833671 
 1879   1029.81319537888 
 1880   1039.48474843185 
 1881   1050.28656543955 
 1882   1067.91775266197 
 1883   1038.11334378145 
 1884   1032.87110884002 
 1885   1014.49577418755 
 1886   1002.37040594092 
 1887   993.850711539934 
 1888   994.778992229356 
 1889   997.550943106095 
 1890   1009.3363726351 
 1891   1022.48432657739 
 1892   1040.24168503158 
 1893   1055.96146193876 
 1894   1058.00870080856 
 1895   1058.75198200691 
 1896   1052.84534283447 
 1897   1047.60580397654 
 1898   1043.33524733514 
 1899   1023.4110636169 
 1900   995.098687519952 
 1901   981.974682043319 
 1902   970.596394519769 
 1903   970.830781039277 
 1904   962.793474340825 
 1905   954.783896386017 
 1906   980.391586031808 
 1907   987.744489969168 
 1908   986.618220378157 
 1909   950.230062451643 
 1910   936.057540002894 
 1911   918.231216751709 
 1912   906.436465699132 
 1913   895.673893136473 
 1914   880.665652766212 
 1915   899.825599234885 
 1916   914.382099344928 
 1917   906.320349190597 
 1918   924.716725642888 
 1919   932.436181623557 
 1920   949.05262034799 
 1921   960.238954009553 
 1922   948.525623952851 
 1923   953.013004646359 
 1924   941.717723645686 
 1925   922.658079644352 
 1926   906.137645362156 
 1927   880.926399472647 
 1928   878.001519011666 
 1929   878.403633716007 
 1930   875.581557296088 
 1931   892.076573260405 
 1932   856.957914036182 
 1933   850.553126351301 
 1934   854.767255657751 
 1935   834.462912636396 
 1936   823.238311010766 
 1937   822.348050695497 
 1938   820.637487442064 
 1939   847.735942192556 
 1940   822.751835625081 
 1941   802.735347814338 
 1942   798.74107153202 
 1943   810.038094372457 
 1944   813.600920215322 
 1945   805.621332127703 
 1946   790.709719292438 
 1947   794.728392709771 
 1948   797.994755757889 
 1949   796.581824717556 
 1950   772.931095565424 
 1951   763.519594346538 
 1952   774.262850569263 
 1953   761.786722836368 
 1954   778.046303940669 
 1955   753.740170892814 
 1956   749.125973078231 
 1957   746.105304194941 
 1958   716.63511941816 
 1959   707.901498350352 
 1960   722.498544492735 
 1961   720.532716995474 
 1962   727.632209150518 
 1963   740.955162825236 
 1964   749.435195116549 
 1965   770.526471723511 
 1966   753.715522295271 
 1967   741.743760611634 
 1968   763.667363831551 
 1969   763.939547594731 
 1970   735.59839608909 
 1971   725.572694104435 
 1972   720.716927118079 
 1973   726.575654055039 
 1974   705.482092500622 
 1975   690.182050446292 
 1976   686.392390865646 
 1977   704.410827718944 
 1978   709.375604382477 
 1979   699.315153847049 
 1980   681.075761538798 
 1981   681.142563828345 
 1982   671.272182182834 
 1983   679.483184902527 
 1984   662.738349760231 
 1985   673.066573731574 
 1986   691.570252386286 
 1987   689.722786914812 
 1988   673.183476631016 
 1989   677.297803091663 
 1990   672.995830524615 
 1991   667.5013974371 
 1992   652.29931655975 
 1993   654.524826455285 
 1994   656.902409306958 
 1995   661.510207082234 
 1996   631.191078210244 
 1997   641.239990382331 
 1998   626.247683174847 
 1999   616.317170059833 
 2000   613.221321669193 
 2001   611.857146022751 
 2002   618.159816138308 
 2003   594.845608785249 
 2004   593.859612838773 
 2005   586.090145034496 
 2006   554.748993477433 
 2007   565.249317639675 
 2008   549.797049441622 
 2009   543.783265056279 
 2010   537.653067088316 
 2011   524.779125082244 
 2012   552.025582529445 
 2013   543.808601243361 
 2014   532.927119394722 
 2015   519.631500348411 
 2016   520.029284424095 
 2017   524.092115678795 
 2018   525.086751682757 
 2019   505.838442634997 
 2020   534.957860697679 
 2021   543.024877957883 
 2022   553.471868702043 
 2023   555.082776689845 
 2024   544.051397322951 
 2025   572.83652571998 
 2026   546.720192404758 
 2027   537.263896416198 
 2028   525.777925628906 
 2029   508.72800445317 
 2030   509.823197674662 
 2031   507.096864594336 
 2032   483.970355047415 
 2033   473.635747661411 
 2034   461.07512908376 
 2035   490.452847966808 
 2036   486.67045783309 
 2037   468.177171917133 
 2038   462.809047054838 
 2039   475.430799533371 
 2040   472.362621885291 
 2041   467.045497467656 
 2042   456.868518507756 
 2043   462.429480199794 
 2044   439.920299188882 
 2045   438.202542852024 
 2046   437.209016756903 
 2047   416.471885455985 
 2048   410.300114451716 
 2049   419.073704353683 
 2050   414.555577990222 
 2051   426.310641560743 
 2052   422.377152284391 
 2053   440.388640823466 
 2054   449.588348143988 
 2055   411.44302339216 
 2056   421.262712899221 
 2057   411.200383767935 
 2058   394.210610776863 
 2059   371.728883138111 
 2060   366.470825485562 
 2061   358.179342128647 
 2062   374.221482434578 
 2063   373.358784950353 
 2064   362.291760973419 
 2065   356.286998844163 
 2066   355.276798703739 
 2067   367.701480308937 
 2068   359.360852009211 
 2069   343.992215339001 
 2070   341.081363800918 
 2071   365.32884079118 
 2072   359.02654517138 
 2073   346.718318278455 
 2074   332.827748655323 
 2075   331.592868988257 
 2076   332.700724143519 
 2077   333.210095755875 
 2078   329.532814889848 
 2079   344.127779990668 
 2080   345.619151678291 
 2081   344.979554602884 
 2082   369.034070210758 
 2083   378.265233200736 
 2084   362.761020815824 
 2085   363.497013918146 
 2086   370.969913485151 
 2087   384.088094385615 
 2088   382.675290623601 
 2089   372.010608462754 
 2090   383.715850178391 
 2091   369.226044885236 
 2092   366.978097182823 
 2093   367.596506826768 
 2094   359.290299813604 
 2095   347.068864608459 
 2096   350.894320837974 
 2097   354.770176040752 
 2098   353.442617044375 
 2099   363.781457542617 
 2100   378.120281991512 
 2101   963.773377756488 
 2102   922.768116778841 
 2103   954.324304867272 
 2104   940.506382475366 
 2105   925.828896157093 
 2106   982.286789781448 
 2107   429.926795045891 
 2108   372.554431510312 
 2109   349.858487892425 
 2110   387.824213204977 
 2111   393.200180780376 
 2112   331.565158917855 
 2113   324.981502121659 
 2114   307.650862525139 
 2115   310.630446382526 
 2116   271.961149813516 
 2117   265.867321683411 
 2118   284.680858976923 
 2119   303.765259979958 
 2120   284.318945993251 
 2121   316.744606480462 
 2122   340.400637596781 
 2123   326.89407639223 
 2124   328.839775702449 
 2125   339.296820235999 
 2126   354.559241241161 
 2127   332.158369377851 
 2128   294.386137540246 
 2129   280.479293224579 
 2130   289.384619272781 
 2131   261.203800292546 
 2132   285.101123465105 
 2133   259.235010727143 
 2134   254.501508396614 
 2135   271.869393995705 
 2136   259.487186680353 
 2137   261.137006886589 
 2138   195.956791565582 
 2139   221.316969719177 
 2140   231.994505918921 
 2141   240.245825279919 
 2142   242.266659666249 
 2143   264.99687597497 
 2144   303.14065675194 
 2145   282.721785451515 
 2146   284.474164180525 
 2147   265.038627367739 
 2148   258.059639583866 
 2149   250.064175105709 
 2150   231.859316539363 
 2151   230.575469840309 
 2152   234.006347658608 
 2153   240.621849622102 
 2154   258.726479384365 
 2155   242.219086458724 
 2156   249.74643709894 
 2157   250.892968094705 
 2158   252.57721481735 
 2159   256.233008571185 
 2160   239.895008803998 
 2161   258.976987780159 
 2162   246.710545110994 
 2163   244.173745585135 
 2164   250.768846874565 
 2165   223.036092825708 
 2166   241.822307315442 
 2167   239.750379923364 
 2168   233.214245036071 
 2169   244.882746075022 
 2170   233.319285575772 
 2171   264.05824607441 
 2172   262.657568581727 
 2173   262.179793703179 
 2174   261.25569343832 
 2175   268.47489918269 
 2176   266.913639207396 
 2177   267.762418040748 
 2178   260.281078638077 
 2179   250.967535603156 
 2180   259.349248794723 
 2181   259.43139521282 
 2182   239.677965308834 
 2183   210.620722699874 
 2184   220.38041224129 
 2185   236.19688375449 
 2186   226.460585805896 
 2187   230.994747578433 
 2188   258.846139204295 
 2189   262.887439599627 
 2190   233.014725924458 
 2191   236.053244619808 
 2192   229.987886157009 
 2193   226.191250011835 
 2194   230.637944054393 
 2195   239.950430328451 
 2196   243.05098562417 
 2197   235.30380152452 
 2198   249.660243573271 
 2199   267.192714115061 
 2200   268.937100426207 
 2201   275.794717147128 
 2202   279.429527472219 
 2203   272.601272290845 
 2204   288.677936668578 
 2205   279.343886550762 
 2206   265.18566591424 
 2207   266.558324322501 
 2208   256.462558346038 
 2209   236.583893760457 
 2210   217.454497876607 
 2211   216.887623310407 
 2212   223.525298376868 
 2213   248.611719902858 
 2214   234.143377023422 
 2215   236.474614972821 
 2216   240.553306364339 
 2217   224.536087444421 
 2218   228.620039843373 
 2219   206.661826300871 
 2220   236.719797370565 
 2221   237.448174814483 
 2222   228.852679135679 
 2223   236.37933793096 
 2224   238.47354482137 
 2225   236.119664024541 
 2226   238.144029902082 
 2227   268.377097339872 
 2228   279.382626165041 
 2229   265.966029924281 
 2230   229.77549711626 
 2231   244.270736031165 
 2232   137.422273520532 
 2233   693.672867428227 
 2234   1021.65236982156 
 2235   983.959463843836 
 2236   961.549784006149 
 2237   949.742797257048 
 2238   973.139794703611 
 2239   729.638998308412 
 2240   265.061624359706 
 2241   225.141363849342 
 2242   235.803325882067 
 2243   226.338933079008 
 2244   234.059388413844 
 2245   250.26697325759 
 2246   231.623599119487 
 2247   250.350741341315 
 2248   233.095150556075 
 2249   218.123542058791 
 2250   228.383298809277 
 2251   208.402700366552 
 2252   201.255546764295 
 2253   205.157942370467 
 2254   200.897265097378 
 2255   222.769250822958 
 2256   201.68528932859 
 2257   201.826090138466 
 2258   229.20857100843 
 2259   205.928452446264 
 2260   188.051971776746 
 2261   174.634397549339 
 2262   188.60555522454 
 2263   198.028066624456 
 2264   187.390379201331 
 2265   198.99762859382 
 2266   164.75010747405 
 2267   157.351801071154 
 2268   152.943645761709 
 2269   147.100960125338 
 2270   120.893928414361 
 2271   116.957197285443 
 2272   164.925902283458 
 2273   168.844217799796 
 2274   139.726325848948 
 2275   163.11322981216 
 2276   158.693676022207 
 2277   152.875222827065 
 2278   157.261046131995 
 2279   145.474187573177 
 2280   160.115197527314 
 2281   142.342329952982 
 2282   169.827396163182 
 2283   186.354350211116 
 2284   185.762672734447 
 2285   197.520999021645 
 2286   178.882240376665 
 2287   178.514254585932 
 2288   193.176187586349 
 2289   175.017410393774 
 2290   172.789198871057 
 2291   178.754207567922 
 2292   197.174427693715 
 2293   212.854709228249 
 2294   190.847915753793 
 2295   165.619783677615 
 2296   163.14406142139 
 2297   175.835261843642 
 2298   163.666706185067 
 2299   153.186153036596 
 2300   162.673679816923 
 2301   184.041504960091 
 2302   178.994907741445 
 2303   167.32091023014 
 2304   189.881269455239 
 2305   175.877061436343 
 2306   168.816969250162 
 2307   196.403829946486 
 2308   170.495418157784 
 2309   163.325386381021 
 2310   137.532833922307 
 2311   124.380991613207 
 2312   125.301534115011 
 2313   115.819865942983 
 2314   134.412492625966 
 2315   140.483023736024 
 2316   126.858069936789 
 2317   147.857969735817 
 2318   140.993823887753 
 2319   144.799625669229 
 2320   139.903209572065 
 2321   123.213441817582 
 2322   152.655765545328 
 2323   177.755050495671 
 2324   201.156465678121 
 2325   201.329787895645 
 2326   218.061547334549 
 2327   229.574414796578 
 2328   200.621488934149 
 2329   161.773149598634 
 2330   145.243248534207 
 2331   132.743177196257 
 2332   132.994711650309 
 2333   134.605332287174 
 2334   154.408831184849 
 2335   133.231373304645 
 2336   137.961717774775 
 2337   152.696649768089 
 2338   155.333910585717 
 2339   162.230337872517 
