05-29-2020  12:04:08
Wavenumber (cm-1)  CCD Output
 251   1781.93008016235 
 252   1817.79176844584 
 253   1853.2059348567 
 254   1879.77796720734 
 255   1896.24004719215 
 256   1908.92516638625 
 257   1925.64744611936 
 258   1934.77075982819 
 259   1933.49189036338 
 260   1933.81902352322 
 261   1935.62243385512 
 262   1936.95877363225 
 263   1939.99639195954 
 264   1949.33761803941 
 265   1962.41135034489 
 266   1966.02066052278 
 267   1970.2568216179 
 268   1985.89298095369 
 269   2002.44388369721 
 270   2019.8016756559 
 271   2039.34578978534 
 272   2050.08303348549 
 273   2060.82660370753 
 274   2085.33055383528 
 275   2111.42922396261 
 276   2136.63963883661 
 277   2165.22102060456 
 278   2188.04696656787 
 279   2209.840481825 
 280   2241.83507135452 
 281   2264.32350550738 
 282   2284.00185687417 
 283   2326.87753085627 
 284   2351.26164475326 
 285   2346.65796812965 
 286   2354.31927362096 
 287   2378.22091830507 
 288   2406.6802438587 
 289   2426.41934943891 
 290   2435.2385111741 
 291   2446.07730649447 
 292   2479.3126644652 
 293   2495.45577568809 
 294   2479.61274546284 
 295   2489.66540684309 
 296   2501.12904711781 
 297   2478.15990595206 
 298   2442.63373368392 
 299   2418.49891963737 
 300   2409.26738490025 
 301   2383.54222891324 
 302   2335.89874429228 
 303   2280.9992836375 
 304   2236.83794447103 
 305   2197.48788140736 
 306   2155.62661997881 
 307   2136.69232122549 
 308   2127.76326128509 
 309   2099.29169956405 
 310   2060.3978883779 
 311   2029.37385957947 
 312   2014.9470113077 
 313   1993.12520085274 
 314   1963.35182387687 
 315   1941.62345112885 
 316   1919.40831637276 
 317   1894.85798482908 
 318   1873.36099735622 
 319   1849.94999453242 
 320   1833.61729173612 
 321   1837.43802982293 
 322   1833.70462730683 
 323   1819.75316344849 
 324   1819.90049293819 
 325   1828.87434717071 
 326   1843.45087670707 
 327   1866.26055617506 
 328   1881.80913017735 
 329   1893.55484430289 
 330   1920.48381251599 
 331   1935.78767355717 
 332   1939.6346508295 
 333   1968.65760254722 
 334   2017.17096368089 
 335   2071.43978328945 
 336   2124.57461552752 
 337   2173.92560223273 
 338   2220.87414595194 
 339   2271.22481060428 
 340   2335.40140155231 
 341   2410.63361398396 
 342   2480.66747092859 
 343   2551.98753948296 
 344   2624.94251124678 
 345   2688.39605606261 
 346   2761.20136627037 
 347   2848.7442071968 
 348   2931.65640474641 
 349   3018.09082498073 
 350   3113.80115071486 
 351   3212.04315420021 
 352   3321.77816697653 
 353   3444.60577004876 
 354   3568.05373515147 
 355   3692.18163992829 
 356   3806.87148883525 
 357   3892.70577816199 
 358   3978.65594351531 
 359   4072.39512676148 
 360   4143.71564610549 
 361   4210.16320900123 
 362   4269.27088674204 
 363   4283.51158300071 
 364   4266.20496721079 
 365   4241.98281045712 
 366   4223.85294433547 
 367   4201.5425213236 
 368   4162.21395549141 
 369   4104.27479577305 
 370   4053.28627109999 
 371   4004.49079600675 
 372   3926.96023701211 
 373   3867.80934371081 
 374   3844.54778573266 
 375   3820.72966884747 
 376   3777.73553369342 
 377   3741.51716108944 
 378   3756.09658217866 
 379   3774.56752633981 
 380   3795.7811320916 
 381   3866.68890267541 
 382   3952.3534732529 
 383   4033.63214344541 
 384   4128.67505796599 
 385   4264.04921048942 
 386   4431.65718956657 
 387   4604.84485006266 
 388   4801.74121236063 
 389   5024.83996082254 
 390   5255.31868623098 
 391   5475.22192353231 
 392   5690.34150359162 
 393   5913.8068087447 
 394   6127.84848958922 
 395   6311.31966875563 
 396   6462.49670170877 
 397   6619.65814271332 
 398   6749.104111545 
 399   6796.69279247901 
 400   6781.12598063058 
 401   6714.33751344123 
 402   6597.94474384552 
 403   6433.80452429174 
 404   6221.7715827468 
 405   5968.10984693379 
 406   5689.74847421739 
 407   5373.00232194503 
 408   5014.0557581796 
 409   4651.25255608443 
 410   4309.11438475546 
 411   3996.36953586975 
 412   3707.9729222234 
 413   3429.2814872888 
 414   3170.69860137034 
 415   2968.40465193254 
 416   2788.23704188374 
 417   2618.4420050687 
 418   2492.6208850539 
 419   2387.85528606137 
 420   2286.86917355387 
 421   2196.26776789525 
 422   2118.34786653439 
 423   2068.95324405354 
 424   2059.25080655415 
 425   2038.8210054731 
 426   2008.72549561815 
 427   2002.62419752337 
 428   1995.49157091053 
 429   2006.8661528891 
 430   2059.52550669893 
 431   2091.12569726836 
 432   2110.54053941156 
 433   2148.28639664687 
 434   2175.06743095325 
 435   2208.25896001107 
 436   2259.70437406962 
 437   2288.32842138814 
 438   2317.3427261423 
 439   2359.63588690659 
 440   2375.07479818112 
 441   2385.01291082699 
 442   2396.49072881062 
 443   2379.82132714288 
 444   2369.89341116697 
 445   2368.28248950807 
 446   2336.38685189082 
 447   2307.075881148 
 448   2278.87480646296 
 449   2215.53389526942 
 450   2125.90001225455 
 451   2047.94114263483 
 452   2010.53960179523 
 453   1980.24623948639 
 454   1923.26249786985 
 455   1840.50815867368 
 456   1784.94707479936 
 457   1740.40187756127 
 458   1690.19663840566 
 459   1675.93975975062 
 460   1687.22290427987 
 461   1693.19184811039 
 462   1675.38320125819 
 463   1653.44071569187 
 464   1646.9858779048 
 465   1657.16526007629 
 466   1667.95691647511 
 467   1682.38493063025 
 468   1713.15690458677 
 469   1738.2094460123 
 470   1764.1264253676 
 471   1806.36825041039 
 472   1840.69902492974 
 473   1878.1297266241 
 474   1938.96254866436 
 475   2012.99233696892 
 476   2080.20424303199 
 477   2138.30712638046 
 478   2208.26454293944 
 479   2265.99504555772 
 480   2303.60330206311 
 481   2346.85736606303 
 482   2395.51917229533 
 483   2427.96454634611 
 484   2426.42073340526 
 485   2423.99026432399 
 486   2416.86868568492 
 487   2384.70094370031 
 488   2348.88738697451 
 489   2311.91310117967 
 490   2266.88377842616 
 491   2217.07377726473 
 492   2173.03123138554 
 493   2135.06993405258 
 494   2088.14687738728 
 495   2031.47025415792 
 496   1982.58024066942 
 497   1960.35139596371 
 498   1937.18498279721 
 499   1904.11038807328 
 500   1873.84293386477 
 501   1851.50202134801 
 502   1832.35892343986 
 503   1816.53766894812 
 504   1818.77239147193 
 505   1814.91058215334 
 506   1790.75442633875 
 507   1769.44534674015 
 508   1749.59673648983 
 509   1727.80229524538 
 510   1705.54456807415 
 511   1674.22253684216 
 512   1641.11599617657 
 513   1616.15409991835 
 514   1580.99755670304 
 515   1559.90115250354 
 516   1570.83151100098 
 517   1572.10234024622 
 518   1564.89753735601 
 519   1568.4610027008 
 520   1591.85277198927 
 521   1618.80569848398 
 522   1634.3082617562 
 523   1641.92838829503 
 524   1673.95248947398 
 525   1716.61150494922 
 526   1743.54439935503 
 527   1783.00499466543 
 528   1833.05300736571 
 529   1879.80437120538 
 530   1923.97607269608 
 531   1976.19975715128 
 532   2047.7822593178 
 533   2141.39181005262 
 534   2237.91304512103 
 535   2327.45258254406 
 536   2413.35984767206 
 537   2502.47047674807 
 538   2603.4694677232 
 539   2707.30408318607 
 540   2782.21721499939 
 541   2862.47143738583 
 542   2960.79795872725 
 543   3037.43967407042 
 544   3090.07100716059 
 545   3127.18045469682 
 546   3151.94153987428 
 547   3154.02532481614 
 548   3131.85557238959 
 549   3102.06360439471 
 550   3090.80738542353 
 551   3048.79975526101 
 552   2957.23154033075 
 553   2866.63935970323 
 554   2788.17338670797 
 555   2703.35407177171 
 556   2598.91649430119 
 557   2513.13886719261 
 558   2440.12730379288 
 559   2356.47128771043 
 560   2266.95655866115 
 561   2197.44165395605 
 562   2144.67423264633 
 563   2075.80780984155 
 564   2011.16684351621 
 565   1964.97012104558 
 566   1931.28225908072 
 567   1896.24372679876 
 568   1865.71845224202 
 569   1846.82011250914 
 570   1829.48596708401 
 571   1798.48673931273 
 572   1764.70026863677 
 573   1754.09857965407 
 574   1746.65907914865 
 575   1733.61971252493 
 576   1729.0848612669 
 577   1757.13782971105 
 578   1794.33001812228 
 579   1827.61145155145 
 580   1883.69599849307 
 581   1968.72120448351 
 582   2079.8838316365 
 583   2216.44122719468 
 584   2388.30760136912 
 585   2602.37676368178 
 586   2864.21823072957 
 587   3181.49337748299 
 588   3560.07405435097 
 589   4007.63211898073 
 590   4530.89619397569 
 591   5123.70952162493 
 592   5770.42632521416 
 593   6441.97815599643 
 594   7096.19694831623 
 595   7722.61814676137 
 596   8308.87870031207 
 597   8818.07630465012 
 598   9200.17918919381 
 599   9441.80912280738 
 600   9543.09533091219 
 601   9468.01090825649 
 602   9239.22209061301 
 603   8889.96127735275 
 604   8422.31870397134 
 605   7840.24919790863 
 606   7183.81872777183 
 607   6510.3822383164 
 608   5837.69941183157 
 609   5167.20858684008 
 610   4537.80594871428 
 611   4021.98717137132 
 612   3518.30578437896 
 613   3026.74484894355 
 614   2654.846828366 
 615   2366.00483313237 
 616   2125.92719445402 
 617   1926.65308545087 
 618   1772.15525597037 
 619   1654.28943054913 
 620   1563.79063129764 
 621   1493.88578003517 
 622   1435.59860554829 
 623   1395.8674334628 
 624   1379.00684124206 
 625   1367.4952212132 
 626   1349.38147470491 
 627   1329.86699561605 
 628   1317.20347744534 
 629   1285.31601823126 
 630   1241.21384337498 
 631   1204.61120594369 
 632   1175.23551813342 
 633   1162.79399589054 
 634   1154.52899721351 
 635   1128.10304331886 
 636   1113.6249949532 
 637   1108.96991156053 
 638   1107.10170095134 
 639   1129.24013304649 
 640   1155.33959031933 
 641   1168.37264207073 
 642   1166.2959714006 
 643   1142.21188924329 
 644   1127.69755619668 
 645   1136.67481175377 
 646   1130.70543091926 
 647   1129.36505822485 
 648   1142.68417276677 
 649   1154.96558909532 
 650   1156.87444255749 
 651   1164.77497077108 
 652   1192.5020088333 
 653   1229.96343773507 
 654   1260.25366769476 
 655   1286.35182948247 
 656   1322.15504854529 
 657   1365.98362330519 
 658   1411.4293569376 
 659   1456.5804806192 
 660   1504.69283149677 
 661   1551.39093314454 
 662   1585.68465566516 
 663   1605.96543069647 
 664   1634.58152598091 
 665   1687.2189276609 
 666   1719.65865161793 
 667   1684.22950363284 
 668   1692.85552301189 
 669   1726.04676862004 
 670   1731.07481886114 
 671   1746.32096316236 
 672   1759.35254137128 
 673   1760.97575523041 
 674   1751.62641418965 
 675   1715.09256359323 
 676   1684.08906788226 
 677   1674.95681406135 
 678   1660.68013233137 
 679   1647.38753895278 
 680   1613.2718905046 
 681   1554.62160757023 
 682   1529.94059001065 
 683   1486.77606446927 
 684   1484.70204705208 
 685   1512.69512872392 
 686   1048.29545536952 
 687   626.376803083831 
 688   658.986679365597 
 689   636.211393222809 
 690   614.934029349942 
 691   618.591935263832 
 692   591.47085947187 
 693   600.319583049719 
 694   514.985005618312 
 695   582.191023747914 
 696   1110.17940034081 
 697   1267.6575041603 
 698   1161.40370745999 
 699   1168.25881391461 
 700   1156.61278314856 
 701   1130.58165923677 
 702   1102.6875789767 
 703   1068.86616730748 
 704   1048.49426863439 
 705   1036.56240194638 
 706   1029.02910596673 
 707   1027.58388266351 
 708   1019.05040950935 
 709   1007.49783325087 
 710   997.142528778976 
 711   984.099500931828 
 712   986.745034404637 
 713   1006.69094682813 
 714   1012.15158004187 
 715   986.994917361391 
 716   1149.90772965956 
 717   1353.26073487649 
 718   1351.54293430466 
 719   1494.63196838373 
 720   986.149286378489 
 721   27.6812287744119 
 722  -3.36136588935829 
 723   117.377495400291 
 724   112.163763413762 
 725   135.175133198941 
 726   148.050702081705 
 727   188.711856990344 
 728   93.2920376060868 
 729   46.4843710845887 
 730   878.630282393928 
 731   1404.26832831441 
 732   1273.57423599752 
 733   1282.52529580915 
 734   1324.80278185936 
 735   1346.22890230013 
 736   1359.83142741373 
 737   1358.6782680601 
 738   1364.60854847647 
 739   1377.35548501931 
 740   1393.16643840917 
 741   1416.85584505473 
 742   1418.13092501463 
 743   1411.19443483535 
 744   1420.07315762564 
 745   1425.61460445462 
 746   1437.22080402035 
 747   1462.2618253 
 748   1484.09637299534 
 749   1470.446230384 
 750   1466.1001928141 
 751   1484.78882301649 
 752   1489.18340889131 
 753   1474.741614821 
 754   1467.88277525575 
 755   1472.15804138767 
 756   1455.03309335356 
 757   1405.22803149301 
 758   1370.71101706625 
 759   1369.0324436828 
 760   1348.82115125348 
 761   1312.79167760028 
 762   1292.42379616656 
 763   1296.07421241496 
 764   1290.32957889147 
 765   1284.45335898248 
 766   1305.98663230537 
 767   1353.17194110803 
 768   1376.33086064781 
 769   1386.84599470339 
 770   1425.15035559592 
 771   1498.51213967446 
 772   1545.49708750494 
 773   1574.07147727053 
 774   1615.72488721884 
 775   1678.94512466807 
 776   1736.27980155222 
 777   1799.67885782201 
 778   1881.5080610207 
 779   1975.13471084657 
 780   2073.48296832833 
 781   2182.53065540741 
 782   2297.20887992477 
 783   2410.75594285736 
 784   2556.66717276563 
 785   2711.99356128995 
 786   2865.7995661196 
 787   3042.35691266085 
 788   3220.53208211746 
 789   3419.43144768943 
 790   3644.11366807555 
 791   3859.88635801961 
 792   4068.93739716331 
 793   4268.9411880111 
 794   4450.48075111784 
 795   4602.73715915248 
 796   4713.020166213 
 797   4802.31280721538 
 798   4865.1868416006 
 799   4861.00600956196 
 800   4852.80961272831 
 801   4864.83371925173 
 802   4880.1106399943 
 803   4894.00941707905 
 804   4956.54126568057 
 805   5077.17329450048 
 806   5229.38259474005 
 807   5392.29254893243 
 808   5577.91092199191 
 809   5768.64107231276 
 810   5946.33020134103 
 811   6115.22468328969 
 812   6235.10429082413 
 813   6283.77878752836 
 814   6264.15368713325 
 815   6188.5313531745 
 816   6067.92377432081 
 817   5904.69627192375 
 818   5709.32328074736 
 819   5507.6667471259 
 820   5312.53017059694 
 821   5153.10871520223 
 822   5061.1509808996 
 823   5058.0823875529 
 824   5174.17486893818 
 825   5406.50677400271 
 826   5753.36797521913 
 827   6239.49900084668 
 828   6876.58136589706 
 829   7687.3522437466 
 830   8683.52467821843 
 831   9849.01520064958 
 832   11161.0853580381 
 833   12612.1112834349 
 834   14220.7954897594 
 835   16001.3339819497 
 836   17888.1145230754 
 837   19808.2242066105 
 838   21711.3394360774 
 839   23569.9375439385 
 840   25354.1490790969 
 841   26989.2260398044 
 842   28408.2493063585 
 843   29517.7325607115 
 844   30132.5848953015 
 845   30394.7128899326 
 846   30364.0437856458 
 847   29942.4538027969 
 848   29140.2784244628 
 849   27804.6747533765 
 850   26090.8286650929 
 851   24282.8682004276 
 852   22304.0152986283 
 853   20302.6982900938 
 854   18286.9262235929 
 855   16216.0992665472 
 856   14249.9865155863 
 857   12401.8851381565 
 858   10848.7345468885 
 859   9652.16175071704 
 860   8551.63530121089 
 861   7617.83386871249 
 862   6906.41336264376 
 863   6410.37942498025 
 864   6115.10125764644 
 865   5983.28997367875 
 866   6010.1365187562 
 867   6168.49303426864 
 868   6391.88283819801 
 869   6644.09142796919 
 870   6925.25875620618 
 871   7226.04556865246 
 872   7511.60411852388 
 873   7744.55676934113 
 874   7906.78420657937 
 875   7982.93610174578 
 876   7961.07890436859 
 877   7844.16469275858 
 878   7643.1518983549 
 879   7370.6613662478 
 880   7047.67815829141 
 881   6703.20608992039 
 882   6348.73538049485 
 883   6004.74651420775 
 884   5698.53203847436 
 885   5451.33367806351 
 886   5269.52383146796 
 887   5158.12838971425 
 888   5171.18684173757 
 889   5318.52629780315 
 890   5445.18179163105 
 891   5663.90934808403 
 892   5989.15191105804 
 893   6322.34372237123 
 894   6657.15549207896 
 895   6956.01824388449 
 896   7215.19254922726 
 897   7428.63088575342 
 898   7551.60985790843 
 899   7561.83615621797 
 900   7441.41888013416 
 901   7210.80211194546 
 902   6909.69685940417 
 903   6531.93640520401 
 904   6145.34413789369 
 905   5787.8118612005 
 906   5430.62327682946 
 907   5058.77637849788 
 908   4810.14558749277 
 909   4616.50913876471 
 910   4422.99731410674 
 911   4363.11100960997 
 912   4373.74404484338 
 913   4421.66512684428 
 914   4499.81688421606 
 915   4612.59119695464 
 916   4797.84037118651 
 917   4991.70187717763 
 918   5192.30912613482 
 919   5425.2006835937 
 920   5644.22385431117 
 921   5871.42636378284 
 922   6102.02877081073 
 923   6315.80503931255 
 924   6504.20533889951 
 925   6654.91611777649 
 926   6783.86528063374 
 927   6903.14245715791 
 928   7009.1009040535 
 929   7097.8573345544 
 930   7174.14564473582 
 931   7248.9769370897 
 932   7315.25275213415 
 933   7362.84033995792 
 934   7447.3963700247 
 935   7548.21737354461 
 936   7619.59556968431 
 937   7670.14043551305 
 938   7758.9889797165 
 939   7812.23680497594 
 940   7798.48653167716 
 941   7768.48908487697 
 942   7752.40503809248 
 943   7636.15095772712 
 944   7469.473312452 
 945   7291.12650890112 
 946   7050.33369095118 
 947   6737.37136271316 
 948   6415.9253209372 
 949   6112.98070275844 
 950   5799.67334505836 
 951   5453.98408891334 
 952   5135.08465378589 
 953   4837.13469695803 
 954   4581.54207077311 
 955   4394.66776409759 
 956   4212.71647875709 
 957   4057.54471025326 
 958   3930.8938800874 
 959   3805.38836872072 
 960   3678.36351223926 
 961   3595.26273597692 
 962   3511.7588260513 
 963   3394.02875054207 
 964   3255.70834432779 
 965   3116.2304484483 
 966   2988.32844063115 
 967   2850.66120816981 
 968   2715.04222753669 
 969   2613.94813135509 
 970   2506.9722046876 
 971   2427.83799502414 
 972   2361.10717494174 
 973   2290.20494873233 
 974   2251.82264917001 
 975   2198.33650499038 
 976   2152.60858222037 
 977   2123.25773250299 
 978   2095.6226342872 
 979   2097.72038724839 
 980   2113.1820189891 
 981   2130.7594625195 
 982   2165.73406440183 
 983   2229.49556239047 
 984   2291.70845732943 
 985   2381.89458738374 
 986   2493.22227000662 
 987   2614.05926839152 
 988   2764.4030610841 
 989   2909.91589651495 
 990   3148.89371796703 
 991   3449.33376230983 
 992   3744.99921335921 
 993   4159.49016362724 
 994   4622.85321199899 
 995   5118.61832103542 
 996   5648.55730610831 
 997   6196.23278809844 
 998   6760.44683986773 
 999   7208.66740293455 
 1000   7618.54043214928 
 1001   8006.43815177304 
 1002   8208.7647275559 
 1003   8284.19328758401 
 1004   8245.71111599507 
 1005   8080.03169112208 
 1006   7792.13354511478 
 1007   7416.19864943839 
 1008   7001.8993405271 
 1009   6565.46055645757 
 1010   6122.13718613829 
 1011   5720.45181901454 
 1012   5417.19973210334 
 1013   5185.22766345958 
 1014   5028.34708554872 
 1015   4892.2716939635 
 1016   4765.33752899296 
 1017   4779.05167080988 
 1018   4824.7057465498 
 1019   4894.63562510758 
 1020   4982.25578912879 
 1021   5040.92733855172 
 1022   5098.00723656391 
 1023   5129.28103584709 
 1024   5137.45646717433 
 1025   5121.16371071411 
 1026   5074.75894285828 
 1027   5028.52126407408 
 1028   4941.69878876071 
 1029   4917.72022152397 
 1030   4969.12029333749 
 1031   4969.07126319116 
 1032   4960.78562213848 
 1033   4991.07182556431 
 1034   5058.13396778667 
 1035   5141.85983039548 
 1036   5242.68638200267 
 1037   5370.66210984055 
 1038   5464.60054133437 
 1039   5549.16195051358 
 1040   5668.45713762304 
 1041   5806.2141020058 
 1042   5946.01972379032 
 1043   6087.7318405442 
 1044   6200.44145254124 
 1045   6350.81163433742 
 1046   6642.73400447295 
 1047   6941.43253635696 
 1048   7134.94166610642 
 1049   7261.51749473918 
 1050   7365.00650845551 
 1051   7421.50835193275 
 1052   7456.08063209754 
 1053   7485.76364338188 
 1054   7345.69228540139 
 1055   7035.70780061657 
 1056   6764.85100870757 
 1057   6532.66231695968 
 1058   6289.20961257132 
 1059   6022.66153044583 
 1060   5724.75514262039 
 1061   5413.50103315925 
 1062   5174.72628624261 
 1063   4983.20147847093 
 1064   4823.24349678918 
 1065   4737.23040298288 
 1066   4722.37401719141 
 1067   4692.95147950518 
 1068   4773.94639113205 
 1069   4956.81741795576 
 1070   5175.55124371444 
 1071   5392.33303351996 
 1072   5587.98722728856 
 1073   5792.85994536609 
 1074   5987.64653774463 
 1075   6174.31987375117 
 1076   6344.31970358341 
 1077   6445.62898825354 
 1078   6495.46246279899 
 1079   6502.80184502169 
 1080   6492.6546371737 
 1081   6467.91014158672 
 1082   6406.86306892606 
 1083   6340.28437899774 
 1084   6271.50150323834 
 1085   6192.11741023217 
 1086   6092.31645210358 
 1087   5971.83713030694 
 1088   5843.24808316329 
 1089   5690.2688359064 
 1090   5528.63277574469 
 1091   5326.73829270281 
 1092   5053.62106474065 
 1093   4764.53421573115 
 1094   4463.94709332764 
 1095   4176.55377106701 
 1096   3878.66578036093 
 1097   3564.58779767576 
 1098   3286.78853237639 
 1099   3030.66496807597 
 1100   2821.92937999871 
 1101   2651.50850856549 
 1102   2494.72882517139 
 1103   2349.5638433464 
 1104   2228.92361470207 
 1105   2158.4521651258 
 1106   2091.89365776571 
 1107   2019.64994669303 
 1108   1974.69231699757 
 1109   1950.84636650867 
 1110   1928.81710514001 
 1111   1907.12777210477 
 1112   1888.71726053788 
 1113   1859.42414302585 
 1114   1818.0872729418 
 1115   1807.72651746875 
 1116   1780.00337898562 
 1117   1734.58245366189 
 1118   1696.74019802025 
 1119   1674.06009989059 
 1120   1661.76548122282 
 1121   1645.5071396351 
 1122   1621.93693230932 
 1123   1592.55419090221 
 1124   1568.97740218034 
 1125   1559.49217388301 
 1126   1545.24194203096 
 1127   1532.33924810457 
 1128   1522.73003810834 
 1129   1517.98994784093 
 1130   1521.38865955764 
 1131   1530.74764214009 
 1132   1542.17322096359 
 1133   1549.06036084365 
 1134   1571.0661087303 
 1135   1596.63577548511 
 1136   1597.91135589763 
 1137   1609.12847586105 
 1138   1626.29176268369 
 1139   1641.680936479 
 1140   1657.36427671867 
 1141   1673.11852156638 
 1142   1674.54584901354 
 1143   1650.65852958408 
 1144   1643.68594936088 
 1145   1646.43141850868 
 1146   1638.19526279844 
 1147   1626.39514194599 
 1148   1620.81903727877 
 1149   1607.42063670154 
 1150   1602.85555734312 
 1151   1622.47843959439 
 1152   1647.11438152581 
 1153   1665.1067041238 
 1154   1702.76127079923 
 1155   1711.69760925746 
 1156   1726.2741900307 
 1157   1744.55127173957 
 1158   1762.19977974102 
 1159   1797.3195897542 
 1160   1806.36996855783 
 1161   1825.42612615669 
 1162   1836.27676756967 
 1163   1859.0745332899 
 1164   1910.42092631392 
 1165   1947.16668516907 
 1166   1970.8040733608 
 1167   1979.72950227795 
 1168   2010.87757323621 
 1169   2050.7924330286 
 1170   2068.39505836972 
 1171   2089.80852135326 
 1172   2126.24778283388 
 1173   2146.47083915983 
 1174   2179.4338609504 
 1175   2230.3286906938 
 1176   2270.32473809749 
 1177   2296.60235430956 
 1178   2307.88177490938 
 1179   2327.15355751488 
 1180   2337.10501538083 
 1181   2345.6890735025 
 1182   2370.31525387598 
 1183   2389.22621812212 
 1184   2406.99654830664 
 1185   2414.37451456103 
 1186   2450.5423933193 
 1187   2495.96512852315 
 1188   2522.43429020461 
 1189   2569.10710995519 
 1190   2609.96695945132 
 1191   2643.62538074224 
 1192   2677.54041778892 
 1193   2718.63117164664 
 1194   2757.00652381388 
 1195   2772.68174320227 
 1196   2774.69937326991 
 1197   2766.86033998966 
 1198   2747.44562312098 
 1199   2729.92927180552 
 1200   2694.90697336637 
 1201   2617.26093039865 
 1202   2557.80991963029 
 1203   2495.05990290894 
 1204   2446.48689303374 
 1205   2407.7650669037 
 1206   2362.78187741831 
 1207   2314.72740561466 
 1208   2271.07211582173 
 1209   2273.74155775253 
 1210   2259.03855214833 
 1211   2230.96458193552 
 1212   2208.90588796269 
 1213   2177.50729205431 
 1214   2160.08531280429 
 1215   2178.71559400998 
 1216   2181.5933867822 
 1217   2200.33603146122 
 1218   2237.96471257388 
 1219   2259.61120616765 
 1220   2296.1488740217 
 1221   2381.35426018139 
 1222   2448.468083228 
 1223   2518.77677923216 
 1224   2618.56418794091 
 1225   2743.50513578783 
 1226   2890.7172688144 
 1227   3061.73580650471 
 1228   3272.57548062276 
 1229   3490.00497040731 
 1230   3729.53556194714 
 1231   3974.24013071192 
 1232   4193.16517434264 
 1233   4402.90040988889 
 1234   4559.85973361576 
 1235   4680.93361264861 
 1236   4789.46990518948 
 1237   4808.00627558338 
 1238   4731.42340351184 
 1239   4644.66281688469 
 1240   4506.60522217904 
 1241   4315.12154753451 
 1242   4115.81971733944 
 1243   3919.83339109119 
 1244   3690.07210850433 
 1245   3467.50087579881 
 1246   3329.09243834975 
 1247   3171.278834309 
 1248   3019.02654583809 
 1249   2929.35958033389 
 1250   2846.29376270124 
 1251   2771.60450601587 
 1252   2750.57228072623 
 1253   2721.70170890346 
 1254   2709.00325709622 
 1255   2725.33532511073 
 1256   2764.08183172911 
 1257   2796.69468335896 
 1258   2825.87195260396 
 1259   2864.55168757989 
 1260   2886.39425915426 
 1261   2933.5539596172 
 1262   2989.93049360149 
 1263   3039.36258730087 
 1264   3086.33283073946 
 1265   3142.45971843212 
 1266   3199.3859530734 
 1267   3235.94675147645 
 1268   3292.10818518946 
 1269   3347.88027989368 
 1270   3385.23716193932 
 1271   3407.41601012464 
 1272   3415.95067468772 
 1273   3415.27332630673 
 1274   3419.55575282679 
 1275   3406.61684433312 
 1276   3389.03552848722 
 1277   3380.23572103347 
 1278   3396.13129508638 
 1279   3414.91239686138 
 1280   3420.3744962629 
 1281   3471.00187820833 
 1282   3519.3390979649 
 1283   3619.9725637051 
 1284   3738.6992039288 
 1285   3848.77273077986 
 1286   3960.94531371558 
 1287   4087.06517565675 
 1288   4249.36614962279 
 1289   4383.80405036793 
 1290   4515.09969714645 
 1291   4648.46507137575 
 1292   4802.11111239609 
 1293   4946.59649376839 
 1294   5044.75080109425 
 1295   5145.33670790447 
 1296   5223.66658781606 
 1297   5316.06091334774 
 1298   5389.29644326558 
 1299   5476.87088466525 
 1300   5557.45606288131 
 1301   5630.12604912891 
 1302   5784.84322857772 
 1303   5915.71477163917 
 1304   6068.41375725811 
 1305   6249.43665661265 
 1306   6464.30052545899 
 1307   6651.95820416228 
 1308   6782.25695817539 
 1309   6912.08434056053 
 1310   7016.73339301212 
 1311   7045.31821089579 
 1312   7041.76267889559 
 1313   6970.71537039358 
 1314   6836.52977774345 
 1315   6700.29474924183 
 1316   6566.51758806078 
 1317   6388.2194458528 
 1318   6200.3637606765 
 1319   6095.76032186462 
 1320   5986.76152442402 
 1321   5897.60325699339 
 1322   5857.46837339148 
 1323   5813.41341472084 
 1324   5777.11062002311 
 1325   5807.14297366018 
 1326   5804.30344175528 
 1327   5812.59659808136 
 1328   5849.93755438495 
 1329   5884.48162832494 
 1330   5907.73135756057 
 1331   5939.26926490258 
 1332   5976.05597781967 
 1333   5998.52034789551 
 1334   6020.6965716098 
 1335   6010.38102814673 
 1336   5988.24481977198 
 1337   5985.44953884279 
 1338   5962.39874717061 
 1339   5911.84154827803 
 1340   5869.82848453897 
 1341   5789.61801302278 
 1342   5735.6143247498 
 1343   5670.73936924298 
 1344   5591.34893127086 
 1345   5500.33921956359 
 1346   5421.35497180334 
 1347   5349.42824498152 
 1348   5257.51049048141 
 1349   5194.72698413741 
 1350   5133.77248807592 
 1351   5081.28531146939 
 1352   5034.94522027928 
 1353   5018.39652012338 
 1354   5013.6805891826 
 1355   5044.66660200103 
 1356   5143.62914030167 
 1357   5222.55586715576 
 1358   5347.10065610674 
 1359   5509.78381478664 
 1360   5718.52797675525 
 1361   5918.41222340367 
 1362   6103.4860261135 
 1363   6307.85419132289 
 1364   6526.0976082854 
 1365   6739.90718832764 
 1366   6922.46278459015 
 1367   7073.04708567166 
 1368   7221.63949210469 
 1369   7373.90395956821 
 1370   7495.45789659113 
 1371   7588.4711403866 
 1372   7673.42192394215 
 1373   7769.86572400351 
 1374   7920.47167968736 
 1375   8061.86493069311 
 1376   8214.49734296382 
 1377   8376.55739371539 
 1378   8570.68329792254 
 1379   8812.64748744974 
 1380   9076.19490773869 
 1381   9331.25540549526 
 1382   9579.97795588738 
 1383   9845.13363402743 
 1384   10144.3405559373 
 1385   10450.1456791031 
 1386   10741.1251581913 
 1387   11063.7193524126 
 1388   11411.691173417 
 1389   11742.53301661 
 1390   12100.5618555121 
 1391   12539.3047222394 
 1392   13002.6912337863 
 1393   13509.4134960675 
 1394   14094.9079374326 
 1395   14822.4156059769 
 1396   15574.7890897639 
 1397   16386.6871407254 
 1398   17308.2198086709 
 1399   18286.7321432378 
 1400   19360.1947581376 
 1401   20423.136119209 
 1402   21431.8833957987 
 1403   22358.8030311643 
 1404   23343.8302988381 
 1405   24020.328859033 
 1406   24552.6781879742 
 1407   24955.4141017049 
 1408   24888.2821843166 
 1409   24570.7865901626 
 1410   24029.5317629299 
 1411   23138.0659567833 
 1412   21940.9794377428 
 1413   20604.5521130834 
 1414   19184.4288727127 
 1415   17716.5630182552 
 1416   16252.087882469 
 1417   14829.4823103593 
 1418   13521.70809459 
 1419   12387.7070582111 
 1420   11401.1503168335 
 1421   10654.326238308 
 1422   10036.6196121372 
 1423   9395.55389218934 
 1424   8931.76686788728 
 1425   8643.90632877146 
 1426   8473.58246579861 
 1427   8202.21855445416 
 1428   7728.64656563204 
 1429   7528.63337644507 
 1430   7302.12148716297 
 1431   7393.76766693169 
 1432   7531.81755404961 
 1433   7780.1276932228 
 1434   7910.87271060193 
 1435   8744.17827583052 
 1436   9724.69036739814 
 1437   9938.93299480244 
 1438   10313.8362121867 
 1439   10749.9681226953 
 1440   11214.0374111298 
 1441   11605.4614607189 
 1442   12035.2901939184 
 1443   12467.8943296368 
 1444   12828.1226372913 
 1445   13177.4260219406 
 1446   13473.8720772007 
 1447   13637.4382485726 
 1448   13740.9270425259 
 1449   13804.7722516452 
 1450   13754.7648940012 
 1451   13600.1778236577 
 1452   13404.610678842 
 1453   13161.7832310564 
 1454   12855.564761101 
 1455   12525.2764692326 
 1456   12173.0632366696 
 1457   11812.1948378752 
 1458   11463.1980379827 
 1459   11096.0403469859 
 1460   10728.3212185907 
 1461   10396.4232964816 
 1462   10097.0203728342 
 1463   9799.62643963652 
 1464   9506.83188297173 
 1465   9166.6967883868 
 1466   8869.61196136628 
 1467   8586.62745084232 
 1468   8296.89026389083 
 1469   8038.05231940541 
 1470   7747.24163003263 
 1471   7463.0281020355 
 1472   7201.7125022335 
 1473   6972.48740878538 
 1474   6749.09704713537 
 1475   6521.32227860595 
 1476   6282.93277908811 
 1477   6093.37680706028 
 1478   5930.04327936716 
 1479   5759.23244543431 
 1480   5606.55080868852 
 1481   5480.00214423839 
 1482   5372.69265009294 
 1483   5270.88300024809 
 1484   5172.19762884428 
 1485   5035.84185358994 
 1486   4912.22236667385 
 1487   4806.98709549739 
 1488   4691.87886145522 
 1489   4618.30090855127 
 1490   4537.03848600179 
 1491   4438.46737886026 
 1492   4383.31350285982 
 1493   4362.5969676033 
 1494   4369.32178906626 
 1495   4361.03897227622 
 1496   4361.73792014167 
 1497   4324.08108346264 
 1498   4300.88146519659 
 1499   4282.10463082488 
 1500   4259.817986754 
 1501   4243.41277321436 
 1502   4217.58212642511 
 1503   4204.22316340671 
 1504   4219.75262869259 
 1505   4232.50795616498 
 1506   4252.77240830937 
 1507   4284.40509349566 
 1508   4274.18702492766 
 1509   4272.43833718333 
 1510   4279.58245685131 
 1511   4257.63134407185 
 1512   4244.72725184525 
 1513   4236.53834233124 
 1514   4189.34890677767 
 1515   4176.12437854051 
 1516   4176.77061654526 
 1517   4164.22358106175 
 1518   4173.77495995303 
 1519   4152.06828664392 
 1520   4125.15237513931 
 1521   4087.61574808694 
 1522   4102.30876973727 
 1523   4070.63454914864 
 1524   4053.98018893591 
 1525   4027.8997221458 
 1526   4017.20300538821 
 1527   4013.72377642128 
 1528   4019.72629096128 
 1529   4030.49642984273 
 1530   4009.37417739102 
 1531   3985.80608672364 
 1532   3995.03270205831 
 1533   3991.10188827652 
 1534   3977.96869550575 
 1535   3978.09943845566 
 1536   3963.07331896279 
 1537   3939.0373152961 
 1538   3969.1431587079 
 1539   3935.78799148403 
 1540   3897.73488528799 
 1541   3886.47242576511 
 1542   3859.87974940209 
 1543   3841.32005961287 
 1544   3831.49956735912 
 1545   3811.53745732402 
 1546   3805.50440707743 
 1547   3800.49126942069 
 1548   3776.80234559935 
 1549   3761.81862371612 
 1550   3748.12612378264 
 1551   3715.89574730224 
 1552   3686.30178221799 
 1553   3644.42262433274 
 1554   3607.58076841925 
 1555   3602.60780353983 
 1556   3585.63237189784 
 1557   3569.97159398337 
 1558   3551.99453992028 
 1559   3535.32101565594 
 1560   3516.40583882202 
 1561   3494.85409250395 
 1562   3470.22837912938 
 1563   3429.87007634464 
 1564   3413.23071601804 
 1565   3363.02104041902 
 1566   3352.75456772985 
 1567   3314.70767689555 
 1568   3329.69840446593 
 1569   3301.5125110644 
 1570   3279.61617976099 
 1571   3242.72106162474 
 1572   3239.22063955787 
 1573   3206.07048679571 
 1574   3178.09045480889 
 1575   3148.15484070076 
 1576   3128.66189399444 
 1577   3140.00899364061 
 1578   3126.57320107329 
 1579   3091.40239476203 
 1580   3055.89090351276 
 1581   3056.37879311155 
 1582   3046.81150917658 
 1583   3020.17083698568 
 1584   2979.92253026809 
 1585   2948.80396843752 
 1586   2940.6684271778 
 1587   2944.14092479263 
 1588   2943.47341238874 
 1589   2918.19827952015 
 1590   2907.25008801617 
 1591   2888.7543493397 
 1592   2871.72159078554 
 1593   2876.12406120271 
 1594   2868.96151143773 
 1595   2839.35586321032 
 1596   2836.34928026122 
 1597   2849.96556414284 
 1598   2839.35836822047 
 1599   2839.5518796751 
 1600   2840.0969008544 
 1601   2851.29017804778 
 1602   2869.5524270268 
 1603   2907.10872740418 
 1604   2923.77910385166 
 1605   2988.79411105059 
 1606   3037.57167911773 
 1607   3093.97478547339 
 1608   3115.50159069916 
 1609   3147.14839460827 
 1610   3173.47903535201 
 1611   3227.2931156536 
 1612   3265.06672745388 
 1613   3318.54739547902 
 1614   3395.60930758274 
 1615   3476.67290772205 
 1616   3588.44304889594 
 1617   3717.3283607444 
 1618   3831.2922425094 
 1619   3920.05913398446 
 1620   4033.03517306517 
 1621   4164.21058687368 
 1622   4279.61715246449 
 1623   4418.95152543759 
 1624   4544.43831403413 
 1625   4692.01753036371 
 1626   4834.89272493378 
 1627   5053.43233726841 
 1628   5271.26749870672 
 1629   5527.51729780111 
 1630   5840.75855211192 
 1631   6178.27734943591 
 1632   6554.89389331925 
 1633   7037.48251355585 
 1634   7623.69484001261 
 1635   8356.14393156064 
 1636   9204.56741214224 
 1637   10043.2948115947 
 1638   11000.6885756215 
 1639   12114.690587601 
 1640   13265.864781143 
 1641   14350.0183534648 
 1642   15244.2772101338 
 1643   16089.0330249285 
 1644   16841.289311281 
 1645   17244.8427663304 
 1646   17388.5794179105 
 1647   17172.7007847117 
 1648   16675.0452684493 
 1649   15890.0720465799 
 1650   14864.4753493018 
 1651   13716.3311476917 
 1652   12464.953778558 
 1653   11159.483604151 
 1654   9931.03521081015 
 1655   8819.65252923012 
 1656   7869.40113971277 
 1657   7062.5254160955 
 1658   6356.84934585738 
 1659   5756.90934818555 
 1660   5284.03717823727 
 1661   4959.94431167369 
 1662   4649.23137614063 
 1663   4348.73727308576 
 1664   4094.35513597115 
 1665   3875.93790455312 
 1666   3715.58646426143 
 1667   3594.24347525172 
 1668   3422.12509544221 
 1669   3284.33253171829 
 1670   3183.80597459026 
 1671   3096.89930598242 
 1672   3060.40376084169 
 1673   2984.36013586004 
 1674   2876.89565457863 
 1675   2797.70406080557 
 1676   2755.48414789937 
 1677   2678.4335164528 
 1678   2617.46306634256 
 1679   2545.74455989741 
 1680   2468.04800878622 
 1681   2438.00633691994 
 1682   2429.06955212494 
 1683   2369.06663841393 
 1684   2337.40774441747 
 1685   2313.27080893266 
 1686   2267.95883743202 
 1687   2247.13711479167 
 1688   2224.05094229618 
 1689   2181.94483435892 
 1690   2151.09211627629 
 1691   2145.18103972524 
 1692   2142.97435952765 
 1693   2134.81193760407 
 1694   2120.59347286258 
 1695   2105.50395063074 
 1696   2068.64462728258 
 1697   2076.73209358985 
 1698   2020.41054852032 
 1699   1970.22369961717 
 1700   1928.90032655774 
 1701   1912.95029420472 
 1702   1883.3624954869 
 1703   1872.66524621271 
 1704   1842.88047945065 
 1705   1815.25722039525 
 1706   1808.86302054979 
 1707   1797.63595815236 
 1708   1765.69008651493 
 1709   1751.16525429335 
 1710   1727.83187587718 
 1711   1698.08034205131 
 1712   1694.34871362976 
 1713   1668.21697849635 
 1714   1644.10068360765 
 1715   1635.70496750702 
 1716   1618.8446373091 
 1717   1610.69789256483 
 1718   1593.24997761585 
 1719   1565.50319399729 
 1720   1569.44597216707 
 1721   1571.06338916315 
 1722   1545.82483858672 
 1723   1538.9488884286 
 1724   1538.12992897012 
 1725   1527.27723817418 
 1726   1517.29338223698 
 1727   1486.77953253111 
 1728   1461.4264094101 
 1729   1459.24760085778 
 1730   1417.22696462538 
 1731   1380.59812448047 
 1732   1371.94865199327 
 1733   1359.34471638474 
 1734   1364.96852517792 
 1735   1341.50552932683 
 1736   1329.80296756173 
 1737   1336.47998032641 
 1738   1317.9579042407 
 1739   1299.34323404701 
 1740   1291.40966943661 
 1741   1264.15001566354 
 1742   1265.93099719766 
 1743   1255.72675810851 
 1744   1247.72998018069 
 1745   1231.95682457671 
 1746   1213.47023941769 
 1747   1184.5305798656 
 1748   1178.93999038427 
 1749   1171.70676744953 
 1750   1168.79024173554 
 1751   1187.40887682938 
 1752   1210.71286417333 
 1753   1208.69341901896 
 1754   1209.05847675765 
 1755   1200.60239304067 
 1756   1191.14905039476 
 1757   1186.03487321886 
 1758   1154.33566564238 
 1759   1125.39018708392 
 1760   1112.79718676793 
 1761   1128.52246447229 
 1762   1131.18344038758 
 1763   1151.25546243321 
 1764   1129.0907526659 
 1765   1130.63622166636 
 1766   1149.96292204815 
 1767   1151.65181077473 
 1768   1135.65773889949 
 1769   1133.80239320394 
 1770   1099.81607322681 
 1771   1073.9426287664 
 1772   1039.09011731705 
 1773   1039.67556207843 
 1774   1055.35622143015 
 1775   1050.59665037233 
 1776   1035.35956590608 
 1777   1040.67051285518 
 1778   1062.53136532576 
 1779   1096.64625955036 
 1780   1061.53502489456 
 1781   1036.13952897369 
 1782   1032.99794926421 
 1783   1037.06507560637 
 1784   1034.72721689422 
 1785   1010.05363974221 
 1786   987.418315052181 
 1787   1005.67837458356 
 1788   1022.11509282833 
 1789   1023.71061199817 
 1790   1005.84799609881 
 1791   1016.43301993884 
 1792   1037.56491176737 
 1793   1039.95518411223 
 1794   1028.92317823529 
 1795   999.084746510673 
 1796   1000.94885943841 
 1797   1002.99261605569 
 1798   973.13498608671 
 1799   969.914597132334 
 1800   979.33188856919 
 1801   974.749460188029 
 1802   987.924945851689 
 1803   987.623615718667 
 1804   956.468493011494 
 1805   953.309943047076 
 1806   954.710781214646 
 1807   926.954470322867 
 1808   919.960257377281 
 1809   909.743057505777 
 1810   890.732069132991 
 1811   924.610115012852 
 1812   936.31548454109 
 1813   933.070997123833 
 1814   950.940945179826 
 1815   953.282365795525 
 1816   951.758514493755 
 1817   953.750427310878 
 1818   930.502571950964 
 1819   922.552329176399 
 1820   908.452836113019 
 1821   913.515465192951 
 1822   890.822654048662 
 1823   883.239829492039 
 1824   902.327226049477 
 1825   899.808242907552 
 1826   895.203756563921 
 1827   891.169926874786 
 1828   889.218696729185 
 1829   917.777413471158 
 1830   932.214571299641 
 1831   933.624381184555 
 1832   933.868867736519 
 1833   932.243012969205 
 1834   931.363899066427 
 1835   912.884630748535 
 1836   907.964676046222 
 1837   902.230386487995 
 1838   887.052593790759 
 1839   895.216336065091 
 1840   892.165051872164 
 1841   888.008185807636 
 1842   911.399591591265 
 1843   917.582318077503 
 1844   913.758932110761 
 1845   924.635914051651 
 1846   923.938612378208 
 1847   896.982994434296 
 1848   899.689859271215 
 1849   895.674394380095 
 1850   880.486392085771 
 1851   868.246596164211 
 1852   857.151949595419 
 1853   855.320609907855 
 1854   888.652919252592 
 1855   867.839339415532 
 1856   886.762112523027 
 1857   859.198847029634 
 1858   857.11634475852 
 1859   858.90726796181 
 1860   846.113163044547 
 1861   837.028058437495 
 1862   826.347174253329 
 1863   819.998017765011 
 1864   839.575872137459 
 1865   843.8480262625 
 1866   855.610940974514 
 1867   848.222112252098 
 1868   861.673072026763 
 1869   852.806683240765 
 1870   823.998002378078 
 1871   828.788117796096 
 1872   818.515066791791 
 1873   818.479424329411 
 1874   826.850782450965 
 1875   812.243547506459 
 1876   840.245513535385 
 1877   858.954456490256 
 1878   862.479893582739 
 1879   872.190265392077 
 1880   853.071034510683 
 1881   857.153021323086 
 1882   842.7204530787 
 1883   813.212783611393 
 1884   797.953370110818 
 1885   776.836133614341 
 1886   757.682193618851 
 1887   770.150906862799 
 1888   755.691608671686 
 1889   750.718574731049 
 1890   735.539614829647 
 1891   739.405549767449 
 1892   755.805968400618 
 1893   764.606030919483 
 1894   751.174722974749 
 1895   751.270690623983 
 1896   744.436128758104 
 1897   753.907484624461 
 1898   738.871949719233 
 1899   721.751420706747 
 1900   692.766307645942 
 1901   707.475981542259 
 1902   710.577426367687 
 1903   707.379865115117 
 1904   693.015183698504 
 1905   694.985343416889 
 1906   704.265156452839 
 1907   715.956986038018 
 1908   701.657050836044 
 1909   688.793149175155 
 1910   690.422222443646 
 1911   660.609961625264 
 1912   628.436798874701 
 1913   623.237524750804 
 1914   619.858642435874 
 1915   629.175902850851 
 1916   650.928060339023 
 1917   663.329190713055 
 1918   684.7068833657 
 1919   685.163356338743 
 1920   700.322812423185 
 1921   702.73464745079 
 1922   703.380724239972 
 1923   640.207903712462 
 1924   625.676770015276 
 1925   636.553025794463 
 1926   616.026227736706 
 1927   569.644321418173 
 1928   526.919525706042 
 1929   539.704185635358 
 1930   555.968813564232 
 1931   559.417371531544 
 1932   544.750979833761 
 1933   543.085063414694 
 1934   566.274119938506 
 1935   550.539191055202 
 1936   544.600520152146 
 1937   548.936103515353 
 1938   562.924183198995 
 1939   578.543348796207 
 1940   569.317245773563 
 1941   572.428722789697 
 1942   591.929216398743 
 1943   603.801704914861 
 1944   571.615550861702 
 1945   568.809394330714 
 1946   584.680970329349 
 1947   556.563183024863 
 1948   531.29920148774 
 1949   531.704467421753 
 1950   550.213103425921 
 1951   545.776379611953 
 1952   513.557942807 
 1953   526.001788941543 
 1954   552.017742653876 
 1955   550.406825682463 
 1956   536.831273638078 
 1957   550.578709819514 
 1958   545.631592282831 
 1959   525.196368822158 
 1960   539.513891944119 
 1961   548.8509932996 
 1962   539.342406115606 
 1963   543.371987269718 
 1964   546.029993268372 
 1965   583.31055915709 
 1966   598.716030763945 
 1967   575.400076014485 
 1968   588.242616085512 
 1969   582.240943253992 
 1970   569.144494289984 
 1971   561.77115547576 
 1972   528.109653162697 
 1973   511.106460763747 
 1974   512.837579215603 
 1975   520.98137836401 
 1976   515.461144045524 
 1977   503.119367808232 
 1978   495.763906002258 
 1979   517.7243505686 
 1980   507.809751566736 
 1981   485.673866447181 
 1982   470.067913993578 
 1983   471.973845325237 
 1984   460.971658926756 
 1985   472.086248825692 
 1986   485.163356943208 
 1987   499.302255198382 
 1988   493.353901960032 
 1989   487.00462704548 
 1990   501.927724179217 
 1991   490.029391688757 
 1992   466.383149487719 
 1993   476.732095403304 
 1994   482.111557533574 
 1995   481.832667842308 
 1996   490.672755383837 
 1997   500.651142732241 
 1998   505.563977888726 
 1999   497.425546141319 
 2000   477.068947678004 
 2001   481.018977274969 
 2002   469.003964182369 
 2003   447.494466080076 
 2004   468.610266387236 
 2005   453.467132484873 
 2006   435.768965115945 
 2007   439.93966057227 
 2008   441.182843057472 
 2009   450.752376138653 
 2010   446.302985669511 
 2011   445.498034066023 
 2012   451.677623850353 
 2013   452.657965242481 
 2014   452.048486735761 
 2015   433.441758343926 
 2016   418.90774981093 
 2017   387.965071992019 
 2018   382.60758308224 
 2019   384.691675732386 
 2020   426.149976534517 
 2021   445.306916623021 
 2022   429.458362171459 
 2023   452.89832130954 
 2024   467.866514644068 
 2025   486.813432353938 
 2026   427.845043965532 
 2027   392.885611714374 
 2028   402.744464073749 
 2029   395.954398908175 
 2030   370.528981376743 
 2031   366.66871771624 
 2032   367.569723755313 
 2033   365.87713444273 
 2034   341.77811540462 
 2035   375.634644470644 
 2036   384.678161821686 
 2037   370.891623094372 
 2038   360.481977532741 
 2039   364.998465219611 
 2040   372.042118004898 
 2041   378.21125346472 
 2042   364.46408993228 
 2043   371.387468224701 
 2044   354.473943546813 
 2045   351.84343649644 
 2046   352.79569976065 
 2047   336.713296176426 
 2048   318.81604860576 
 2049   304.85972211133 
 2050   311.433371392297 
 2051   339.642042341379 
 2052   351.651147508227 
 2053   355.350929566011 
 2054   366.235922227362 
 2055   355.255427116572 
 2056   375.682902854275 
 2057   360.458095151167 
 2058   335.296491565354 
 2059   333.292468857458 
 2060   337.748565764113 
 2061   333.845272340465 
 2062   352.359213417285 
 2063   322.019084924466 
 2064   334.358196328756 
 2065   341.345762234224 
 2066   323.991686001477 
 2067   349.523472564847 
 2068   341.747020728606 
 2069   347.960116715817 
 2070   347.909977841188 
 2071   339.824255511777 
 2072   345.578013126245 
 2073   344.775003591151 
 2074   323.734875054861 
 2075   313.962523278644 
 2076   319.730769574729 
 2077   312.879379642501 
 2078   285.491862419978 
 2079   286.743122747037 
 2080   300.212452403034 
 2081   317.973613083699 
 2082   335.299157962943 
 2083   336.340542207118 
 2084   350.132305123331 
 2085   351.429907227746 
 2086   337.633278689134 
 2087   332.177209971464 
 2088   345.702912592584 
 2089   334.373541134986 
 2090   352.82087403352 
 2091   347.604985368115 
 2092   353.595633911072 
 2093   352.932807137339 
 2094   352.180356309763 
 2095   363.995482782316 
 2096   390.348421590773 
 2097   393.264297519003 
 2098   396.708329417611 
 2099   415.104772569274 
 2100   377.853190090181 
 2101   938.348201385687 
 2102   874.238817525834 
 2103   893.317625202432 
 2104   910.034358102555 
 2105   874.387575769946 
 2106   959.789557954807 
 2107   421.054266923056 
 2108   360.794107369075 
 2109   339.097897865574 
 2110   302.073518333275 
 2111   313.243020996632 
 2112   288.080534270826 
 2113   282.484372812381 
 2114   277.21159187309 
 2115   275.78318701863 
 2116   281.933865313569 
 2117   266.720834905362 
 2118   299.060878168469 
 2119   345.205320597969 
 2120   344.982032296844 
 2121   385.621399186123 
 2122   397.80866876395 
 2123   405.463748285744 
 2124   409.576336016953 
 2125   370.500541674386 
 2126   377.870222351661 
 2127   359.961672468408 
 2128   342.290401276468 
 2129   332.812087626722 
 2130   316.133211138786 
 2131   300.142707368834 
 2132   305.615337067392 
 2133   280.095380401891 
 2134   273.399544254187 
 2135   301.962539216966 
 2136   316.870212016053 
 2137   343.820884363961 
 2138   321.863064802668 
 2139   336.631734610486 
 2140   340.05519945089 
 2141   338.909909957296 
 2142   315.847415112944 
 2143   303.554110835229 
 2144   299.348849623838 
 2145   290.170607466451 
 2146   281.444570742448 
 2147   290.48052892159 
 2148   271.056678147209 
 2149   273.005513053714 
 2150   276.125571156556 
 2151   285.467320847627 
 2152   312.598884906526 
 2153   290.196690864877 
 2154   329.153355091732 
 2155   316.439515001002 
 2156   308.329009927882 
 2157   309.157922833038 
 2158   308.494134467197 
 2159   315.383992479777 
 2160   300.405898083352 
 2161   291.412510741326 
 2162   285.594150647123 
 2163   293.968368908784 
 2164   280.153498117721 
 2165   265.545506834874 
 2166   253.570351054743 
 2167   281.131901418719 
 2168   287.640339235885 
 2169   271.309474015831 
 2170   286.816133633011 
 2171   296.955125106637 
 2172   307.383307016185 
 2173   298.561009748954 
 2174   300.883781911546 
 2175   305.937397094807 
 2176   283.720961227009 
 2177   294.169673708009 
 2178   292.589170264538 
 2179   269.753350171969 
 2180   266.932936231856 
 2181   274.697048998673 
 2182   275.020284109579 
 2183   262.529406995698 
 2184   255.918220667472 
 2185   265.349168378137 
 2186   280.907477906794 
 2187   265.763593844908 
 2188   289.88274515611 
 2189   263.671129062911 
 2190   283.945160521355 
 2191   318.842020277959 
 2192   313.241035336226 
 2193   321.644805691493 
 2194   317.637010180355 
 2195   339.072934081739 
 2196   303.785856425619 
 2197   280.646429354046 
 2198   287.756225708308 
 2199   305.955458701073 
 2200   297.50419621656 
 2201   283.724702974451 
 2202   299.947242918786 
 2203   278.527957233321 
 2204   278.813957839984 
 2205   241.761028271964 
 2206   231.954677983275 
 2207   247.635438771359 
 2208   246.27664547093 
 2209   250.611815564328 
 2210   237.637143605812 
 2211   237.961735350995 
 2212   250.812617580589 
 2213   258.885956076922 
 2214   253.29152905062 
 2215   243.034051875403 
 2216   233.019673129932 
 2217   256.065854164378 
 2218   269.253102812173 
 2219   251.85407215842 
 2220   281.213602397632 
 2221   294.227989842577 
 2222   307.176637789881 
 2223   301.34489750958 
 2224   277.357373140266 
 2225   269.986596109464 
 2226   262.766798284158 
 2227   277.10361108597 
 2228   274.317567766426 
 2229   268.643871568266 
 2230   258.10613105256 
 2231   278.687777359746 
 2232   175.51124911392 
 2233   671.233249693285 
 2234   964.491769001713 
 2235   919.675628990994 
 2236   912.414325361665 
 2237   913.833959881537 
 2238   934.70454559485 
 2239   705.515413655724 
 2240   285.067757457214 
 2241   201.355405034912 
 2242   193.777782993179 
 2243   192.764308381279 
 2244   174.063489089717 
 2245   156.693504964424 
 2246   162.602077151225 
 2247   204.655446920186 
 2248   216.959561815802 
 2249   207.910731549152 
 2250   230.201373026967 
 2251   222.960469242325 
 2252   218.311794967974 
 2253   201.949462044576 
 2254   185.570989482946 
 2255   196.712255034253 
 2256   184.149952976285 
 2257   195.484980825584 
 2258   198.71474751266 
 2259   217.39262947417 
 2260   203.777653632752 
 2261   214.983407085488 
 2262   218.80261973596 
 2263   226.293710299614 
 2264   215.610100670387 
 2265   219.036594714255 
 2266   231.098375993194 
 2267   212.077990726703 
 2268   215.206015181665 
 2269   213.346586413564 
 2270   191.521331893753 
 2271   166.264486509302 
 2272   165.755592793346 
 2273   178.95470805491 
 2274   176.455096893062 
 2275   187.778012951814 
 2276   197.910842462186 
 2277   198.498666428061 
 2278   192.39022795921 
 2279   174.310453365978 
 2280   174.56891039751 
 2281   167.464290052399 
 2282   178.712315345366 
 2283   187.640673778021 
 2284   180.996949359827 
 2285   186.339024008812 
 2286   144.846889103668 
 2287   144.137703041905 
 2288   140.85687778354 
 2289   155.181222075872 
 2290   147.233136215919 
 2291   141.346813001226 
 2292   157.957391134756 
 2293   163.026732314555 
 2294   149.060581095063 
 2295   135.608615162154 
 2296   168.725981923753 
 2297   192.346870261577 
 2298   222.124887779673 
 2299   205.117727441899 
 2300   200.827839445948 
 2301   196.209948252252 
 2302   192.999103942993 
 2303   152.873774983538 
 2304   126.95930235751 
 2305   149.886223294277 
 2306   160.776460941068 
 2307   160.270676348505 
 2308   133.156952182095 
 2309   181.80815355188 
 2310   182.444846181475 
 2311   166.38994446915 
 2312   162.463373600494 
 2313   189.553398493214 
 2314   189.056476479787 
 2315   175.737071661256 
 2316   161.357327056548 
 2317   171.827595890137 
 2318   157.598089722221 
 2319   146.282952361129 
 2320   154.211682763417 
 2321   162.22727766877 
 2322   188.280396961578 
 2323   202.484270143827 
 2324   216.024792553883 
 2325   207.8806919563 
 2326   215.855147310517 
 2327   196.652984979531 
 2328   179.690801997116 
 2329   161.473261847325 
 2330   165.140972709665 
 2331   161.910170373676 
 2332   161.462363014784 
 2333   139.510948612165 
 2334   139.749165348519 
 2335   134.133500816639 
 2336   143.533418859434 
 2337   151.517950365677 
 2338   151.862074527333 
 2339   151.769311681619 
