05-29-2020  12:05:12
Wavenumber (cm-1)  CCD Output
 251   1593.69458111132 
 252   1631.04266617855 
 253   1659.50493351763 
 254   1691.20837023695 
 255   1726.10180942598 
 256   1771.69435886329 
 257   1835.5226699226 
 258   1880.31720586723 
 259   1895.31950689812 
 260   1911.23261371977 
 261   1930.98301216221 
 262   1952.13446696907 
 263   1977.67863565686 
 264   1999.96570167318 
 265   2009.42025156253 
 266   2002.34721324335 
 267   1986.93058958308 
 268   1969.39031762343 
 269   1943.71947892413 
 270   1930.45645593775 
 271   1943.02618367799 
 272   1943.22259780026 
 273   1927.83010924519 
 274   1915.12326186919 
 275   1903.9185369775 
 276   1898.12020267292 
 277   1903.14599725169 
 278   1908.52744253721 
 279   1919.17315861825 
 280   1944.82873407454 
 281   1951.33331144106 
 282   1936.56136739013 
 283   1934.33029919657 
 284   1943.10287095253 
 285   1949.55100273796 
 286   1942.36413548346 
 287   1929.03309658603 
 288   1924.64674565167 
 289   1940.89483784135 
 290   1957.7552831841 
 291   1968.84285074537 
 292   1998.78807420719 
 293   2027.25391437234 
 294   2036.01007223429 
 295   2042.84406636086 
 296   2059.06301556264 
 297   2084.82930984915 
 298   2109.02582666556 
 299   2126.66668928067 
 300   2140.23141733829 
 301   2157.35806201474 
 302   2163.36668548043 
 303   2149.14205869593 
 304   2146.65608280678 
 305   2162.80092883188 
 306   2181.15896809447 
 307   2179.5286540151 
 308   2175.01369764884 
 309   2191.17835459258 
 310   2194.21800499749 
 311   2182.04291101515 
 312   2179.00285322508 
 313   2192.7639052861 
 314   2212.84356002572 
 315   2222.06146580952 
 316   2221.51005730279 
 317   2223.28485275373 
 318   2237.9899967809 
 319   2250.1061789394 
 320   2267.45702295274 
 321   2314.22892602361 
 322   2373.84288364519 
 323   2428.42155195534 
 324   2473.93555980461 
 325   2527.41461003031 
 326   2598.25485092426 
 327   2681.53192673019 
 328   2768.61357046656 
 329   2861.32308214154 
 330   2968.42505496843 
 331   3074.98308319226 
 332   3165.85662805304 
 333   3243.3526200532 
 334   3354.67711066018 
 335   3501.59097706329 
 336   3630.87346804738 
 337   3754.77957413618 
 338   3894.25993312688 
 339   4053.75701618139 
 340   4229.97435816769 
 341   4408.91810009939 
 342   4576.07172569981 
 343   4766.93780269475 
 344   4973.70968516649 
 345   5132.29883452385 
 346   5274.56460130877 
 347   5428.28162273606 
 348   5573.26590206877 
 349   5684.77574871737 
 350   5757.44635125225 
 351   5810.12941845204 
 352   5854.99273419202 
 353   5880.67422619132 
 354   5859.13432764809 
 355   5814.20144804079 
 356   5769.07402932773 
 357   5719.84473466856 
 358   5643.57029990839 
 359   5534.69079454346 
 360   5417.03778117468 
 361   5315.11076151417 
 362   5223.04816165126 
 363   5106.22392470056 
 364   4972.13023225071 
 365   4835.58161830208 
 366   4704.23953551631 
 367   4590.19700507099 
 368   4489.1098413979 
 369   4383.59941678046 
 370   4293.49333176145 
 371   4206.12729044095 
 372   4078.00905576064 
 373   3952.42480701452 
 374   3865.54236235093 
 375   3810.77766206441 
 376   3752.53320890911 
 377   3672.82630606698 
 378   3583.30306159002 
 379   3508.09321012351 
 380   3442.87921378101 
 381   3364.13755312006 
 382   3294.15906044028 
 383   3241.6691606788 
 384   3191.26081693545 
 385   3127.2993615412 
 386   3061.73139634862 
 387   3017.92773946874 
 388   2976.67903732639 
 389   2929.91637499959 
 390   2888.29750428622 
 391   2866.48258297565 
 392   2855.02698743876 
 393   2831.66696787984 
 394   2793.86135321376 
 395   2761.1159960237 
 396   2754.13962442471 
 397   2761.87127022175 
 398   2765.02682929511 
 399   2755.43785311869 
 400   2752.97143269059 
 401   2748.15935091027 
 402   2731.65101182331 
 403   2733.66922750898 
 404   2751.8668681475 
 405   2769.31527207613 
 406   2779.98422628095 
 407   2772.25245376685 
 408   2744.99479789503 
 409   2719.37833957893 
 410   2704.66411210571 
 411   2697.92090544955 
 412   2686.3918331064 
 413   2654.17183210304 
 414   2610.10451105789 
 415   2587.078505942 
 416   2558.08887354583 
 417   2516.79372953097 
 418   2498.58946402135 
 419   2495.49478405796 
 420   2491.69139636856 
 421   2482.76332470315 
 422   2484.64392218631 
 423   2510.45793229704 
 424   2556.46509281311 
 425   2589.0627301023 
 426   2614.00466073109 
 427   2653.90059246126 
 428   2673.91190552613 
 429   2694.48476720705 
 430   2745.81947326701 
 431   2769.77695110158 
 432   2770.47743904878 
 433   2777.82225531029 
 434   2779.06823345439 
 435   2784.56326879508 
 436   2802.65157001835 
 437   2815.23507606795 
 438   2836.32411733511 
 439   2865.61677360833 
 440   2868.57321445467 
 441   2877.86926216562 
 442   2908.90002288037 
 443   2930.01711481087 
 444   2953.09697370672 
 445   2973.93768678297 
 446   2970.14745943777 
 447   2976.36460268706 
 448   2988.4933871597 
 449   2973.0197208671 
 450   2956.87245374287 
 451   2950.57639217842 
 452   2943.94335658999 
 453   2931.34950091922 
 454   2919.68772259144 
 455   2915.4831865008 
 456   2908.83600318022 
 457   2888.64131158817 
 458   2862.45684537224 
 459   2861.68402144641 
 460   2868.79229746704 
 461   2862.14485112029 
 462   2846.73926316829 
 463   2840.06693870904 
 464   2834.6945404372 
 465   2803.55578929533 
 466   2770.05753944416 
 467   2746.46542973188 
 468   2723.24141852182 
 469   2693.48995445519 
 470   2654.71440579675 
 471   2610.72542046534 
 472   2572.50299933283 
 473   2534.57822110709 
 474   2491.17863475391 
 475   2454.2949899003 
 476   2423.89944453498 
 477   2395.93072741506 
 478   2369.5713831526 
 479   2341.15401960538 
 480   2313.23235374624 
 481   2294.14714939249 
 482   2279.27350315039 
 483   2259.31730187449 
 484   2232.27158365645 
 485   2220.79320528001 
 486   2224.09309158756 
 487   2224.74700006791 
 488   2216.93377679896 
 489   2208.29362303173 
 490   2209.94730283256 
 491   2224.17284863943 
 492   2232.10782942995 
 493   2231.10922008972 
 494   2244.28598227767 
 495   2249.58682863342 
 496   2246.48506592092 
 497   2262.12049468093 
 498   2281.86747807645 
 499   2305.76217306978 
 500   2343.95837388121 
 501   2381.11717534829 
 502   2419.94077890365 
 503   2463.88673090874 
 504   2495.73488301642 
 505   2536.30582858526 
 506   2595.70695747907 
 507   2648.5867797196 
 508   2708.67628689631 
 509   2772.68073752505 
 510   2812.09158528094 
 511   2832.83404317454 
 512   2869.98898127325 
 513   2947.88588442776 
 514   3023.85566792203 
 515   3113.09934670384 
 516   3227.62733838278 
 517   3307.51811356877 
 518   3380.75238664394 
 519   3476.1126186435 
 520   3574.68335536698 
 521   3697.66503823343 
 522   3826.589145239 
 523   3915.81746574144 
 524   4003.25232572806 
 525   4091.38421163385 
 526   4161.95946741216 
 527   4235.20022973546 
 528   4303.43192048716 
 529   4357.07877354003 
 530   4404.19360981317 
 531   4410.3077040645 
 532   4382.06698399132 
 533   4375.29861133686 
 534   4377.89927926257 
 535   4343.81969695561 
 536   4255.18361339345 
 537   4193.82620804638 
 538   4152.59183715747 
 539   4093.61846037861 
 540   4034.46468296871 
 541   3994.70954407355 
 542   3961.79102302015 
 543   3899.94528354619 
 544   3835.82127598139 
 545   3790.53223975364 
 546   3759.3553868427 
 547   3722.2837397406 
 548   3671.39368499058 
 549   3610.37966186317 
 550   3547.25377169869 
 551   3485.10114629519 
 552   3428.1100663536 
 553   3380.76511502455 
 554   3331.33681140219 
 555   3269.52030177398 
 556   3198.18548552702 
 557   3139.79848320993 
 558   3092.96096910186 
 559   3046.11038234155 
 560   2999.65212558643 
 561   2962.45110402131 
 562   2925.26395576178 
 563   2869.86180111474 
 564   2837.98619918757 
 565   2831.85432103218 
 566   2814.59747034258 
 567   2766.18045938264 
 568   2704.49026683615 
 569   2657.60266146303 
 570   2632.6623882627 
 571   2600.60756839145 
 572   2564.03243658372 
 573   2548.32458066949 
 574   2505.37028035106 
 575   2454.26454354971 
 576   2434.95753743237 
 577   2413.8382376033 
 578   2399.89299329785 
 579   2395.92009811056 
 580   2373.64819799279 
 581   2346.89099041403 
 582   2322.66654507632 
 583   2297.03072121745 
 584   2280.78010641947 
 585   2266.26481374578 
 586   2248.76687638573 
 587   2241.25336892211 
 588   2215.84695667491 
 589   2174.52808291049 
 590   2156.12607090396 
 591   2159.73148478986 
 592   2177.19922932212 
 593   2192.32258699586 
 594   2176.95319051837 
 595   2148.9677463085 
 596   2127.64196568977 
 597   2109.14441069688 
 598   2094.57728823405 
 599   2090.16639023942 
 600   2090.52384468328 
 601   2060.87510296989 
 602   2004.42306941877 
 603   1948.95227767155 
 604   1917.58232964311 
 605   1889.69975517611 
 606   1857.3756448183 
 607   1835.51826291764 
 608   1833.04564740622 
 609   1810.17980684201 
 610   1751.78524920317 
 611   1715.28202663772 
 612   1709.27605821094 
 613   1713.9025746267 
 614   1709.55248188786 
 615   1705.23405905944 
 616   1697.85594997563 
 617   1683.65742096244 
 618   1672.57789904436 
 619   1658.21292400233 
 620   1645.84151669089 
 621   1647.07346452899 
 622   1638.2611828061 
 623   1619.52630971733 
 624   1605.13349752506 
 625   1598.54613516456 
 626   1592.91083232687 
 627   1581.00465276275 
 628   1568.41045428085 
 629   1584.98546815077 
 630   1597.1268634798 
 631   1576.7142153611 
 632   1571.48985919106 
 633   1575.75918796478 
 634   1574.31881517724 
 635   1566.31353504224 
 636   1554.71065589458 
 637   1542.69673719866 
 638   1528.32218264639 
 639   1506.87735873802 
 640   1502.0029814239 
 641   1502.31748055215 
 642   1476.14556735874 
 643   1458.32530672703 
 644   1456.83522818491 
 645   1459.82534962527 
 646   1462.12313512118 
 647   1469.90352485962 
 648   1486.53780147407 
 649   1506.16754112391 
 650   1516.88468787053 
 651   1533.48124212125 
 652   1561.66647060084 
 653   1579.91315982881 
 654   1594.73913793228 
 655   1599.40705842278 
 656   1603.00395378435 
 657   1669.20089213657 
 658   1700.90866461795 
 659   1660.80069879676 
 660   1650.62680343869 
 661   1647.19122701734 
 662   1623.66580513408 
 663   1585.94183902842 
 664   1565.4218636518 
 665   1596.62924664123 
 666   1604.79072279431 
 667   1499.79153291601 
 668   1479.20737512261 
 669   1521.13439283513 
 670   1528.00297338177 
 671   1540.03312187401 
 672   1576.92368992023 
 673   1613.73734188669 
 674   1616.53395652337 
 675   1605.3333376862 
 676   1619.10518264047 
 677   1659.48290584734 
 678   1682.62715543354 
 679   1680.61966881433 
 680   1665.92077141694 
 681   1656.18941917556 
 682   1657.34884443078 
 683   1639.18133746088 
 684   1658.28867845167 
 685   1678.53510047309 
 686   1236.4855239096 
 687   834.01168585464 
 688   867.600685169826 
 689   887.362937000108 
 690   883.393151070823 
 691   887.346172312398 
 692   889.503632141369 
 693   919.658398690733 
 694   881.479535024965 
 695   1012.64706580645 
 696   1572.80541565682 
 697   1788.94298027778 
 698   1744.30338723176 
 699   1791.6963958605 
 700   1843.9245240831 
 701   1892.43482377724 
 702   1945.6994477028 
 703   1996.75256438302 
 704   2035.93628712417 
 705   2093.44561427813 
 706   2180.29049771147 
 707   2275.51543178711 
 708   2370.36866491819 
 709   2473.83327224919 
 710   2593.37593497181 
 711   2721.67327870933 
 712   2847.51660635039 
 713   2990.88527240827 
 714   3154.56868181497 
 715   3315.83321031178 
 716   3680.73223325699 
 717   4082.9297424581 
 718   4275.94365544177 
 719   4651.87060436127 
 720   4370.09426166929 
 721   3644.07676257838 
 722   3919.75754467155 
 723   4310.88546315948 
 724   4590.09674997953 
 725   4878.47102998058 
 726   4939.01363308708 
 727   5190.82876053166 
 728   5470.06885369613 
 729   5744.8974721567 
 730   6963.57761503133 
 731   7789.52300247139 
 732   7835.08429173859 
 733   8006.12497647691 
 734   8146.57096111186 
 735   8185.14338304007 
 736   8147.36623435478 
 737   8039.87681679472 
 738   7892.02731352196 
 739   7712.08910525014 
 740   7487.47096279155 
 741   7208.8876771432 
 742   6911.35880842664 
 743   6590.4253771997 
 744   6247.98158097172 
 745   5947.33462935573 
 746   5688.38615769056 
 747   5441.48605034603 
 748   5208.99627633903 
 749   5053.32788426199 
 750   4910.42491429714 
 751   4776.00723735535 
 752   4711.02856165092 
 753   4662.26201138983 
 754   4633.94915417013 
 755   4635.74728955735 
 756   4648.17774241171 
 757   4672.62826322199 
 758   4707.27777038438 
 759   4749.20308234178 
 760   4794.19243798665 
 761   4821.70132723341 
 762   4857.01566500588 
 763   4920.49110445282 
 764   4981.18817408303 
 765   5037.88887121882 
 766   5100.13538252406 
 767   5159.64234954563 
 768   5182.12124334258 
 769   5173.26452323459 
 770   5167.46552601211 
 771   5176.35769021521 
 772   5151.76433267714 
 773   5111.42685792434 
 774   5052.35894606377 
 775   4955.78078667879 
 776   4861.05592029893 
 777   4769.11043855896 
 778   4670.00480977291 
 779   4560.92836793994 
 780   4438.94751255127 
 781   4323.99630548523 
 782   4214.13332117718 
 783   4093.38336347684 
 784   3997.79689657583 
 785   3898.13913208724 
 786   3787.17697102364 
 787   3710.11733977886 
 788   3656.52286310201 
 789   3599.90081073177 
 790   3532.91213537502 
 791   3469.04551006774 
 792   3402.3760381186 
 793   3346.77651060553 
 794   3314.15712882223 
 795   3291.70865703647 
 796   3256.73658363422 
 797   3218.99392300067 
 798   3187.22170209458 
 799   3150.33775781368 
 800   3129.1471600402 
 801   3107.78310578679 
 802   3069.33113065812 
 803   3031.98987022667 
 804   3003.19262309771 
 805   2978.95795772747 
 806   2949.10362323109 
 807   2910.58125825934 
 808   2889.36685251364 
 809   2867.21974408096 
 810   2836.23685314808 
 811   2832.89569216932 
 812   2823.34230435991 
 813   2802.63131559312 
 814   2788.21987282013 
 815   2781.40285285564 
 816   2767.63204912444 
 817   2764.66254393594 
 818   2776.80073236461 
 819   2776.52415469544 
 820   2806.69875937022 
 821   2845.10860676678 
 822   2859.888267269 
 823   2871.96872628398 
 824   2883.5306189762 
 825   2916.75454900028 
 826   2971.17807730871 
 827   3012.34441108256 
 828   3061.8868582035 
 829   3097.17188291052 
 830   3115.8273218876 
 831   3167.10008738896 
 832   3242.49959792866 
 833   3324.64601092217 
 834   3407.08780923747 
 835   3498.03275103615 
 836   3614.91048044656 
 837   3759.35368204796 
 838   3917.43050102924 
 839   4082.78651281975 
 840   4284.57187136202 
 841   4500.58331343804 
 842   4719.47863895773 
 843   4958.83808659303 
 844   5210.41011459677 
 845   5478.62659895231 
 846   5778.07881646101 
 847   6107.47963341092 
 848   6428.18909698356 
 849   6733.49434596463 
 850   7065.26616183671 
 851   7456.32837189135 
 852   7866.21041443583 
 853   8286.04794322207 
 854   8701.79554019638 
 855   9089.80873949517 
 856   9443.69426618104 
 857   9792.55682787168 
 858   10160.7333065514 
 859   10512.0067643414 
 860   10764.6099656919 
 861   10960.9152234035 
 862   11127.8929865326 
 863   11265.3148122895 
 864   11380.7407635981 
 865   11495.5803205023 
 866   11588.6188736439 
 867   11673.0807031633 
 868   11802.6145308 
 869   11958.3985055096 
 870   12129.835579183 
 871   12330.7228414916 
 872   12570.1931971619 
 873   12820.4609288198 
 874   13094.199783459 
 875   13409.7145586845 
 876   13759.9070805262 
 877   14107.9030479646 
 878   14422.0180281146 
 879   14722.982113003 
 880   15013.0245505785 
 881   15232.7291908962 
 882   15392.9944739947 
 883   15469.6628964224 
 884   15427.8395110493 
 885   15258.6099445104 
 886   14961.8604079336 
 887   14576.0938260728 
 888   14098.494398399 
 889   13500.0673005822 
 890   12830.8584396707 
 891   12149.532905128 
 892   11467.2439901213 
 893   10799.3232117733 
 894   10217.6829174911 
 895   9710.98124364468 
 896   9284.07537242439 
 897   8956.58009134858 
 898   8731.05974085075 
 899   8607.77246725534 
 900   8558.30271036253 
 901   8573.51305489388 
 902   8654.19805211971 
 903   8744.44462826259 
 904   8853.72506950113 
 905   8984.9420538909 
 906   9093.89955180321 
 907   9120.28751729913 
 908   9072.83994310157 
 909   9019.25570376241 
 910   8950.35581113228 
 911   8765.53244377232 
 912   8524.11093248477 
 913   8217.17121018543 
 914   7827.24855591428 
 915   7399.26480360528 
 916   6997.93207239632 
 917   6582.34797979744 
 918   6160.54768986652 
 919   5770.44287109384 
 920   5389.6169760815 
 921   5029.57564082483 
 922   4713.34628127606 
 923   4442.12121834337 
 924   4196.93462273082 
 925   3979.9878636913 
 926   3790.38979423425 
 927   3630.9732254957 
 928   3504.02823977206 
 929   3400.37706520807 
 930   3316.2677585684 
 931   3240.73285898461 
 932   3168.4678390165 
 933   3109.74066954826 
 934   3069.3888067085 
 935   3024.62102834284 
 936   2975.29870754384 
 937   2938.33945868869 
 938   2897.90999382111 
 939   2848.94641307019 
 940   2784.62585807859 
 941   2719.75657571033 
 942   2681.41117132798 
 943   2629.414942687 
 944   2603.35983755185 
 945   2591.8126103603 
 946   2552.27071159266 
 947   2549.36527701148 
 948   2536.31053639486 
 949   2543.03723605334 
 950   2586.83477952448 
 951   2592.52427852478 
 952   2589.01341813639 
 953   2571.07786385838 
 954   2547.90640907104 
 955   2540.03292816082 
 956   2527.65249198224 
 957   2538.8353980919 
 958   2542.89439482056 
 959   2523.88286866657 
 960   2527.60832226011 
 961   2547.73537784731 
 962   2569.91643166243 
 963   2585.51807433037 
 964   2595.57415703125 
 965   2608.31291134954 
 966   2623.37101320438 
 967   2646.86536262995 
 968   2679.24909202334 
 969   2711.86043300377 
 970   2748.17491652335 
 971   2815.16075101889 
 972   2875.5334521857 
 973   2910.50272753858 
 974   2977.7150591375 
 975   3047.36608673688 
 976   3098.01906937357 
 977   3153.22928562948 
 978   3226.62584236394 
 979   3274.41690810373 
 980   3328.20209154907 
 981   3406.58329090312 
 982   3498.81593846685 
 983   3580.30741611796 
 984   3632.35526962425 
 985   3710.82263543325 
 986   3788.97283772046 
 987   3839.36864810676 
 988   3913.03439220804 
 989   3963.79497570198 
 990   4014.19698802013 
 991   4058.15525077231 
 992   4084.65069904555 
 993   4151.84505467319 
 994   4217.15189227531 
 995   4293.8817259829 
 996   4379.59603566536 
 997   4448.0118747409 
 998   4542.76278504647 
 999   4648.61013587662 
 1000   4798.76080133488 
 1001   4997.80162161483 
 1002   5185.86203027188 
 1003   5372.64569727899 
 1004   5602.33480418 
 1005   5883.14336784902 
 1006   6196.68657054359 
 1007   6538.86102492209 
 1008   6918.81286506725 
 1009   7315.39221062043 
 1010   7725.5637811839 
 1011   8173.09763260085 
 1012   8664.62550315319 
 1013   9155.15554565525 
 1014   9659.60759429269 
 1015   10178.0624759502 
 1016   10679.4995816023 
 1017   11168.1071302668 
 1018   11682.6628710624 
 1019   12195.5569605908 
 1020   12656.3980673471 
 1021   13078.9726675295 
 1022   13532.084062413 
 1023   13932.6044250303 
 1024   14299.0658551911 
 1025   14622.5743751708 
 1026   14838.4732947848 
 1027   15004.5475005602 
 1028   15151.7850988671 
 1029   15319.7331393728 
 1030   15441.5182122128 
 1031   15439.6990648374 
 1032   15459.8693536315 
 1033   15417.589384899 
 1034   15338.822076985 
 1035   15263.6240695281 
 1036   15151.7989289945 
 1037   15042.4695678578 
 1038   14905.1903166708 
 1039   14746.686345766 
 1040   14586.8340810678 
 1041   14427.7862889701 
 1042   14297.8371230118 
 1043   14186.8110328218 
 1044   13987.1547309952 
 1045   13891.6924946322 
 1046   14092.7716816177 
 1047   14001.1265319987 
 1048   13849.812066296 
 1049   13760.104429708 
 1050   13702.3546107126 
 1051   13733.1117439584 
 1052   13821.9121408738 
 1053   13857.8394516796 
 1054   13811.5596639339 
 1055   13875.4412804511 
 1056   14201.4288694462 
 1057   14535.5554834495 
 1058   14877.7598004601 
 1059   15258.7890483374 
 1060   15600.7184869332 
 1061   15861.9035885073 
 1062   16187.2527635356 
 1063   16537.7886021263 
 1064   16801.803253942 
 1065   16986.1222978194 
 1066   17169.1162729901 
 1067   17334.2802794666 
 1068   17479.3844336618 
 1069   17635.6033959968 
 1070   17752.9042674207 
 1071   17779.7258038071 
 1072   17780.2351730795 
 1073   17759.1484598081 
 1074   17724.963636959 
 1075   17625.4915049256 
 1076   17457.5434208265 
 1077   17286.9181494571 
 1078   16986.4711848973 
 1079   16604.7811950112 
 1080   16179.7580986173 
 1081   15701.4904051572 
 1082   15171.3353948032 
 1083   14590.3895027891 
 1084   14020.338469533 
 1085   13386.9393352728 
 1086   12660.7884049493 
 1087   11936.7996375792 
 1088   11247.3033075897 
 1089   10581.4434769798 
 1090   9940.80016380359 
 1091   9306.86328832534 
 1092   8691.93451791134 
 1093   8153.39458402534 
 1094   7606.69460629423 
 1095   7114.39932144842 
 1096   6661.83923198142 
 1097   6207.3850870927 
 1098   5802.87447582844 
 1099   5436.53436248287 
 1100   5102.41193415658 
 1101   4814.51649169861 
 1102   4551.78828443891 
 1103   4291.72701410124 
 1104   4085.17526460799 
 1105   3910.25434237292 
 1106   3757.44474907786 
 1107   3621.69039340898 
 1108   3501.5372479246 
 1109   3405.02532769838 
 1110   3310.79447480585 
 1111   3226.50686285756 
 1112   3148.98299779935 
 1113   3079.75444394545 
 1114   3026.28354625788 
 1115   2965.4927746757 
 1116   2920.75369240203 
 1117   2900.20354708032 
 1118   2884.05979360563 
 1119   2862.2447198988 
 1120   2855.13916975832 
 1121   2864.3382503357 
 1122   2861.09470941272 
 1123   2873.89196602854 
 1124   2914.47011869855 
 1125   2932.75175703954 
 1126   2929.48613297804 
 1127   2971.23269563053 
 1128   3033.59289620385 
 1129   3092.20642125882 
 1130   3166.49057767295 
 1131   3257.60555787977 
 1132   3343.24509184749 
 1133   3445.98863531555 
 1134   3572.58428542442 
 1135   3707.96966246167 
 1136   3846.50400411925 
 1137   3996.76263133579 
 1138   4150.41695510554 
 1139   4307.34033461673 
 1140   4460.96465183866 
 1141   4597.99615967975 
 1142   4727.00104333502 
 1143   4880.68765751703 
 1144   5014.93564361706 
 1145   5144.24619014055 
 1146   5277.99868187703 
 1147   5396.98382153528 
 1148   5510.77436054442 
 1149   5630.11424864831 
 1150   5755.93173241955 
 1151   5859.15692830642 
 1152   5933.95931107695 
 1153   5997.95137973007 
 1154   6044.84522550818 
 1155   6098.66249978824 
 1156   6128.8891478787 
 1157   6127.30760313995 
 1158   6097.53624596176 
 1159   6032.09730514494 
 1160   5948.0830503832 
 1161   5838.25298831783 
 1162   5722.94861230115 
 1163   5579.56800597916 
 1164   5399.74079922745 
 1165   5221.68169700678 
 1166   5019.33385677446 
 1167   4809.84257299587 
 1168   4624.54350593382 
 1169   4453.49407440899 
 1170   4268.34943057276 
 1171   4071.8363191069 
 1172   3885.56315460645 
 1173   3721.98270722681 
 1174   3578.67214201986 
 1175   3444.96245179435 
 1176   3311.01575540847 
 1177   3173.70105461983 
 1178   3039.73172525753 
 1179   2928.69052028822 
 1180   2837.8543702161 
 1181   2758.2491224378 
 1182   2691.20513398403 
 1183   2639.58502075526 
 1184   2596.88725078095 
 1185   2562.31802446195 
 1186   2559.72231871065 
 1187   2573.92630651509 
 1188   2577.83341005307 
 1189   2589.12853936088 
 1190   2614.51011356943 
 1191   2634.88500430117 
 1192   2661.27816373064 
 1193   2698.222180447 
 1194   2730.08084993257 
 1195   2756.72853407067 
 1196   2806.25019328733 
 1197   2883.02209375788 
 1198   2949.19055535215 
 1199   3001.63588795634 
 1200   3076.08296540633 
 1201   3178.85975759882 
 1202   3270.826262534 
 1203   3359.50691193442 
 1204   3448.14147272207 
 1205   3530.36289004557 
 1206   3596.48713062498 
 1207   3665.55818470918 
 1208   3773.50435370003 
 1209   3843.17075219042 
 1210   3893.08101526537 
 1211   3944.81954855671 
 1212   3994.72818613967 
 1213   4039.70130465817 
 1214   4088.5583026682 
 1215   4167.90063313322 
 1216   4222.85652026768 
 1217   4255.90157157627 
 1218   4317.22920691819 
 1219   4410.09217975226 
 1220   4494.99014451951 
 1221   4577.83298096084 
 1222   4630.63255754006 
 1223   4694.51096686266 
 1224   4765.98011193788 
 1225   4837.37890261987 
 1226   4919.1408634663 
 1227   4969.3954812772 
 1228   5029.57003826852 
 1229   5098.62586305922 
 1230   5204.66293733169 
 1231   5309.07187368588 
 1232   5377.94759743581 
 1233   5470.50509937354 
 1234   5546.30850753717 
 1235   5621.33672359797 
 1236   5729.77965328401 
 1237   5823.29040518097 
 1238   5881.45442682081 
 1239   5966.62364425949 
 1240   6073.59476085704 
 1241   6132.05173440608 
 1242   6229.88096692274 
 1243   6346.27477058449 
 1244   6431.09433644422 
 1245   6509.95333367866 
 1246   6608.15681934222 
 1247   6691.62930701834 
 1248   6734.44859158716 
 1249   6808.81853354967 
 1250   6879.28845073774 
 1251   6931.15252207836 
 1252   6987.4906309206 
 1253   7001.07388278173 
 1254   7040.8046032903 
 1255   7055.4101550421 
 1256   7071.89160756347 
 1257   7071.7896438418 
 1258   7050.61919638304 
 1259   7046.0464598709 
 1260   7025.46917518406 
 1261   7027.53815932398 
 1262   7022.12599580765 
 1263   7006.88740195483 
 1264   6998.45337577417 
 1265   7007.17392721645 
 1266   7038.6124733523 
 1267   7086.72677794033 
 1268   7137.76562412712 
 1269   7165.92421498965 
 1270   7209.85234239149 
 1271   7289.59130062651 
 1272   7369.89319650819 
 1273   7432.73491654406 
 1274   7510.14889572963 
 1275   7605.24242311916 
 1276   7693.69175765037 
 1277   7820.7982203242 
 1278   7954.77270091255 
 1279   8054.8256355737 
 1280   8168.83097867626 
 1281   8295.23625858853 
 1282   8407.68968352245 
 1283   8511.82907214235 
 1284   8611.15753130177 
 1285   8688.61522688229 
 1286   8758.6358212552 
 1287   8839.58147819411 
 1288   8894.11022762134 
 1289   8947.98650392885 
 1290   8978.83098909666 
 1291   8991.162046359 
 1292   9022.82821596391 
 1293   9044.53300778298 
 1294   9018.48568676877 
 1295   8985.90613861327 
 1296   8906.40148720363 
 1297   8826.71915319446 
 1298   8736.61919896963 
 1299   8615.50881734407 
 1300   8450.92363528855 
 1301   8271.84842655708 
 1302   8116.43891786904 
 1303   7928.53155426776 
 1304   7774.8021438804 
 1305   7610.3228196411 
 1306   7455.45256852203 
 1307   7323.8775631476 
 1308   7200.72504773576 
 1309   7087.68630678693 
 1310   6969.54094285648 
 1311   6877.91922952604 
 1312   6771.34638093012 
 1313   6689.62136259966 
 1314   6619.29585023582 
 1315   6538.51433790383 
 1316   6459.34865199107 
 1317   6385.58941831851 
 1318   6362.85460957702 
 1319   6347.93602926193 
 1320   6349.25849289393 
 1321   6347.19172390967 
 1322   6341.85353920411 
 1323   6342.89191876319 
 1324   6344.61640829457 
 1325   6359.75232451465 
 1326   6373.83260236144 
 1327   6392.41111816743 
 1328   6411.01929673669 
 1329   6434.36223965116 
 1330   6426.732736087 
 1331   6456.57389670504 
 1332   6589.29185703211 
 1333   6658.32688663413 
 1334   6741.77819682813 
 1335   6680.72167734274 
 1336   6610.87612803127 
 1337   6570.24435326654 
 1338   6541.76553344588 
 1339   6389.64166161594 
 1340   6068.33920388282 
 1341   5994.57236085586 
 1342   5929.02215740852 
 1343   5890.05011042103 
 1344   5830.663230357 
 1345   5734.45065960832 
 1346   5665.68947374112 
 1347   5609.13909860005 
 1348   5542.97693111377 
 1349   5556.03963073818 
 1350   5533.59795691294 
 1351   5537.26313519067 
 1352   5557.89244338786 
 1353   5593.63215619911 
 1354   5650.13307168883 
 1355   5736.03048292377 
 1356   5829.98144119697 
 1357   5878.31023277424 
 1358   5978.80977169456 
 1359   6052.04064588384 
 1360   6166.78691123907 
 1361   6270.03588816744 
 1362   6365.92216083349 
 1363   6440.30676683258 
 1364   6471.06229289987 
 1365   6567.99627223482 
 1366   6643.61683363753 
 1367   6716.17395985251 
 1368   6780.77157303332 
 1369   6894.910105309 
 1370   7021.13674401531 
 1371   7152.30494558148 
 1372   7300.81217313966 
 1373   7415.44251410864 
 1374   7530.1289062499 
 1375   7635.92529139473 
 1376   7725.54498493139 
 1377   7737.86046219279 
 1378   7717.85442276778 
 1379   7681.41700727562 
 1380   7621.36415578285 
 1381   7543.85056565957 
 1382   7433.59496313649 
 1383   7329.75044193254 
 1384   7209.09882024249 
 1385   7086.25509334208 
 1386   6961.61052279287 
 1387   6855.67445321696 
 1388   6734.34984525657 
 1389   6591.05903987091 
 1390   6477.64674027523 
 1391   6381.93570825386 
 1392   6291.85294458646 
 1393   6222.42763772748 
 1394   6145.7412622622 
 1395   6096.56622576058 
 1396   6053.47171777259 
 1397   6011.6804896093 
 1398   5974.52634366817 
 1399   5914.34445824212 
 1400   5858.37771216263 
 1401   5836.5708031096 
 1402   5775.06068474499 
 1403   5703.39697452289 
 1404   5682.96692025063 
 1405   5646.00489640456 
 1406   5603.6755977847 
 1407   5586.83891418449 
 1408   5538.99696865485 
 1409   5479.89952929945 
 1410   5479.16714198715 
 1411   5445.24225358537 
 1412   5372.89652824423 
 1413   5329.30066127078 
 1414   5299.81114170801 
 1415   5283.30932736905 
 1416   5295.4743324894 
 1417   5286.5909960418 
 1418   5254.7924803438 
 1419   5285.65861801553 
 1420   5332.94087520252 
 1421   5407.0022489693 
 1422   5480.420855888 
 1423   5533.27484819313 
 1424   5601.58506260479 
 1425   5693.17244729924 
 1426   5956.70105919599 
 1427   5802.85130166192 
 1428   5117.93379137187 
 1429   5354.17218413847 
 1430   5532.35442956247 
 1431   5789.03798302761 
 1432   6041.34260797812 
 1433   6373.98749980535 
 1434   6574.89893310321 
 1435   7484.57322239399 
 1436   8507.73041350858 
 1437   8770.68026336547 
 1438   9217.42653762021 
 1439   9621.03750301284 
 1440   10054.6143951882 
 1441   10435.5263702622 
 1442   10818.5335690873 
 1443   11184.6220974749 
 1444   11534.0239254946 
 1445   11863.6477582137 
 1446   12165.1415141205 
 1447   12438.8161389073 
 1448   12693.8099962652 
 1449   12934.5180139196 
 1450   13116.5295243035 
 1451   13274.3187389696 
 1452   13438.5859827777 
 1453   13614.3186054675 
 1454   13742.7265452087 
 1455   13880.2905549741 
 1456   14011.9513665739 
 1457   14137.1130878346 
 1458   14278.5694879981 
 1459   14394.9983060944 
 1460   14511.9169878481 
 1461   14566.1075771395 
 1462   14631.4958013817 
 1463   14653.2397594266 
 1464   14665.6323092171 
 1465   14646.2167374436 
 1466   14619.0293132816 
 1467   14565.299680325 
 1468   14459.2364759628 
 1469   14320.0972408772 
 1470   14144.6307936519 
 1471   13937.3305827002 
 1472   13683.5009340371 
 1473   13396.2585383251 
 1474   13024.919840308 
 1475   12624.8122369497 
 1476   12206.0824274909 
 1477   11800.9704649884 
 1478   11355.7405938768 
 1479   10866.6641164537 
 1480   10373.7528557674 
 1481   9863.78810180218 
 1482   9377.46954483673 
 1483   8916.89501238313 
 1484   8444.36762302274 
 1485   7930.25042272104 
 1486   7454.05042471182 
 1487   6976.77605630232 
 1488   6526.85006809253 
 1489   6169.78958074386 
 1490   5815.64930178867 
 1491   5435.23038919205 
 1492   5114.21289646187 
 1493   4853.58823741706 
 1494   4622.15999496985 
 1495   4407.3203532554 
 1496   4205.77883637792 
 1497   4000.65071870942 
 1498   3835.98587431757 
 1499   3697.56900963219 
 1500   3557.42660792008 
 1501   3437.51596101602 
 1502   3351.86750818794 
 1503   3297.92996588207 
 1504   3249.23706922785 
 1505   3189.29120976634 
 1506   3156.36274938888 
 1507   3151.57157352708 
 1508   3121.02934635357 
 1509   3049.39396067396 
 1510   3004.94314886831 
 1511   2953.04338327192 
 1512   2917.19655856905 
 1513   2880.98232283506 
 1514   2815.27111857534 
 1515   2766.44690949724 
 1516   2765.88513499228 
 1517   2777.41251445221 
 1518   2756.46302055542 
 1519   2701.30373701587 
 1520   2652.39285365544 
 1521   2615.57232549756 
 1522   2589.9064452655 
 1523   2554.11081264249 
 1524   2517.63544562831 
 1525   2479.67846118042 
 1526   2478.51139916832 
 1527   2478.01635284205 
 1528   2491.25850242423 
 1529   2494.64646993501 
 1530   2474.76651275202 
 1531   2460.54565893154 
 1532   2440.90808971967 
 1533   2434.14039129721 
 1534   2439.76501149679 
 1535   2428.22503949956 
 1536   2386.85332385711 
 1537   2385.44603578246 
 1538   2393.38188534711 
 1539   2377.81208309403 
 1540   2348.27247230248 
 1541   2314.45436454787 
 1542   2281.79364715331 
 1543   2264.12780229647 
 1544   2258.83766555777 
 1545   2247.44467362962 
 1546   2232.00212534677 
 1547   2239.9400432314 
 1548   2258.5773457647 
 1549   2249.70215855248 
 1550   2268.49158408857 
 1551   2271.93955793614 
 1552   2269.03535338403 
 1553   2234.10238139794 
 1554   2209.72913980172 
 1555   2198.55805289872 
 1556   2197.99919303787 
 1557   2183.72540066099 
 1558   2169.1754465446 
 1559   2156.89328679262 
 1560   2153.64726009768 
 1561   2168.16041906578 
 1562   2163.36247139466 
 1563   2150.40707434535 
 1564   2151.60363719144 
 1565   2129.38622433082 
 1566   2107.43340468325 
 1567   2106.85269978245 
 1568   2084.08993019957 
 1569   2063.36064439411 
 1570   2065.67693159815 
 1571   2065.41471657563 
 1572   2062.9255457731 
 1573   2066.87038362786 
 1574   2067.06549970836 
 1575   2054.18699396031 
 1576   2046.5041232824 
 1577   2050.61017297349 
 1578   2046.99349008911 
 1579   2031.06754633358 
 1580   2013.84000971638 
 1581   1993.40646525968 
 1582   1971.41846589346 
 1583   1992.82254021473 
 1584   1980.1056095473 
 1585   1916.14108325942 
 1586   1901.49713433553 
 1587   1896.8719791334 
 1588   1901.57023159113 
 1589   1895.69340037646 
 1590   1885.55190870235 
 1591   1870.74729934766 
 1592   1880.19450913377 
 1593   1872.1063060402 
 1594   1866.79124852874 
 1595   1867.88241435028 
 1596   1848.97645812273 
 1597   1848.15141285914 
 1598   1841.03089713307 
 1599   1839.4813067333 
 1600   1856.32763620833 
 1601   1851.97437673947 
 1602   1834.59580799602 
 1603   1848.77650861975 
 1604   1847.71299646531 
 1605   1845.0734739627 
 1606   1860.0679164072 
 1607   1847.78503102657 
 1608   1836.68476008244 
 1609   1840.55711584309 
 1610   1822.9016699262 
 1611   1823.84332992895 
 1612   1821.72777969343 
 1613   1801.78534822594 
 1614   1787.55615664787 
 1615   1790.44724470869 
 1616   1810.79496737337 
 1617   1821.20567851259 
 1618   1811.0661803442 
 1619   1803.22191109691 
 1620   1814.89947774079 
 1621   1827.98279410243 
 1622   1817.07070004614 
 1623   1817.65284676282 
 1624   1764.23993057096 
 1625   1760.75454259866 
 1626   1731.59204153951 
 1627   1721.45245792233 
 1628   1721.63195775953 
 1629   1732.4006928894 
 1630   1738.07257302951 
 1631   1759.08973426463 
 1632   1763.51425931262 
 1633   1787.18776225347 
 1634   1795.12750019594 
 1635   1760.93526383047 
 1636   1766.19823937739 
 1637   1763.74501583427 
 1638   1738.2937614686 
 1639   1737.54638611428 
 1640   1726.62702769422 
 1641   1717.42848178957 
 1642   1745.76270413229 
 1643   1741.57804375832 
 1644   1698.19544419038 
 1645   1692.85862359944 
 1646   1692.39945433932 
 1647   1720.58184466798 
 1648   1712.62174668646 
 1649   1699.32652950812 
 1650   1680.48925447022 
 1651   1687.80532947234 
 1652   1688.7281231327 
 1653   1708.51409993613 
 1654   1672.04178302101 
 1655   1669.69514402009 
 1656   1656.01843287525 
 1657   1684.60049503951 
 1658   1686.02964569231 
 1659   1661.44122334977 
 1660   1660.77691335156 
 1661   1649.41426392435 
 1662   1627.08553897961 
 1663   1643.48169320621 
 1664   1614.06971953771 
 1665   1599.24119592191 
 1666   1613.77490568714 
 1667   1600.22215915656 
 1668   1604.6039157538 
 1669   1620.46821672298 
 1670   1601.80918265068 
 1671   1609.62947381102 
 1672   1632.99801042714 
 1673   1617.70897871578 
 1674   1617.75121219622 
 1675   1610.49440560213 
 1676   1597.66566619204 
 1677   1611.23577071732 
 1678   1595.19905710193 
 1679   1557.99585661357 
 1680   1543.20459323616 
 1681   1530.77943461645 
 1682   1513.67699973662 
 1683   1507.89515062104 
 1684   1491.22371155955 
 1685   1473.51116522279 
 1686   1480.1500877235 
 1687   1498.30830519341 
 1688   1512.01275180122 
 1689   1506.16167282427 
 1690   1476.52470418529 
 1691   1482.4649436824 
 1692   1473.42808545382 
 1693   1464.32107056887 
 1694   1431.0470315781 
 1695   1429.17807064526 
 1696   1409.62608108103 
 1697   1437.3192017125 
 1698   1422.47943092774 
 1699   1409.07935677977 
 1700   1397.80271950574 
 1701   1404.61619345371 
 1702   1437.96826003871 
 1703   1102.82130553206 
 1704   958.104439923731 
 1705   990.885469481647 
 1706   1000.81136624686 
 1707   1000.8923259513 
 1708   1005.51434617893 
 1709   951.769627725323 
 1710   1231.35349684086 
 1711   1418.86548858851 
 1712   1379.92926174213 
 1713   1382.35667433336 
 1714   1396.97883289126 
 1715   1386.31784185823 
 1716   1387.1021520389 
 1717   1410.36613296723 
 1718   1408.65280752168 
 1719   1367.20428876449 
 1720   1341.95910754985 
 1721   1330.3526315727 
 1722   1314.56312316107 
 1723   1300.33638978683 
 1724   1274.54570482528 
 1725   1274.71920806483 
 1726   1293.41888602279 
 1727   1304.36298418788 
 1728   1281.98430542145 
 1729   1281.30491402636 
 1730   1271.91832777276 
 1731   1261.06952004211 
 1732   1248.08289958892 
 1733   1239.59905560563 
 1734   1241.70377223809 
 1735   1225.84054831568 
 1736   1209.67802823912 
 1737   1208.84589795595 
 1738   1190.90599169047 
 1739   1193.36552222678 
 1740   1196.51584132023 
 1741   1173.40894977335 
 1742   1183.85950782986 
 1743   1207.13495211275 
 1744   1190.33092416361 
 1745   1189.59078107342 
 1746   1166.86266996392 
 1747   1149.65625202091 
 1748   1155.50161326736 
 1749   1138.28240908531 
 1750   1116.267562634 
 1751   1130.04744972796 
 1752   1139.07237938503 
 1753   1126.97346298151 
 1754   1129.79832011751 
 1755   1138.18608250387 
 1756   1136.39047006 
 1757   1132.02275372013 
 1758   1113.54583352191 
 1759   1099.51374901752 
 1760   1115.3824741017 
 1761   1125.65813161708 
 1762   1104.12687642966 
 1763   1104.11019915123 
 1764   1103.12817021231 
 1765   1099.25141040699 
 1766   1107.82842033124 
 1767   1094.91618092463 
 1768   1055.42983220617 
 1769   1062.93530405033 
 1770   1055.65369745815 
 1771   1035.02084506392 
 1772   1038.60860784392 
 1773   1011.88023305812 
 1774   1015.07377959323 
 1775   1032.43111219529 
 1776   1018.37625129303 
 1777   1017.02040359633 
 1778   1026.86654508594 
 1779   1008.23030950852 
 1780   998.285552139236 
 1781   989.588915970269 
 1782   963.134387163344 
 1783   954.569720834559 
 1784   949.794725276102 
 1785   932.728169651768 
 1786   931.197027438417 
 1787   942.383043020291 
 1788   943.982290266577 
 1789   960.249627376139 
 1790   966.551872767668 
 1791   957.237654757675 
 1792   952.400179958426 
 1793   947.486462181561 
 1794   925.590562111327 
 1795   905.404306512668 
 1796   890.3115113823 
 1797   864.641480090842 
 1798   839.316345150723 
 1799   834.851790265337 
 1800   863.097656698259 
 1801   876.21580982717 
 1802   874.970182397174 
 1803   852.812858429874 
 1804   844.128401719856 
 1805   862.162126167585 
 1806   866.582127468449 
 1807   847.247435806535 
 1808   849.764682805201 
 1809   850.202517474514 
 1810   852.253424046857 
 1811   856.233142914937 
 1812   874.444851268299 
 1813   872.399380682049 
 1814   876.226063664304 
 1815   873.115002571616 
 1816   882.129909853514 
 1817   881.407476855343 
 1818   873.219762812744 
 1819   863.844752184656 
 1820   857.097973949642 
 1821   841.771227992068 
 1822   820.162942879954 
 1823   816.69598481478 
 1824   844.516417007481 
 1825   844.578969434015 
 1826   833.411212074231 
 1827   830.139932249052 
 1828   839.308506569732 
 1829   850.395368160047 
 1830   859.710090904916 
 1831   847.883016670297 
 1832   835.073771301315 
 1833   828.004031513964 
 1834   813.130090503781 
 1835   815.993073717007 
 1836   804.5131475605 
 1837   789.784069932264 
 1838   783.619009716244 
 1839   778.994304485369 
 1840   789.080421631712 
 1841   785.132269381847 
 1842   793.381641970675 
 1843   811.963057786647 
 1844   811.53931991685 
 1845   843.179180566631 
 1846   843.720106975028 
 1847   846.042949359585 
 1848   820.571274799549 
 1849   794.856709591027 
 1850   771.606702513488 
 1851   741.828259109717 
 1852   721.107551945643 
 1853   717.597848686474 
 1854   699.791886775077 
 1855   734.562541263818 
 1856   733.750765677202 
 1857   755.230164638301 
 1858   756.13511126957 
 1859   762.1903998556 
 1860   777.801703802066 
 1861   793.471677802161 
 1862   797.515896534654 
 1863   811.531796588922 
 1864   781.654259888581 
 1865   796.014728409871 
 1866   793.128024759364 
 1867   782.82923392899 
 1868   785.954857974433 
 1869   788.435207834461 
 1870   772.05565772633 
 1871   769.81247002342 
 1872   756.120409664011 
 1873   741.16245733808 
 1874   731.483564944107 
 1875   701.77243445305 
 1876   672.368905029573 
 1877   683.055361781087 
 1878   691.485142275943 
 1879   684.215114072135 
 1880   708.917710593705 
 1881   716.638596552529 
 1882   712.912991140174 
 1883   715.127739188213 
 1884   718.874822281359 
 1885   712.676996861803 
 1886   713.59317065178 
 1887   686.567268094233 
 1888   693.460420758132 
 1889   695.987722392385 
 1890   700.36300998544 
 1891   691.568259968127 
 1892   682.764451263584 
 1893   695.111462589584 
 1894   676.711883994083 
 1895   682.416272210388 
 1896   678.076359133868 
 1897   694.166224800254 
 1898   698.579919504892 
 1899   691.565620923911 
 1900   668.047135538766 
 1901   675.802694821152 
 1902   656.546596706212 
 1903   645.237620253295 
 1904   617.883077747423 
 1905   619.914930537444 
 1906   639.851765782967 
 1907   668.417212815747 
 1908   662.140419537773 
 1909   666.068251828673 
 1910   678.903665110687 
 1911   652.690520077909 
 1912   633.807897467582 
 1913   607.18636535387 
 1914   595.914291834209 
 1915   599.897138008846 
 1916   567.685332949691 
 1917   567.17608299715 
 1918   596.509031583695 
 1919   618.511540209086 
 1920   631.74263522744 
 1921   635.321053019802 
 1922   635.471695770019 
 1923   592.166299019123 
 1924   585.824111659633 
 1925   578.641480026932 
 1926   565.91084757068 
 1927   548.013144896481 
 1928   532.504980469502 
 1929   557.516958861247 
 1930   573.229637005103 
 1931   572.980164258829 
 1932   565.481790681518 
 1933   552.950923847644 
 1934   565.02021702672 
 1935   570.385049093385 
 1936   576.741082947836 
 1937   585.728451638288 
 1938   583.340843667663 
 1939   605.49706873692 
 1940   596.196136756121 
 1941   600.526280204489 
 1942   585.203974204896 
 1943   583.644893475619 
 1944   592.34359564174 
 1945   581.52243863295 
 1946   575.256725310322 
 1947   532.075066450584 
 1948   489.638130468107 
 1949   497.601395796062 
 1950   498.708614863699 
 1951   467.28191398538 
 1952   467.270091136909 
 1953   459.683577300674 
 1954   521.902893279616 
 1955   535.08061735409 
 1956   533.546310342399 
 1957   527.419889908235 
 1958   520.181418957431 
 1959   500.651567321709 
 1960   511.029708938254 
 1961   500.970694876499 
 1962   476.089638689303 
 1963   493.966279054101 
 1964   506.762794123615 
 1965   527.743585586398 
 1966   553.418999619836 
 1967   535.009489435541 
 1968   546.789216459186 
 1969   531.40179858726 
 1970   510.761900297751 
 1971   516.147703323107 
 1972   504.681364304233 
 1973   480.270392074107 
 1974   456.555956321149 
 1975   467.37962213026 
 1976   478.426382383108 
 1977   450.928719079887 
 1978   442.107987984933 
 1979   446.482524375982 
 1980   471.450496685553 
 1981   460.033591101667 
 1982   444.024938951839 
 1983   441.601961945925 
 1984   434.706968714233 
 1985   427.511560032454 
 1986   420.291935061806 
 1987   409.855398386335 
 1988   392.816840663512 
 1989   386.607786964473 
 1990   404.021270626357 
 1991   422.844563870344 
 1992   418.980896753989 
 1993   407.071838356424 
 1994   447.038602260986 
 1995   447.641600215045 
 1996   434.553803250132 
 1997   432.530167450136 
 1998   420.600367882124 
 1999   435.975285948969 
 2000   423.30053491572 
 2001   435.245957846859 
 2002   449.390731096552 
 2003   434.473609790946 
 2004   434.302991847096 
 2005   425.64704795187 
 2006   411.327575877081 
 2007   418.142079372824 
 2008   397.231832561996 
 2009   405.811579879436 
 2010   390.851225125831 
 2011   379.642866562835 
 2012   399.052942758177 
 2013   383.173485866192 
 2014   365.790215176642 
 2015   332.523461294375 
 2016   336.522528328931 
 2017   330.350166612674 
 2018   303.807639653316 
 2019   298.5471307585 
 2020   323.044672791326 
 2021   332.778892618135 
 2022   324.735795858439 
 2023   331.579152943523 
 2024   347.510576866481 
 2025   370.966579457074 
 2026   353.384968787209 
 2027   372.449867562 
 2028   383.361084119425 
 2029   373.959993630392 
 2030   381.911306505097 
 2031   370.099695900738 
 2032   371.623250334633 
 2033   343.441010486345 
 2034   332.4185630444 
 2035   357.500930411257 
 2036   346.518054014228 
 2037   332.881751644951 
 2038   322.329180535882 
 2039   315.788235689259 
 2040   320.968523876635 
 2041   309.083498444379 
 2042   292.417466866043 
 2043   302.032362462132 
 2044   294.159060415605 
 2045   300.508238787137 
 2046   304.978742219656 
 2047   319.357388906636 
 2048   323.508790057016 
 2049   334.377008098412 
 2050   315.342954407704 
 2051   341.440530537767 
 2052   355.015264688791 
 2053   330.075465427915 
 2054   338.532103545628 
 2055   338.853147483856 
 2056   367.972155568948 
 2057   360.084673991902 
 2058   303.045924017661 
 2059   298.703249953539 
 2060   293.17629100974 
 2061   268.224257220259 
 2062   275.706996485126 
 2063   247.617975017404 
 2064   267.780399131091 
 2065   267.485268566668 
 2066   272.070306942369 
 2067   288.460507705931 
 2068   269.272962806458 
 2069   252.963565460111 
 2070   266.081073783708 
 2071   287.985487719637 
 2072   302.467500218844 
 2073   304.876853580741 
 2074   291.952313930334 
 2075   298.504316044627 
 2076   285.451240266914 
 2077   275.576063837135 
 2078   261.223631211469 
 2079   261.740368726631 
 2080   268.638353976808 
 2081   254.946507469212 
 2082   287.277735487627 
 2083   279.355069663982 
 2084   277.008416090715 
 2085   258.858139459523 
 2086   244.380743253404 
 2087   258.146376489888 
 2088   249.702726623709 
 2089   244.041840038048 
 2090   253.423293436585 
 2091   250.229700543137 
 2092   263.256203660311 
 2093   263.31620575235 
 2094   275.83622136472 
 2095   270.667502792832 
 2096   256.763629098594 
 2097   254.164330425315 
 2098   257.584405844815 
 2099   276.370177392561 
 2100   268.58722955921 
 2101   826.927900427003 
 2102   798.467219329754 
 2103   828.382677307635 
 2104   821.424933489134 
 2105   778.684487286861 
 2106   839.879407000421 
 2107   307.525415404963 
 2108   249.840805063612 
 2109   239.396601891052 
 2110   256.656247338748 
 2111   273.366846326095 
 2112   253.25194292004 
 2113   259.425456947129 
 2114   234.382609152107 
 2115   232.930551315078 
 2116   205.230927018703 
 2117   187.242368480281 
 2118   211.244428300543 
 2119   217.805237569813 
 2120   239.424269389749 
 2121   269.892749758906 
 2122   272.87290563814 
 2123   268.614444649982 
 2124   254.063227112085 
 2125   246.520220372135 
 2126   238.676654805402 
 2127   214.962776188503 
 2128   190.520214331042 
 2129   190.36462275855 
 2130   192.040079067375 
 2131   193.682389766863 
 2132   204.856625092871 
 2133   204.952835757433 
 2134   223.374125732978 
 2135   253.462936779074 
 2136   233.678877782933 
 2137   216.466299949324 
 2138   195.917250391026 
 2139   191.719996876318 
 2140   194.556668191062 
 2141   177.806978404401 
 2142   188.852309119511 
 2143   217.803517407648 
 2144   195.316686596383 
 2145   202.91002336992 
 2146   193.881295494238 
 2147   182.47002514138 
 2148   183.473683421897 
 2149   172.927907143097 
 2150   199.228782575117 
 2151   194.123575411325 
 2152   223.294464501379 
 2153   240.12291997293 
 2154   244.607851448869 
 2155   226.364365947798 
 2156   199.485117482084 
 2157   186.7094870037 
 2158   176.189183340158 
 2159   164.325008380685 
 2160   159.285724984063 
 2161   166.799895926289 
 2162   193.932751421024 
 2163   208.163654453806 
 2164   204.07079701033 
 2165   194.083904724869 
 2166   185.52235427543 
 2167   212.404926913405 
 2168   222.042915233628 
 2169   217.087422620824 
 2170   220.725504415332 
 2171   227.104018608901 
 2172   238.695282182573 
 2173   211.313434361559 
 2174   181.075341265497 
 2175   176.550671173448 
 2176   149.651658859999 
 2177   163.520217006833 
 2178   154.258512436639 
 2179   154.313011500705 
 2180   158.614087164074 
 2181   151.380958071892 
 2182   163.006122121262 
 2183   141.739382547867 
 2184   125.393378279786 
 2185   142.805317157248 
 2186   151.394935355124 
 2187   165.768819457103 
 2188   183.79095328172 
 2189   176.064209240523 
 2190   191.519724581034 
 2191   178.291287254346 
 2192   157.624738140163 
 2193   161.644899586633 
 2194   174.689060483022 
 2195   193.538577486768 
 2196   190.463154328037 
 2197   192.835415123901 
 2198   203.910887132833 
 2199   197.822552494384 
 2200   200.496959506485 
 2201   178.550353658599 
 2202   162.318014762334 
 2203   149.987759154322 
 2204   162.043022841091 
 2205   132.233772152357 
 2206   97.6435623094146 
 2207   118.145183816145 
 2208   115.323424683368 
 2209   117.15018108233 
 2210   108.660654854944 
 2211   133.846802490728 
 2212   153.633538876304 
 2213   159.144991452762 
 2214   162.30440950149 
 2215   154.127651945203 
 2216   147.879614719252 
 2217   128.084445677282 
 2218   138.335308743525 
 2219   107.874290681451 
 2220   143.900941074821 
 2221   172.456244937366 
 2222   177.386743839748 
 2223   194.452868766465 
 2224   179.384604222016 
 2225   199.014806745087 
 2226   181.795888091104 
 2227   161.741911544831 
 2228   156.56023054244 
 2229   173.482439299126 
 2230   158.069682028258 
 2231   154.699222290337 
 2232   55.7493898726984 
 2233   719.367463053012 
 2234   1045.31684260287 
 2235   1012.8750666244 
 2236   1014.52897993112 
 2237   1007.04517744008 
 2238   1113.20889716358 
 2239   390.675054716522 
 2240   124.114599347449 
 2241   132.731066741482 
 2242   146.003345668092 
 2243   155.131402619899 
 2244   142.563063736363 
 2245   123.261960705709 
 2246   126.896285587214 
 2247   145.363006323195 
 2248   155.088141639159 
 2249   150.734954112998 
 2250   175.43091966193 
 2251   171.492169871587 
 2252   185.814722330187 
 2253   181.733136711646 
 2254   167.673376187059 
 2255   173.86942046863 
 2256   161.911656482642 
 2257   160.566205540858 
 2258   151.338752784575 
 2259   152.716858579587 
 2260   161.151662100181 
 2261   164.935601917345 
 2262   172.176294151357 
 2263   178.097479591433 
 2264   141.312945527545 
 2265   132.843812600366 
 2266   124.136473215767 
 2267   113.515512208961 
 2268   115.859964483098 
 2269   102.403015175046 
 2270   134.885411628787 
 2271   150.182830232037 
 2272   176.906820702871 
 2273   178.913666951954 
 2274   177.002525552663 
 2275   210.58376841643 
 2276   206.666657630401 
 2277   186.21837912798 
 2278   173.041140022371 
 2279   168.76748147896 
 2280   165.885344209255 
 2281   151.563335082085 
 2282   134.138016018849 
 2283   97.1332113826137 
 2284   94.0475693735713 
 2285   102.229847703169 
 2286   83.8809650924044 
 2287   62.5916615824258 
 2288   95.6430967902696 
 2289   126.585849547917 
 2290   153.550396586413 
 2291   133.692127064337 
 2292   161.015760506481 
 2293   193.81864659534 
 2294   190.654715467846 
 2295   172.349930329813 
 2296   135.851028437748 
 2297   155.787854189281 
 2298   120.092784932832 
 2299   88.1499593607457 
 2300   81.4448734373469 
 2301   97.8560561794746 
 2302   113.942894732902 
 2303   97.5732175965611 
 2304   122.34414910188 
 2305   127.220717561004 
 2306   133.947538351002 
 2307   130.923907041716 
 2308   113.150934811655 
 2309   130.452080054913 
 2310   126.058839546993 
 2311   135.619268474104 
 2312   121.5610438442 
 2313   132.255272968319 
 2314   128.564101161609 
 2315   152.727978764056 
 2316   127.336642180997 
 2317   142.916622201188 
 2318   151.070224072297 
 2319   142.748089286762 
 2320   162.650558819542 
 2321   135.94618133998 
 2322   151.395547898911 
 2323   148.459454144379 
 2324   148.180766032177 
 2325   129.746072867142 
 2326   126.932179275296 
 2327   125.077547673941 
 2328   116.200500631191 
 2329   82.3482866867238 
 2330   100.12218964165 
 2331   118.950117206084 
 2332   128.607365451654 
 2333   144.861625829324 
 2334   165.586379597763 
 2335   166.212019828052 
 2336   175.80436462881 
 2337   180.439280382981 
 2338   161.104935831748 
 2339   164.954316798435 
