05-29-2020  12:06:46
Wavenumber (cm-1)  CCD Output
 251   29384.2293010624 
 252   30098.1080537728 
 253   30759.628992614 
 254   31368.5969380084 
 255   31916.5603709512 
 256   32435.0727825122 
 257   32973.1281986128 
 258   33472.112342819 
 259   33893.3377700834 
 260   34260.2096857042 
 261   34607.1462312862 
 262   34942.8112381798 
 263   35240.0815548677 
 264   35500.2457988745 
 265   35739.1019208741 
 266   35971.7814518985 
 267   36185.2014402278 
 268   36358.7283645327 
 269   36490.6263281193 
 270   36643.5622573148 
 271   36850.4824466931 
 272   37000.1709829281 
 273   37095.6179351734 
 274   37212.3133859439 
 275   37371.4098271289 
 276   37551.2678449998 
 277   37715.4252832978 
 278   37864.5040722389 
 279   38022.2099226904 
 280   38208.8278276631 
 281   38381.3088725473 
 282   38545.6952889032 
 283   38750.5462334892 
 284   38940.6493224456 
 285   39077.2451629303 
 286   39178.9286225836 
 287   39281.3318158811 
 288   39402.8408126521 
 289   39531.319221335 
 290   39644.2951821701 
 291   39746.5078889136 
 292   39875.9738868893 
 293   39991.4508192386 
 294   40059.2919140888 
 295   40117.717049362 
 296   40217.770277603 
 297   40371.4102093286 
 298   40518.4224595007 
 299   40648.7115811977 
 300   40771.2285461591 
 301   40873.1367247885 
 302   40963.1381635197 
 303   41056.8782317858 
 304   41154.2115506515 
 305   41263.3064281701 
 306   41385.292607242 
 307   41489.4567706917 
 308   41581.7636991516 
 309   41679.8811214918 
 310   41753.9585731574 
 311   41781.6443817691 
 312   41775.9256483096 
 313   41814.6534659763 
 314   41889.7635257781 
 315   41941.370598056 
 316   42000.9666529499 
 317   42085.0844674097 
 318   42169.2608673276 
 319   42195.7983928529 
 320   42221.3633337113 
 321   42366.6529315103 
 322   42566.9926362162 
 323   42746.7148804998 
 324   42880.0892629134 
 325   43006.1494658848 
 326   43149.0507429628 
 327   43300.4645501278 
 328   43451.0476904547 
 329   43610.9608753939 
 330   43795.0053798631 
 331   43946.7926320425 
 332   44068.2428906581 
 333   44228.1642662888 
 334   44393.5430771537 
 335   44556.6498454172 
 336   44757.0741532297 
 337   44943.0695214509 
 338   45075.4255889748 
 339   45172.1594816263 
 340   45286.469996066 
 341   45443.537791411 
 342   45618.944395955 
 343   45775.5956803413 
 344   45905.7333132984 
 345   46035.2393098062 
 346   46153.5424961922 
 347   46261.937456499 
 348   46390.2970320009 
 349   46553.5939991795 
 350   46739.216989385 
 351   46915.6126735811 
 352   47098.6172057051 
 353   47272.1067046624 
 354   47384.0510305706 
 355   47516.8984840258 
 356   47694.1881145484 
 357   47833.6227161261 
 358   47994.6200375416 
 359   48188.2751054395 
 360   48326.8980611044 
 361   48446.1586218225 
 362   48555.9088955341 
 363   48608.7529406124 
 364   48692.8556379042 
 365   48847.2274992946 
 366   49004.8310625473 
 367   49135.9860440337 
 368   49236.2926163183 
 369   49312.3330349026 
 370   49358.4637562691 
 371   49391.9952900946 
 372   49452.4654618892 
 373   49540.8628863343 
 374   49638.2127114895 
 375   49714.113183952 
 376   49732.0909097103 
 377   49731.7935723995 
 378   49793.8745714718 
 379   49838.1547330879 
 380   49885.9194229725 
 381   50040.6282797265 
 382   50172.9913959362 
 383   50229.9516713857 
 384   50276.0954296968 
 385   50340.5285092407 
 386   50412.7922453394 
 387   50475.6231750451 
 388   50576.6964878544 
 389   50722.2246065822 
 390   50876.5649590167 
 391   51018.9780990882 
 392   51155.9762694363 
 393   51305.5026270615 
 394   51464.2014557383 
 395   51617.6999414723 
 396   51752.0847394169 
 397   51867.1000858845 
 398   51953.4180407683 
 399   52005.8665931413 
 400   52044.0885873822 
 401   52062.1722655814 
 402   52056.5042765906 
 403   52060.6033072412 
 404   52060.2666864563 
 405   52037.3685343894 
 406   52021.109491094 
 407   52037.6942275086 
 408   52072.7612494563 
 409   52063.4022355861 
 410   52047.7577754064 
 411   52055.4396319899 
 412   52041.1495179968 
 413   52022.6384837729 
 414   52019.6227813886 
 415   52017.571787995 
 416   52004.0937603556 
 417   51977.6986388079 
 418   51953.7576336968 
 419   51971.2407144416 
 420   52017.7336517001 
 421   52042.8627624992 
 422   52093.5528756039 
 423   52181.2027382759 
 424   52270.004520278 
 425   52360.1683932365 
 426   52447.2338348679 
 427   52532.5615610782 
 428   52658.5446848254 
 429   52767.2771727321 
 430   52785.2709584794 
 431   52789.7453240919 
 432   52816.906125974 
 433   52844.1252903562 
 434   52820.5958166565 
 435   52798.6557322261 
 436   52835.3891846244 
 437   52889.0966456975 
 438   52878.3756696546 
 439   52821.3569844139 
 440   52871.9254566887 
 441   52969.9721246417 
 442   53035.7315679333 
 443   53085.9003530373 
 444   53195.7766341693 
 445   53337.0695062602 
 446   53392.8448048262 
 447   53411.2109661906 
 448   53465.0655345298 
 449   53576.6513868738 
 450   53664.6502429288 
 451   53732.5594556784 
 452   53823.1557271581 
 453   53876.7227118071 
 454   53876.8536779613 
 455   53867.4998352449 
 456   53925.8519477995 
 457   54008.5139237311 
 458   54059.5277496412 
 459   54109.8940849333 
 460   54179.2493963737 
 461   54260.6030217632 
 462   54333.4805741097 
 463   54438.0749370293 
 464   54561.660671053 
 465   54635.6921016311 
 466   54701.565073626 
 467   54778.1803364436 
 468   54850.0678420665 
 469   54940.0865578105 
 470   55021.9334518499 
 471   55064.1134025919 
 472   55120.5824976644 
 473   55186.8884042241 
 474   55246.3601020442 
 475   55339.2448431513 
 476   55497.214906982 
 477   55674.7728344814 
 478   55754.7903003201 
 479   55816.677551279 
 480   55926.7622236795 
 481   56050.2105734205 
 482   56159.0167469552 
 483   56242.1572415831 
 484   56317.2604843568 
 485   56446.1863565846 
 486   56599.563176232 
 487   56710.7480296554 
 488   56801.3481054654 
 489   56903.5056062227 
 490   57015.3152486981 
 491   57089.8328275764 
 492   57178.6082192672 
 493   57327.0274153199 
 494   57496.8321548664 
 495   57590.5902895033 
 496   57610.2686167688 
 497   57666.2320711334 
 498   57803.2350974245 
 499   57977.6930991884 
 500   58113.1982937736 
 501   58205.2138737166 
 502   58280.7865499399 
 503   58358.7168005243 
 504   58426.0346586018 
 505   58528.0180909886 
 506   58675.2155415971 
 507   58796.5896117989 
 508   58881.1881352985 
 509   58954.9952560144 
 510   59030.0757419901 
 511   59017.3331706359 
 512   58985.8283805858 
 513   59069.4210495532 
 514   59173.336435476 
 515   59116.0911962974 
 516   58909.3405471321 
 517   58915.5328078319 
 518   59011.2719392823 
 519   59041.8830783283 
 520   59103.6757549836 
 521   59191.8214768677 
 522   59252.1796680872 
 523   59245.9650476667 
 524   59234.5660970854 
 525   59386.1183371829 
 526   59723.4607623676 
 527   59848.8046984368 
 528   59851.3285122345 
 529   59930.1573839219 
 530   60000 
 531   60000 
 532   60000 
 533   60000 
 534   60000 
 535   60000 
 536   60000 
 537   60000 
 538   60000 
 539   60000 
 540   60000 
 541   60000 
 542   60000 
 543   60000 
 544   60000 
 545   60000 
 546   60000 
 547   60000 
 548   60000 
 549   60000 
 550   60000 
 551   60000 
 552   60000 
 553   60000 
 554   60000 
 555   60000 
 556   60000 
 557   60000 
 558   60000 
 559   60000 
 560   60000 
 561   60000 
 562   60000 
 563   60000 
 564   60000 
 565   60000 
 566   60000 
 567   60000 
 568   60000 
 569   60000 
 570   60000 
 571   60000 
 572   60000 
 573   60000 
 574   60000 
 575   60000 
 576   60000 
 577   60000 
 578   60000 
 579   60000 
 580   60000 
 581   60000 
 582   60000 
 583   60000 
 584   60000 
 585   60000 
 586   60000 
 587   60000 
 588   60000 
 589   60000 
 590   60000 
 591   60000 
 592   60000 
 593   60000 
 594   60000 
 595   60000 
 596   60000 
 597   60000 
 598   60000 
 599   60000 
 600   60000 
 601   60000 
 602   60000 
 603   60000 
 604   60000 
 605   60000 
 606   60000 
 607   60000 
 608   60000 
 609   60000 
 610   60000 
 611   60000 
 612   60000 
 613   60000 
 614   60000 
 615   60000 
 616   60000 
 617   60000 
 618   60000 
 619   60000 
 620   60000 
 621   60000 
 622   60000 
 623   60000 
 624   60000 
 625   60000 
 626   60000 
 627   60000 
 628   60000 
 629   60000 
 630   60000 
 631   60000 
 632   60000 
 633   60000 
 634   60000 
 635   60000 
 636   60000 
 637   60000 
 638   60000 
 639   60000 
 640   60000 
 641   60000 
 642   60000 
 643   60000 
 644   60000 
 645   60000 
 646   60000 
 647   60000 
 648   60000 
 649   60000 
 650   60000 
 651   60000 
 652   60000 
 653   60000 
 654   60000 
 655   60000 
 656   60000 
 657   60000 
 658   60000 
 659   60000 
 660   60000 
 661   60000 
 662   60000 
 663   60000 
 664   60000 
 665   60000 
 666   60000 
 667   60000 
 668   60000 
 669   60000 
 670   60000 
 671   60000 
 672   60000 
 673   60000 
 674   60000 
 675   60000 
 676   60000 
 677   60000 
 678   60000 
 679   60000 
 680   60000 
 681   60000 
 682   60000 
 683   60000 
 684   60000 
 685   60000 
 686   60000 
 687   60000 
 688   60000 
 689   60000 
 690   60000 
 691   60000 
 692   60000 
 693   60000 
 694   59980.0420967608 
 695   60000 
 696   60000 
 697   60000 
 698   60000 
 699   60000 
 700   60000 
 701   60000 
 702   60000 
 703   60000 
 704   60000 
 705   60000 
 706   60000 
 707   60000 
 708   60000 
 709   60000 
 710   60000 
 711   60000 
 712   60000 
 713   60000 
 714   60000 
 715   60000 
 716   60000 
 717   60000 
 718   60000 
 719   60000 
 720   60000 
 721   59513.6871877076 
 722   58375.0183747596 
 723   57964.2362474217 
 724   57790.215509186 
 725   57649.1438547822 
 726   58339.8221692275 
 727   58813.8592997768 
 728   58555.5601007355 
 729   58582.4854891634 
 730   60000 
 731   60000 
 732   60000 
 733   60000 
 734   60000 
 735   60000 
 736   60000 
 737   60000 
 738   60000 
 739   60000 
 740   60000 
 741   60000 
 742   60000 
 743   60000 
 744   60000 
 745   60000 
 746   60000 
 747   60000 
 748   60000 
 749   60000 
 750   60000 
 751   60000 
 752   60000 
 753   60000 
 754   60000 
 755   60000 
 756   60000 
 757   60000 
 758   60000 
 759   60000 
 760   60000 
 761   60000 
 762   60000 
 763   60000 
 764   60000 
 765   60000 
 766   60000 
 767   60000 
 768   60000 
 769   60000 
 770   60000 
 771   60000 
 772   60000 
 773   60000 
 774   60000 
 775   60000 
 776   60000 
 777   60000 
 778   60000 
 779   60000 
 780   60000 
 781   60000 
 782   60000 
 783   60000 
 784   60000 
 785   60000 
 786   60000 
 787   60000 
 788   60000 
 789   60000 
 790   60000 
 791   60000 
 792   60000 
 793   60000 
 794   60000 
 795   60000 
 796   60000 
 797   60000 
 798   60000 
 799   60000 
 800   60000 
 801   60000 
 802   60000 
 803   60000 
 804   60000 
 805   60000 
 806   60000 
 807   60000 
 808   60000 
 809   60000 
 810   60000 
 811   60000 
 812   60000 
 813   60000 
 814   60000 
 815   60000 
 816   60000 
 817   60000 
 818   60000 
 819   60000 
 820   60000 
 821   60000 
 822   60000 
 823   60000 
 824   60000 
 825   60000 
 826   60000 
 827   60000 
 828   60000 
 829   60000 
 830   60000 
 831   60000 
 832   60000 
 833   60000 
 834   60000 
 835   60000 
 836   60000 
 837   60000 
 838   60000 
 839   60000 
 840   60000 
 841   60000 
 842   60000 
 843   60000 
 844   60000 
 845   60000 
 846   60000 
 847   60000 
 848   60000 
 849   60000 
 850   58574.6965467309 
 851   58743.7461804062 
 852   58764.9090006159 
 853   58919.0994528582 
 854   59218.7182454041 
 855   59210.1019496041 
 856   59135.6504747123 
 857   59036.1681885655 
 858   59990.954086229 
 859   60000 
 860   60000 
 861   60000 
 862   60000 
 863   60000 
 864   60000 
 865   60000 
 866   60000 
 867   60000 
 868   60000 
 869   60000 
 870   60000 
 871   60000 
 872   60000 
 873   60000 
 874   60000 
 875   60000 
 876   60000 
 877   60000 
 878   60000 
 879   60000 
 880   60000 
 881   60000 
 882   60000 
 883   60000 
 884   60000 
 885   60000 
 886   60000 
 887   60000 
 888   60000 
 889   60000 
 890   60000 
 891   60000 
 892   60000 
 893   60000 
 894   60000 
 895   60000 
 896   60000 
 897   60000 
 898   60000 
 899   60000 
 900   60000 
 901   60000 
 902   60000 
 903   60000 
 904   60000 
 905   60000 
 906   60000 
 907   60000 
 908   60000 
 909   60000 
 910   60000 
 911   60000 
 912   60000 
 913   60000 
 914   60000 
 915   60000 
 916   60000 
 917   60000 
 918   60000 
 919   60000 
 920   60000 
 921   60000 
 922   60000 
 923   60000 
 924   60000 
 925   60000 
 926   60000 
 927   60000 
 928   60000 
 929   60000 
 930   60000 
 931   60000 
 932   59956.886107523 
 933   59953.0121234542 
 934   59762.2821779425 
 935   59592.113690729 
 936   59495.1134541412 
 937   59328.4358392548 
 938   59522.5147293696 
 939   59799.7891496248 
 940   60000 
 941   60000 
 942   59684.9862920255 
 943   59464.8181402751 
 944   59323.0812828618 
 945   59170.0318851308 
 946   59100.5580239553 
 947   59017.4765867458 
 948   58924.6473864309 
 949   58845.3908760538 
 950   58771.8967141405 
 951   58690.2769017096 
 952   58622.8802296912 
 953   58460.2941795548 
 954   58170.2106100702 
 955   57848.0151172693 
 956   57548.6289674344 
 957   57207.073676422 
 958   56858.2044864522 
 959   56561.3687725977 
 960   56292.1580593285 
 961   56019.1746863148 
 962   55766.6345670922 
 963   55558.0534750722 
 964   55369.0443983496 
 965   55164.4351160614 
 966   55038.6860900886 
 967   54954.2329180177 
 968   54822.266785878 
 969   54651.5352114865 
 970   54546.8547583483 
 971   54487.0168968112 
 972   54447.5174391627 
 973   54427.8862139958 
 974   54420.0753792934 
 975   54422.496792792 
 976   54352.9887599671 
 977   54247.8922188916 
 978   54212.0468738693 
 979   54197.2748428289 
 980   54148.8658096354 
 981   54177.2391895458 
 982   54295.5499230545 
 983   54362.917424109 
 984   54424.1336336802 
 985   54578.2075590076 
 986   54768.9092929838 
 987   54905.7012600663 
 988   55014.7123214103 
 989   55101.3036442554 
 990   55176.7292167235 
 991   55268.4566871583 
 992   55401.8280206485 
 993   55576.1771779503 
 994   55772.8974387266 
 995   55985.1491149676 
 996   56246.0359414463 
 997   56507.6418609795 
 998   56584.6136534063 
 999   56748.3981327795 
 1000   57018.4675552546 
 1001   57285.7659211525 
 1002   57545.6328503697 
 1003   57713.6669570601 
 1004   57891.1524176147 
 1005   58033.2663265732 
 1006   58112.0159245911 
 1007   58304.425256328 
 1008   58577.8777310193 
 1009   58447.0672246435 
 1010   57983.964719192 
 1011   57556.9580308033 
 1012   57106.1605121117 
 1013   56759.1006970624 
 1014   56392.4282913323 
 1015   55971.1805831446 
 1016   55572.9092146108 
 1017   55146.5204610386 
 1018   54819.1887415381 
 1019   54652.6106993662 
 1020   54526.2578663374 
 1021   54323.3756364528 
 1022   54157.5156844832 
 1023   54051.8665672833 
 1024   53970.7267561984 
 1025   53897.9856709595 
 1026   53857.2173883807 
 1027   53854.1526515156 
 1028   53798.6968324399 
 1029   53649.4135882246 
 1030   53584.5494686717 
 1031   53728.1675654269 
 1032   53738.4079475528 
 1033   53695.1089947811 
 1034   53678.516420252 
 1035   53653.9602069823 
 1036   53593.5644918939 
 1037   53530.0106601043 
 1038   53425.8016598396 
 1039   53308.1169436501 
 1040   53181.6948639789 
 1041   53016.949190464 
 1042   52897.2771975572 
 1043   52788.6583771441 
 1044   52661.2245926158 
 1045   52569.3009809321 
 1046   52566.9230222813 
 1047   52566.3790150228 
 1048   52518.4609984478 
 1049   52443.8048636566 
 1050   52366.7509099811 
 1051   52300.4812624857 
 1052   52296.7558403661 
 1053   52345.5550161268 
 1054   52245.7952711771 
 1055   52094.2331505129 
 1056   52182.6252060647 
 1057   52299.5524651849 
 1058   52363.5980274557 
 1059   52362.9110643219 
 1060   52323.9113371745 
 1061   52295.8173423089 
 1062   52299.8234894724 
 1063   52317.3490187442 
 1064   52282.1711091793 
 1065   52153.7322231102 
 1066   51993.0544357593 
 1067   51923.3090856514 
 1068   51901.5835996797 
 1069   51748.825153187 
 1070   51473.8934934759 
 1071   51246.3107838774 
 1072   51107.0185586242 
 1073   50960.7297537786 
 1074   50878.2821882291 
 1075   50758.8224690733 
 1076   50510.2028621664 
 1077   50304.1653923717 
 1078   50184.3269355021 
 1079   50108.3146328017 
 1080   49935.1152541218 
 1081   49632.5853910535 
 1082   49312.6571113027 
 1083   48966.8481884963 
 1084   48687.7216894324 
 1085   48372.3087954292 
 1086   47991.7669629656 
 1087   47708.5725526729 
 1088   47551.2547207132 
 1089   47371.1495750148 
 1090   47187.6674674041 
 1091   47063.8654568022 
 1092   46970.2926957051 
 1093   46869.4885381307 
 1094   46865.3192723041 
 1095   46934.1380902282 
 1096   46946.9389207909 
 1097   46899.5731375554 
 1098   46917.5604991161 
 1099   46933.4906966291 
 1100   46938.5689841799 
 1101   46896.4341443338 
 1102   46818.0784070991 
 1103   46743.1079229257 
 1104   46609.2891998145 
 1105   46443.1871067143 
 1106   46293.2222074018 
 1107   46178.4298740123 
 1108   46030.3984408042 
 1109   45767.5177128954 
 1110   45526.0829271977 
 1111   45286.8675805974 
 1112   45033.8963440017 
 1113   44796.2037459592 
 1114   44541.0397462186 
 1115   44178.4067603928 
 1116   43841.4828095049 
 1117   43576.8499554356 
 1118   43356.0680058143 
 1119   43143.5275311964 
 1120   42912.5909833301 
 1121   42696.0740203179 
 1122   42436.9208030481 
 1123   42196.6739458662 
 1124   42006.0427006826 
 1125   41743.4988811385 
 1126   41379.9996620781 
 1127   41088.7897686752 
 1128   40855.1715211128 
 1129   40617.261264982 
 1130   40397.8014279607 
 1131   40213.9913712415 
 1132   39999.0404068664 
 1133   39768.1379465688 
 1134   39658.0347666616 
 1135   39604.7928582476 
 1136   39428.2097526291 
 1137   39241.7924209828 
 1138   39047.5334216902 
 1139   38841.558323371 
 1140   38660.2905811555 
 1141   38529.012774039 
 1142   38408.6817173365 
 1143   38239.5922405617 
 1144   38087.0042913625 
 1145   38007.6409532105 
 1146   37966.7472158114 
 1147   37905.1403212821 
 1148   37822.9573159353 
 1149   37724.8075586926 
 1150   37639.3868495353 
 1151   37561.9413870312 
 1152   37492.4354044739 
 1153   37411.0770569287 
 1154   37256.2389462785 
 1155   37137.3293293784 
 1156   37071.6664814181 
 1157   37016.9500829874 
 1158   36928.4345270186 
 1159   36800.4716625163 
 1160   36688.7330833593 
 1161   36594.2550324373 
 1162   36524.792613267 
 1163   36470.9188366974 
 1164   36405.48916719 
 1165   36316.180646007 
 1166   36220.9305766697 
 1167   36162.6747030792 
 1168   36119.9805468422 
 1169   36059.8339811691 
 1170   35989.3001454092 
 1171   35919.0414495426 
 1172   35813.8057459126 
 1173   35704.4560569526 
 1174   35617.4208853289 
 1175   35527.3153622687 
 1176   35441.5942742914 
 1177   35385.5260998363 
 1178   35234.8686614363 
 1179   35069.1159923254 
 1180   34960.9036628145 
 1181   34902.014681138 
 1182   34836.5935315859 
 1183   34743.1149766772 
 1184   34692.2636105029 
 1185   34615.5732683793 
 1186   34596.4650855795 
 1187   34616.7861713603 
 1188   34578.7276654895 
 1189   34522.2829048455 
 1190   34481.0102401376 
 1191   34497.6664699825 
 1192   34480.1175741897 
 1193   34423.0858381955 
 1194   34399.5137192288 
 1195   34400.2589221714 
 1196   34400.7190850751 
 1197   34399.1679065841 
 1198   34391.1837689035 
 1199   34403.2821572209 
 1200   34448.3959717885 
 1201   34491.2796791648 
 1202   34509.3050588252 
 1203   34499.792623731 
 1204   34498.2833167 
 1205   34509.095605873 
 1206   34526.1779478328 
 1207   34535.2909927149 
 1208   34494.511394043 
 1209   34459.2802084889 
 1210   34402.0314073446 
 1211   34383.551485891 
 1212   34434.2785856094 
 1213   34460.171617593 
 1214   34415.2801976982 
 1215   34414.9154926165 
 1216   34454.3438378711 
 1217   34483.5616289554 
 1218   34546.7666802903 
 1219   34628.4116385796 
 1220   34619.4015591211 
 1221   34626.4774076633 
 1222   34686.4539575428 
 1223   34758.8362712092 
 1224   34804.1736305143 
 1225   34839.7690670477 
 1226   34891.3625751045 
 1227   34940.1857520406 
 1228   35025.1078204343 
 1229   35104.6593018882 
 1230   35235.9386743598 
 1231   35383.0479320713 
 1232   35479.0513368622 
 1233   35596.0865618716 
 1234   35701.9403888375 
 1235   35815.0751685279 
 1236   35851.7983613266 
 1237   35856.5159263949 
 1238   35837.3493447911 
 1239   35719.7507999791 
 1240   35591.6461984175 
 1241   35412.1152015864 
 1242   35233.7554222253 
 1243   35121.8268418027 
 1244   35020.3775348994 
 1245   34873.0454763919 
 1246   34760.384989506 
 1247   34731.2438183937 
 1248   34662.1428457871 
 1249   34591.8391770249 
 1250   34604.0620244517 
 1251   34658.2383197295 
 1252   34690.1754618662 
 1253   34739.5638606775 
 1254   34796.9352161053 
 1255   34849.3792140399 
 1256   34931.1400594314 
 1257   35050.2440998439 
 1258   35112.6304960794 
 1259   35060.780408829 
 1260   35007.1261619417 
 1261   34970.491913709 
 1262   34895.5859309694 
 1263   34752.4379396346 
 1264   34596.2785065213 
 1265   34435.3782615976 
 1266   34205.6378427005 
 1267   33946.7111802505 
 1268   33730.6297718936 
 1269   33520.9109141131 
 1270   33314.6992082557 
 1271   33148.1737716279 
 1272   32991.3926260303 
 1273   32811.3442026448 
 1274   32694.2563637374 
 1275   32601.7414547957 
 1276   32435.0605147623 
 1277   32322.6278654467 
 1278   32282.1013427201 
 1279   32231.3147503054 
 1280   32196.1823216304 
 1281   32182.4556983124 
 1282   32192.9580675801 
 1283   32202.3159482106 
 1284   32211.2035745273 
 1285   32230.0777964436 
 1286   32238.6025882399 
 1287   32221.8755867425 
 1288   32210.4003826257 
 1289   32187.5125863152 
 1290   32128.5968235582 
 1291   32092.514939022 
 1292   32092.9496934217 
 1293   32099.9490225362 
 1294   32105.7988077664 
 1295   32096.9772716774 
 1296   32056.8756860373 
 1297   32034.2282330796 
 1298   32027.1871579395 
 1299   31996.3453403379 
 1300   31935.267547846 
 1301   31853.8111744032 
 1302   31760.786194507 
 1303   31706.587191965 
 1304   31667.8432373841 
 1305   31623.2400165247 
 1306   31594.5031440654 
 1307   31589.0453286845 
 1308   31589.7981791833 
 1309   31592.5246732263 
 1310   31585.8519747416 
 1311   31519.7002144847 
 1312   31429.9935482512 
 1313   31322.8499857126 
 1314   31211.0390538907 
 1315   31088.8977701287 
 1316   30938.9209033738 
 1317   30797.8629084494 
 1318   30691.4757849933 
 1319   30556.3843999907 
 1320   30470.4812120197 
 1321   30402.9739052815 
 1322   30317.8834962525 
 1323   30215.3681178192 
 1324   30111.7496637855 
 1325   30030.4452932035 
 1326   29862.7764738747 
 1327   29752.0647443664 
 1328   29694.8079694578 
 1329   29619.0131064022 
 1330   29525.7064006222 
 1331   29487.3498624013 
 1332   29529.8817263196 
 1333   29560.9007897516 
 1334   29535.105734153 
 1335   29487.2617910039 
 1336   29373.5078192681 
 1337   29278.5375885307 
 1338   29221.3089794903 
 1339   29040.0558878515 
 1340   28773.8519955333 
 1341   28702.8936799228 
 1342   28629.4423350295 
 1343   28584.6800380874 
 1344   28565.0958363062 
 1345   28529.2398255731 
 1346   28488.3293679479 
 1347   28452.8579467575 
 1348   28422.439084986 
 1349   28438.9688972423 
 1350   28465.7219743669 
 1351   28466.3655266108 
 1352   28458.3602081879 
 1353   28485.184627022 
 1354   28525.2898177111 
 1355   28559.478543418 
 1356   28599.3740381534 
 1357   28623.259242146 
 1358   28690.7350206521 
 1359   28767.306352592 
 1360   28855.6940970214 
 1361   28964.4987038576 
 1362   29092.4834277507 
 1363   29236.1312424423 
 1364   29391.2195286979 
 1365   29540.9389644465 
 1366   29658.8551119714 
 1367   29804.1974401899 
 1368   30024.6949068575 
 1369   30188.8114080898 
 1370   30315.0916803625 
 1371   30461.1488955612 
 1372   30602.8049901071 
 1373   30755.358751905 
 1374   30902.4570312499 
 1375   30955.9650608532 
 1376   30956.9516780346 
 1377   30970.0597356829 
 1378   30991.2742734906 
 1379   31011.4038958097 
 1380   31073.452767333 
 1381   31129.1125029947 
 1382   31113.7313370702 
 1383   31205.4277126162 
 1384   31323.7388807709 
 1385   31357.662758726 
 1386   31456.565881564 
 1387   31597.1709755856 
 1388   31715.964114881 
 1389   31873.3528543659 
 1390   32109.6184753509 
 1391   32388.5500122339 
 1392   32697.4747950224 
 1393   33089.4312066549 
 1394   33470.4908769919 
 1395   33971.7198753855 
 1396   34559.6699569325 
 1397   35122.0881681285 
 1398   35657.1839680638 
 1399   36167.2718019725 
 1400   36672.4078899906 
 1401   37218.1218494541 
 1402   37565.7701146446 
 1403   37854.4952885757 
 1404   38124.4799846236 
 1405   38370.1795981423 
 1406   38492.9761949153 
 1407   38465.031663609 
 1408   38369.6135950487 
 1409   38271.3757766768 
 1410   38154.8248568464 
 1411   37726.5660078606 
 1412   37268.2010926004 
 1413   36724.9576565954 
 1414   36127.0896472597 
 1415   35514.6858981364 
 1416   34851.0246032919 
 1417   34184.7320713527 
 1418   33570.5542767086 
 1419   32947.0028629359 
 1420   32334.900154385 
 1421   31786.1588892934 
 1422   31329.5040628875 
 1423   30923.0174538506 
 1424   30472.4496765593 
 1425   30101.3152448004 
 1426   29977.3726520367 
 1427   29410.004712891 
 1428   28370.0806186443 
 1429   28304.5228454501 
 1430   28170.1219064007 
 1431   28074.4353971689 
 1432   28060.8231197865 
 1433   28085.3417581329 
 1434   27961.2150986881 
 1435   28539.2658879464 
 1436   29215.8356374397 
 1437   29147.5506571907 
 1438   29283.2387425839 
 1439   29410.2433212229 
 1440   29515.8754725934 
 1441   29663.6982474995 
 1442   29790.7676711364 
 1443   29920.2033376493 
 1444   30080.9466266448 
 1445   30187.3907261932 
 1446   30242.1559993912 
 1447   30312.2628230532 
 1448   30364.0568980747 
 1449   30401.8770803378 
 1450   30487.8225290802 
 1451   30519.9141861557 
 1452   30458.7539134771 
 1453   30410.1991457975 
 1454   30363.5112092968 
 1455   30295.8466727283 
 1456   30188.0396745149 
 1457   30032.2681106359 
 1458   29843.1994227754 
 1459   29648.7342002367 
 1460   29481.0745567525 
 1461   29287.0823905452 
 1462   29081.0322320635 
 1463   28905.5437005196 
 1464   28717.1192275538 
 1465   28468.8530523274 
 1466   28275.8113537061 
 1467   28124.1114817935 
 1468   27925.6580349136 
 1469   27709.491944612 
 1470   27505.4278582068 
 1471   27311.283779506 
 1472   27138.3499459594 
 1473   26993.5119895849 
 1474   26771.3158140003 
 1475   26563.625634819 
 1476   26391.2906262828 
 1477   26223.1503395911 
 1478   26019.927824451 
 1479   25805.6210495608 
 1480   25602.9832435786 
 1481   25399.3194857123 
 1482   25199.2712029985 
 1483   24961.0979123635 
 1484   24742.0013833626 
 1485   24514.8717339465 
 1486   24250.0293168386 
 1487   23976.0586309288 
 1488   23680.4515905295 
 1489   23472.6752651601 
 1490   23277.2041900141 
 1491   23013.4428837676 
 1492   22735.4384038819 
 1493   22474.6460356103 
 1494   22252.6834441469 
 1495   22009.2662694542 
 1496   21834.0333971581 
 1497   21557.9884203873 
 1498   21319.2926878918 
 1499   21151.0694465658 
 1500   20972.3694892867 
 1501   20788.3869468408 
 1502   20607.7663230769 
 1503   20435.8870078725 
 1504   20298.9611822784 
 1505   20190.4945039027 
 1506   20076.6232087438 
 1507   19959.5281206645 
 1508   19885.9296076588 
 1509   19817.5445146239 
 1510   19789.5709019709 
 1511   19667.7022580573 
 1512   19565.8468554297 
 1513   19490.9452330574 
 1514   19369.0782821047 
 1515   19244.5213511943 
 1516   19155.3106570018 
 1517   19059.8033299803 
 1518   18965.2115379869 
 1519   18906.8808126487 
 1520   18835.7219912495 
 1521   18740.3807116881 
 1522   18692.4290597874 
 1523   18635.6742162853 
 1524   18571.7884380819 
 1525   18526.7894365993 
 1526   18461.4021958252 
 1527   18378.1590809235 
 1528   18320.7743171547 
 1529   18292.1501659211 
 1530   18238.1385428052 
 1531   18186.4790710856 
 1532   18148.6923385932 
 1533   18068.8613318802 
 1534   18045.3018303441 
 1535   18020.8606559731 
 1536   17990.9859635905 
 1537   17964.9465221931 
 1538   17960.7003057207 
 1539   17864.5421206877 
 1540   17796.9108799203 
 1541   17792.520778982 
 1542   17726.1467059641 
 1543   17678.4409390706 
 1544   17656.6579996452 
 1545   17596.6336919179 
 1546   17576.2848255311 
 1547   17605.3947054568 
 1548   17625.5865393706 
 1549   17585.810360859 
 1550   17551.4408634373 
 1551   17508.573304554 
 1552   17473.2923976757 
 1553   17439.8663242262 
 1554   17400.3707800744 
 1555   17370.1963263286 
 1556   17386.7381948055 
 1557   17386.3235107738 
 1558   17377.6569153321 
 1559   17362.6123890669 
 1560   17312.9311432507 
 1561   17280.9672657385 
 1562   17248.0796006081 
 1563   17180.131499539 
 1564   17169.3274360253 
 1565   17168.5163802125 
 1566   17131.9302242592 
 1567   17129.9198232079 
 1568   17148.818724471 
 1569   17088.4727643632 
 1570   17061.7966481238 
 1571   16996.6358737087 
 1572   16907.7735327856 
 1573   16836.4909568071 
 1574   16806.0640890212 
 1575   16756.2933316557 
 1576   16706.999842204 
 1577   16676.9713954029 
 1578   16629.0825631122 
 1579   16558.5286785919 
 1580   16458.3977247823 
 1581   16397.0017506364 
 1582   16296.9874791257 
 1583   16207.5148400144 
 1584   16154.5155203718 
 1585   16097.5410330722 
 1586   16064.4829691193 
 1587   16029.8409215618 
 1588   15982.977667933 
 1589   15919.0143155252 
 1590   15886.4029319045 
 1591   15832.3065443229 
 1592   15767.7286474972 
 1593   15731.2803578673 
 1594   15689.8809443211 
 1595   15632.3959568829 
 1596   15619.2174391106 
 1597   15628.1858145376 
 1598   15577.1985625164 
 1599   15536.8130299847 
 1600   15515.2094416837 
 1601   15455.4226924622 
 1602   15464.2438939784 
 1603   15437.3640150863 
 1604   15397.687651953 
 1605   15391.8459398287 
 1606   15417.5311738742 
 1607   15393.8944122284 
 1608   15397.1885748856 
 1609   15396.8312694216 
 1610   15360.1085520619 
 1611   15342.3926303069 
 1612   15361.2273017659 
 1613   15366.268057568 
 1614   15377.6231743377 
 1615   15426.9420669103 
 1616   15476.802446023 
 1617   15548.3402438036 
 1618   15616.2804195301 
 1619   15629.3033542666 
 1620   15667.3648340627 
 1621   15700.7228050995 
 1622   15737.5163987375 
 1623   15808.6326805346 
 1624   15912.9567071138 
 1625   15976.1379208137 
 1626   16122.138141582 
 1627   16284.859257484 
 1628   16447.4978638339 
 1629   16721.8245343343 
 1630   17013.3344580467 
 1631   17329.1499610703 
 1632   17769.6878297014 
 1633   18290.6305136829 
 1634   18905.4577969579 
 1635   19514.1352915993 
 1636   20290.4240423695 
 1637   21150.8286416362 
 1638   22004.1912023456 
 1639   22932.6562345577 
 1640   23873.7231328578 
 1641   24686.4143521281 
 1642   25263.4087083928 
 1643   25771.1308584818 
 1644   26203.0166117456 
 1645   26306.1171128247 
 1646   26129.5250294345 
 1647   25638.619414032 
 1648   24965.8830910683 
 1649   24123.5752730794 
 1650   23090.5197549407 
 1651   22004.1673168119 
 1652   20892.1654198588 
 1653   19834.3763671834 
 1654   18772.3531071516 
 1655   17859.3155399971 
 1656   17070.1460036516 
 1657   16420.9044500349 
 1658   15881.6579338045 
 1659   15402.4236352081 
 1660   15076.4110884202 
 1661   14791.5768158659 
 1662   14556.7032851819 
 1663   14358.2364127303 
 1664   14165.470937889 
 1665   13995.889742295 
 1666   13891.9096706529 
 1667   13796.9499991219 
 1668   13711.2886810715 
 1669   13637.7886133326 
 1670   13547.358162986 
 1671   13500.0474718082 
 1672   13493.2538940668 
 1673   13456.0831084885 
 1674   13408.5735281593 
 1675   13367.2868395054 
 1676   13300.4808314315 
 1677   13272.0200057998 
 1678   13265.9637971014 
 1679   13250.1385902796 
 1680   13192.8694601221 
 1681   13141.6065715967 
 1682   13123.3870722848 
 1683   13101.7724129676 
 1684   13070.5036412073 
 1685   13015.9712051351 
 1686   12935.5604005954 
 1687   12878.3877261963 
 1688   12854.3640407349 
 1689   12788.4906451732 
 1690   12761.9448015432 
 1691   12715.1812049021 
 1692   12685.1955884274 
 1693   12619.4098481343 
 1694   12576.657701192 
 1695   12553.4100366748 
 1696   12517.525248383 
 1697   12504.4903566737 
 1698   12482.1942491269 
 1699   12398.7448568071 
 1700   12366.3004965204 
 1701   12355.1294043463 
 1702   12314.4963362265 
 1703   11925.2969145678 
 1704   11694.249386225 
 1705   11625.690085898 
 1706   11578.8625745145 
 1707   11537.7315298792 
 1708   11479.8402891916 
 1709   11362.2506958887 
 1710   11567.6363551637 
 1711   11693.7281550851 
 1712   11621.6689706222 
 1713   11561.3957471734 
 1714   11491.7061285228 
 1715   11426.6371900415 
 1716   11364.1565850999 
 1717   11333.8987842748 
 1718   11255.6879861953 
 1719   11147.2569762346 
 1720   11101.0688500023 
 1721   11047.1114797884 
 1722   10964.0894993525 
 1723   10907.3857240815 
 1724   10837.3112170834 
 1725   10788.0144266752 
 1726   10760.6896636259 
 1727   10694.3982350895 
 1728   10641.1547352684 
 1729   10612.4392203926 
 1730   10579.6839624147 
 1731   10528.5663044084 
 1732   10480.7993641766 
 1733   10446.947887964 
 1734   10419.9606493932 
 1735   10347.0039713432 
 1736   10291.2480288261 
 1737   10280.2909084113 
 1738   10228.251919769 
 1739   10180.3345244453 
 1740   10150.344260723 
 1741   10104.5133324815 
 1742   10070.915990023 
 1743   10008.6225381661 
 1744   9917.55235440138 
 1745   9888.28055162384 
 1746   9871.91417688416 
 1747   9793.80647885726 
 1748   9748.33292186597 
 1749   9724.86860433599 
 1750   9699.16923289106 
 1751   9697.81821729722 
 1752   9679.0242965361 
 1753   9638.37210089298 
 1754   9617.2074939011 
 1755   9572.28491866149 
 1756   9535.86040411166 
 1757   9521.78272721536 
 1758   9441.96771123283 
 1759   9390.84895747377 
 1760   9371.29720787934 
 1761   9353.03544982731 
 1762   9327.65623055776 
 1763   9310.99395725175 
 1764   9287.72191124933 
 1765   9267.25207390773 
 1766   9227.47456519206 
 1767   9180.6932779039 
 1768   9140.12475145154 
 1769   9152.36743032269 
 1770   9116.40729839929 
 1771   9040.06589407278 
 1772   9037.79052919433 
 1773   9029.02791264536 
 1774   9006.62524132253 
 1775   8962.91430650217 
 1776   8876.32745604882 
 1777   8847.32288895814 
 1778   8844.23108472493 
 1779   8794.88733863255 
 1780   8772.26951782909 
 1781   8768.92959289057 
 1782   8738.92804680808 
 1783   8716.85349407868 
 1784   8680.76866840616 
 1785   8636.16114646158 
 1786   8599.27655437802 
 1787   8566.97735004588 
 1788   8511.90534813522 
 1789   8490.05235023056 
 1790   8471.8297374678 
 1791   8435.52873453095 
 1792   8424.03638683952 
 1793   8408.80296544509 
 1794   8410.52292693626 
 1795   8367.98090677772 
 1796   8320.48338942718 
 1797   8309.20345096409 
 1798   8291.45108762719 
 1799   8247.15681208517 
 1800   8203.94985917898 
 1801   8171.85708184881 
 1802   8190.64240264278 
 1803   8162.85701261596 
 1804   8137.30839105681 
 1805   8089.13851620421 
 1806   8090.67403630799 
 1807   8087.47449738811 
 1808   8040.02115391781 
 1809   7987.71790394022 
 1810   7932.18881441869 
 1811   7918.18520395516 
 1812   7940.07773952237 
 1813   7929.59101132562 
 1814   7920.36634212414 
 1815   7909.3018323783 
 1816   7882.3139724321 
 1817   7896.14920820902 
 1818   7855.83598955637 
 1819   7846.66629263428 
 1820   7814.06881314101 
 1821   7786.92027625209 
 1822   7754.17080518945 
 1823   7761.5660262773 
 1824   7744.64383031003 
 1825   7737.43236364138 
 1826   7707.41436018866 
 1827   7682.012763677 
 1828   7653.01523804455 
 1829   7635.69894638304 
 1830   7606.26987998849 
 1831   7574.0128425355 
 1832   7528.07635882171 
 1833   7498.47242977291 
 1834   7446.56690784628 
 1835   7436.17083397736 
 1836   7400.39983624479 
 1837   7391.68050434229 
 1838   7388.07781526146 
 1839   7363.6926160673 
 1840   7345.61123959937 
 1841   7320.88471115998 
 1842   7329.83202126255 
 1843   7338.16189926889 
 1844   7280.8451512411 
 1845   7245.80191636235 
 1846   7227.74573112453 
 1847   7206.66589135361 
 1848   7167.5571840283 
 1849   7146.90608444875 
 1850   7113.89307045843 
 1851   7111.95694028102 
 1852   7114.0662308903 
 1853   7134.60906065574 
 1854   7105.3485369215 
 1855   7097.93525694726 
 1856   7039.86765724857 
 1857   7011.22930724472 
 1858   6996.75008529346 
 1859   6983.5602534732 
 1860   6968.51745866408 
 1861   6944.92747910192 
 1862   6963.40241861523 
 1863   6980.94529375077 
 1864   6960.82078710347 
 1865   6895.23870086167 
 1866   6873.34726653881 
 1867   6874.22300678833 
 1868   6854.45949699721 
 1869   6813.99432225114 
 1870   6779.61632659017 
 1871   6791.19117870663 
 1872   6820.25203595898 
 1873   6805.66230343865 
 1874   6773.61181813458 
 1875   6740.22878445706 
 1876   6715.58263316913 
 1877   6697.77076220657 
 1878   6655.70320924754 
 1879   6614.25906330298 
 1880   6598.02647777886 
 1881   6582.61726226176 
 1882   6524.90770987189 
 1883   6504.86264112181 
 1884   6476.07909618302 
 1885   6473.13671559926 
 1886   6471.45530945498 
 1887   6443.93901620731 
 1888   6437.07825062205 
 1889   6458.19328536298 
 1890   6484.54800873358 
 1891   6482.15896180599 
 1892   6433.39866434785 
 1893   6398.74676358713 
 1894   6398.143924126 
 1895   6421.31566740554 
 1896   6367.70702715717 
 1897   6312.34249286435 
 1898   6305.04034670855 
 1899   6297.03588417053 
 1900   6245.01747786662 
 1901   6217.25853899084 
 1902   6161.05830619517 
 1903   6130.01004179958 
 1904   6116.29478412233 
 1905   6104.10953986305 
 1906   6092.5023751181 
 1907   6105.77792776726 
 1908   6071.20856389699 
 1909   6066.70099710691 
 1910   6067.81644735607 
 1911   6034.23359262112 
 1912   6010.41337750946 
 1913   5973.87415467467 
 1914   5917.1513151242 
 1915   5923.84746386525 
 1916   5920.80626260519 
 1917   5890.16521026195 
 1918   5880.39185805813 
 1919   5885.76893709363 
 1920   5922.41296114417 
 1921   5937.29273143969 
 1922   5876.39470824933 
 1923   5830.59455909318 
 1924   5792.02732390322 
 1925   5760.1105770495 
 1926   5711.23475363902 
 1927   5624.03824617192 
 1928   5578.6145430567 
 1929   5585.34691076292 
 1930   5600.25570562117 
 1931   5612.0881349167 
 1932   5584.94096119155 
 1933   5577.24892769189 
 1934   5607.91571947541 
 1935   5611.88480340667 
 1936   5580.40841047886 
 1937   5579.21794603334 
 1938   5579.65893980012 
 1939   5562.2418459915 
 1940   5527.66792259345 
 1941   5500.31848456256 
 1942   5479.61636176581 
 1943   5469.7088938454 
 1944   5413.46658038455 
 1945   5379.99477091996 
 1946   5377.90144985943 
 1947   5351.27401696688 
 1948   5295.24840694552 
 1949   5266.65738781662 
 1950   5272.04518672706 
 1951   5260.14686617514 
 1952   5258.06450872562 
 1953   5196.50078263241 
 1954   5221.56248712005 
 1955   5230.84686632485 
 1956   5208.26084408051 
 1957   5178.71372809383 
 1958   5126.35051256886 
 1959   5128.31107544099 
 1960   5132.76791742105 
 1961   5099.01017831343 
 1962   5070.82794543984 
 1963   5055.4664696452 
 1964   5066.63404643228 
 1965   5069.81747488711 
 1966   5039.65060177414 
 1967   5040.62619694173 
 1968   5031.44397320214 
 1969   5003.96743363541 
 1970   4980.95903319703 
 1971   5010.85668670184 
 1972   5003.34964783334 
 1973   4972.93696100844 
 1974   4945.66043004642 
 1975   4924.32790834399 
 1976   4923.77087126712 
 1977   4878.24277950014 
 1978   4836.02025832115 
 1979   4835.00247344908 
 1980   4814.91787700004 
 1981   4798.01327911835 
 1982   4803.73563260573 
 1983   4777.5681723486 
 1984   4751.88188860008 
 1985   4730.00813006077 
 1986   4744.36020036545 
 1987   4728.15322447826 
 1988   4700.62121471465 
 1989   4707.32173642123 
 1990   4692.72847824002 
 1991   4720.38973887608 
 1992   4689.81871135794 
 1993   4694.26606538106 
 1994   4695.19329888025 
 1995   4676.62976732636 
 1996   4655.24707720368 
 1997   4673.70283922217 
 1998   4659.79328695922 
 1999   4641.43669550987 
 2000   4605.63049057898 
 2001   4614.88650842682 
 2002   4600.07039456204 
 2003   4586.26964888222 
 2004   4555.55842965231 
 2005   4517.30813621843 
 2006   4499.04950621513 
 2007   4513.28905199793 
 2008   4500.3095089341 
 2009   4474.31394995129 
 2010   4428.36060175753 
 2011   4411.52950606376 
 2012   4424.46092605159 
 2013   4383.98956545404 
 2014   4370.41827491443 
 2015   4318.09525807909 
 2016   4295.72447487577 
 2017   4291.50667615 
 2018   4265.3691051636 
 2019   4237.2334076289 
 2020   4266.54015128435 
 2021   4286.27160915663 
 2022   4277.24798063614 
 2023   4255.91115848501 
 2024   4242.58797756271 
 2025   4254.28136519336 
 2026   4221.58146772822 
 2027   4163.30129649783 
 2028   4141.26102187749 
 2029   4120.44842544517 
 2030   4111.45278277401 
 2031   4094.46120843538 
 2032   4076.45544928694 
 2033   4059.79798234356 
 2034   4012.35935977285 
 2035   4031.63533355494 
 2036   4023.495391947 
 2037   4004.71427004615 
 2038   3986.43616863561 
 2039   3979.620567434 
 2040   3976.69214593526 
 2041   3982.6585852252 
 2042   3981.39950408509 
 2043   3980.03751906983 
 2044   3964.15452062071 
 2045   3921.49487402856 
 2046   3936.28501150824 
 2047   3934.95856960517 
 2048   3908.59977737564 
 2049   3870.57184091751 
 2050   3862.9264661083 
 2051   3863.73532602097 
 2052   3873.49682583194 
 2053   3851.69292058124 
 2054   3847.36649169074 
 2055   3873.59961681447 
 2056   3874.35160270233 
 2057   3878.27151098517 
 2058   3838.63464881649 
 2059   3788.32336795825 
 2060   3773.34794246999 
 2061   3714.86296839035 
 2062   3701.52633572455 
 2063   3676.40011665605 
 2064   3659.37882239679 
 2065   3665.19057881861 
 2066   3633.25115769801 
 2067   3637.64713005189 
 2068   3626.64568800223 
 2069   3605.99906061754 
 2070   3614.27285210284 
 2071   3621.9229767276 
 2072   3647.34513849106 
 2073   3620.57904201137 
 2074   3607.95390056861 
 2075   3581.41652828755 
 2076   3565.07540657235 
 2077   3540.68971660752 
 2078   3517.00816425187 
 2079   3516.91699924853 
 2080   3501.77499038999 
 2081   3489.28550960697 
 2082   3510.53745252652 
 2083   3470.55812226146 
 2084   3487.89857520826 
 2085   3498.38467338939 
 2086   3497.04478090567 
 2087   3495.06711651291 
 2088   3477.92952656149 
 2089   3477.05855420036 
 2090   3479.51301014352 
 2091   3426.9321285512 
 2092   3400.48721836712 
 2093   3401.47551154604 
 2094   3367.23994705617 
 2095   3370.14805450296 
 2096   3344.12203218257 
 2097   3324.76014188797 
 2098   3334.41979108599 
 2099   3325.69486921518 
 2100   3340.01254951603 
 2101   3896.08733782235 
 2102   3827.59275620861 
 2103   3856.48598787084 
 2104   3855.11969473926 
 2105   3798.29177517417 
 2106   3871.32731006764 
 2107   3297.95090835184 
 2108   3264.99508416527 
 2109   3253.96756147878 
 2110   3240.73955194519 
 2111   3271.06804963461 
 2112   3247.95763771046 
 2113   3197.94534911339 
 2114   3131.20329640638 
 2115   3139.41990247098 
 2116   3114.29581841439 
 2117   3094.79767593338 
 2118   3074.16680204453 
 2119   3096.05034661332 
 2120   3115.79421244234 
 2121   3114.0349875657 
 2122   3088.75726870362 
 2123   3067.08179397015 
 2124   3073.38856625017 
 2125   3062.26726185549 
 2126   3024.09124124434 
 2127   3003.95574165631 
 2128   2966.22988446681 
 2129   2956.75121219304 
 2130   2950.04295100169 
 2131   2923.48175271141 
 2132   2964.69351173156 
 2133   2941.78598009016 
 2134   2936.76491066811 
 2135   2934.40089144825 
 2136   2878.20708617538 
 2137   2884.42833080375 
 2138   2849.89552399332 
 2139   2851.6920579871 
 2140   2846.92221478105 
 2141   2837.56390048391 
 2142   2829.16795518363 
 2143   2808.41392767743 
 2144   2788.57965378085 
 2145   2779.23328372389 
 2146   2782.57354279374 
 2147   2764.93960889375 
 2148   2774.69573568698 
 2149   2782.95678271759 
 2150   2779.88821118632 
 2151   2748.68532706132 
 2152   2704.08970216179 
 2153   2686.22778339752 
 2154   2663.24638565998 
 2155   2640.04432832569 
 2156   2609.54659655101 
 2157   2615.38235397989 
 2158   2652.52956107006 
 2159   2664.55791270306 
 2160   2668.33110130509 
 2161   2649.60085513913 
 2162   2655.08099590711 
 2163   2637.47221873898 
 2164   2596.43066646553 
 2165   2575.90023425419 
 2166   2571.97653998827 
 2167   2591.75117790517 
 2168   2576.81068070609 
 2169   2576.20947365806 
 2170   2582.77219935597 
 2171   2554.35597962829 
 2172   2537.25067703673 
 2173   2509.68081383457 
 2174   2489.26749766215 
 2175   2468.73860633437 
 2176   2451.103366078 
 2177   2489.84338775637 
 2178   2478.81899951506 
 2179   2479.59870977589 
 2180   2489.21246780755 
 2181   2496.17038474171 
 2182   2480.59425017343 
 2183   2467.94295865526 
 2184   2483.69561714567 
 2185   2477.53214903328 
 2186   2478.13058720689 
 2187   2459.38599113648 
 2188   2459.57215436766 
 2189   2424.80440120503 
 2190   2382.76383436463 
 2191   2397.166291487 
 2192   2350.71716593511 
 2193   2353.81640910398 
 2194   2353.67505694367 
 2195   2336.96163980892 
 2196   2329.61716573515 
 2197   2300.82838117947 
 2198   2321.81021908927 
 2199   2311.4432043648 
 2200   2295.4546976957 
 2201   2298.63511044113 
 2202   2290.34925262329 
 2203   2274.84556662482 
 2204   2262.80498079375 
 2205   2236.31357976278 
 2206   2219.19643219407 
 2207   2205.69506318157 
 2208   2198.1846641286 
 2209   2189.76510906451 
 2210   2172.64782939099 
 2211   2170.6020060263 
 2212   2162.64831645912 
 2213   2183.25952595626 
 2214   2174.8339967475 
 2215   2162.54414393492 
 2216   2154.73062121457 
 2217   2142.52327462507 
 2218   2155.60283840342 
 2219   2119.11620803794 
 2220   2138.24041391537 
 2221   2150.7908301853 
 2222   2156.14189232122 
 2223   2175.01661098712 
 2224   2161.11389658892 
 2225   2189.03593318016 
 2226   2174.06857813426 
 2227   2158.11549150061 
 2228   2149.55205974058 
 2229   2123.79672829185 
 2230   2100.84588849656 
 2231   2048.54771406986 
 2232   2141.57732202421 
 2233   1283.00311538614 
 2234   826.851315313704 
 2235   864.497576755304 
 2236   863.553700387121 
 2237   888.784202468718 
 2238   748.238930962487 
 2239   1653.56875216516 
 2240   2013.92113149928 
 2241   1977.42344817741 
 2242   1964.29793477446 
 2243   1945.49268266171 
 2244   1956.11926398367 
 2245   1942.33572635036 
 2246   1948.19343384318 
 2247   1955.55157867892 
 2248   1947.23405780421 
 2249   1930.06924603266 
 2250   1927.15271657958 
 2251   1924.83685652934 
 2252   1914.5250199689 
 2253   1908.48315988416 
 2254   1895.6051834834 
 2255   1892.80568726807 
 2256   1863.88129699043 
 2257   1866.08515182463 
 2258   1864.8323281412 
 2259   1845.82876702047 
 2260   1851.44321626163 
 2261   1840.76595413881 
 2262   1884.03555738173 
 2263   1878.86599053605 
 2264   1869.94815280638 
 2265   1865.24544551958 
 2266   1854.46219103131 
 2267   1853.78649361044 
 2268   1814.51245197203 
 2269   1792.07918352616 
 2270   1769.99593473738 
 2271   1770.42775841207 
 2272   1779.57725494691 
 2273   1759.88136353827 
 2274   1739.60420618629 
 2275   1760.50774220649 
 2276   1746.80175176958 
 2277   1726.67633457533 
 2278   1678.24492863906 
 2279   1672.81226885083 
 2280   1646.20200773173 
 2281   1633.13920145776 
 2282   1636.58508853493 
 2283   1646.3608532638 
 2284   1681.70271872997 
 2285   1702.75430297948 
 2286   1687.88886249067 
 2287   1640.44521567934 
 2288   1635.46214391304 
 2289   1635.99710620686 
 2290   1616.02977877289 
 2291   1594.11753683864 
 2292   1609.14783731832 
 2293   1642.27415721118 
 2294   1641.86796001138 
 2295   1614.81084169737 
 2296   1647.34608473356 
 2297   1654.35218212468 
 2298   1647.96393785627 
 2299   1604.57715294105 
 2300   1609.54490693646 
 2301   1587.58423012035 
 2302   1551.03409641896 
 2303   1544.82453396423 
 2304   1564.33477907897 
 2305   1603.51658478846 
 2306   1579.41829286537 
 2307   1612.76894483163 
 2308   1602.52355960297 
 2309   1582.4545382887 
 2310   1560.90676256042 
 2311   1530.20136236584 
 2312   1519.88157797189 
 2313   1499.13931285045 
 2314   1510.14296888759 
 2315   1505.4311580265 
 2316   1484.62033015663 
 2317   1487.08903791381 
 2318   1453.37844617467 
 2319   1457.4803598404 
 2320   1434.52682893648 
 2321   1442.78192935568 
 2322   1456.80189436411 
 2323   1475.28383278334 
 2324   1505.63030363491 
 2325   1480.3987898996 
 2326   1489.63532700947 
 2327   1482.27019056036 
 2328   1451.33069250248 
 2329   1428.82978186711 
 2330   1388.1635697552 
 2331   1371.0197903338 
 2332   1389.45935126726 
 2333   1388.60762316693 
 2334   1399.50925731781 
 2335   1385.50722764661 
 2336   1431.86834695767 
 2337   1444.74557745391 
 2338   1407.3550788525 
 2339   1416.05959619017 
