05-29-2020  12:07:41
Wavenumber (cm-1)  CCD Output
 251   13473.5167864817 
 252   13786.4999165371 
 253   14108.9898348185 
 254   14403.4103476452 
 255   14675.1552095403 
 256   14934.5593577966 
 257   15185.7685460658 
 258   15427.7746577064 
 259   15647.005773641 
 260   15826.1930516022 
 261   15999.671642235 
 262   16175.3526646389 
 263   16306.7260712117 
 264   16401.2296025034 
 265   16489.571426527 
 266   16596.6569435634 
 267   16709.4809619542 
 268   16805.79861856 
 269   16883.0365737226 
 270   16955.0300967444 
 271   17030.1712105698 
 272   17087.5800338076 
 273   17136.4564169523 
 274   17200.9925825806 
 275   17282.4405443119 
 276   17375.712864057 
 277   17469.7295471086 
 278   17542.2254110739 
 279   17615.7149156504 
 280   17730.1320767516 
 281   17832.416847977 
 282   17901.7595272096 
 283   17969.2003076497 
 284   18045.2322373336 
 285   18122.6780740591 
 286   18185.1120108483 
 287   18236.0501708272 
 288   18285.8643549628 
 289   18343.1878894124 
 290   18404.804742617 
 291   18468.7590158726 
 292   18539.3794994343 
 293   18606.9639227096 
 294   18660.5341892858 
 295   18701.2929373417 
 296   18762.00657021 
 297   18849.6469445202 
 298   18905.7301291128 
 299   18953.1507996524 
 300   19024.0447808267 
 301   19078.3911038687 
 302   19128.9604053109 
 303   19199.4613113508 
 304   19259.4071883909 
 305   19315.3834962624 
 306   19380.5490035686 
 307   19417.7679849478 
 308   19457.8760261399 
 309   19539.9044162598 
 310   19584.0639014417 
 311   19580.2785405524 
 312   19573.8715996087 
 313   19570.9374274441 
 314   19581.2898801321 
 315   19613.9672470566 
 316   19646.3379236723 
 317   19680.0895447351 
 318   19728.2914810196 
 319   19751.3995784176 
 320   19756.094585484 
 321   19794.2694623536 
 322   19882.2422720985 
 323   19988.3127576788 
 324   20061.1894288545 
 325   20124.9460175844 
 326   20192.3359890054 
 327   20249.4625928527 
 328   20305.037994812 
 329   20366.8845468823 
 330   20434.9746225665 
 331   20509.7186363907 
 332   20586.9676288916 
 333   20658.9542769837 
 334   20726.2683421422 
 335   20787.9527992876 
 336   20845.395451275 
 337   20933.3600043397 
 338   21048.3219172949 
 339   21142.3681523738 
 340   21237.1676268335 
 341   21334.1114560962 
 342   21396.021803857 
 343   21460.5285131802 
 344   21548.8830774672 
 345   21635.732665692 
 346   21723.7788072605 
 347   21805.9504476724 
 348   21860.367161573 
 349   21920.3613590859 
 350   21992.974923714 
 351   22043.9709387216 
 352   22124.1632724121 
 353   22244.6350122489 
 354   22338.3555234004 
 355   22393.7281679847 
 356   22436.2318671697 
 357   22505.3601030893 
 358   22601.6210918712 
 359   22699.6276323524 
 360   22768.4390060217 
 361   22830.1557423903 
 362   22900.2814028837 
 363   22966.8956147684 
 364   23030.1814220538 
 365   23095.399793118 
 366   23164.0820968475 
 367   23216.0815112293 
 368   23243.8642245551 
 369   23261.7863054966 
 370   23279.9130247876 
 371   23300.5608154459 
 372   23319.1574490651 
 373   23331.6276100321 
 374   23341.9375640283 
 375   23357.9133587591 
 376   23367.9377531588 
 377   23379.3282193908 
 378   23413.5645303012 
 379   23446.1470225497 
 380   23464.2504369186 
 381   23482.4959885577 
 382   23527.3307349815 
 383   23582.7103885261 
 384   23615.2127766736 
 385   23678.3736383193 
 386   23757.0194778618 
 387   23790.1342451558 
 388   23826.1937603927 
 389   23895.3862566854 
 390   23984.0106162102 
 391   24053.8389289204 
 392   24111.8485565625 
 393   24185.6890883955 
 394   24254.3519904385 
 395   24322.6837938063 
 396   24404.7652222191 
 397   24476.4206722988 
 398   24538.5907302852 
 399   24594.0001158873 
 400   24607.7154203136 
 401   24615.5330131125 
 402   24651.1373374305 
 403   24653.9701268419 
 404   24637.591810723 
 405   24633.9570485993 
 406   24622.0821231971 
 407   24600.8269478452 
 408   24576.392612709 
 409   24548.0929137445 
 410   24532.8068891995 
 411   24539.2019145285 
 412   24549.3310093925 
 413   24536.8310415925 
 414   24521.3454788188 
 415   24565.6081384823 
 416   24606.5727541399 
 417   24602.1642293741 
 418   24587.0587085331 
 419   24582.8996744302 
 420   24603.3765310701 
 421   24653.0895539808 
 422   24712.4258111179 
 423   24774.6738425018 
 424   24835.105848332 
 425   24839.548663921 
 426   24825.7403914311 
 427   24869.5317970421 
 428   24913.18366766 
 429   24951.7522128574 
 430   24998.1444946487 
 431   24980.7237619453 
 432   24942.1043260155 
 433   24949.7412585963 
 434   24959.8979852201 
 435   24960.4152951419 
 436   24957.5061975189 
 437   24947.2500180835 
 438   24930.733239051 
 439   24919.9106979369 
 440   24934.006828698 
 441   24961.7048502945 
 442   24988.6681971311 
 443   25014.0421400898 
 444   25047.8941249706 
 445   25090.7332816976 
 446   25131.3115769859 
 447   25167.3863701334 
 448   25217.9000515307 
 449   25297.3141261912 
 450   25355.0811167997 
 451   25399.0011367085 
 452   25454.4699885565 
 453   25459.5549168937 
 454   25443.5224856654 
 455   25465.8377353333 
 456   25508.1840468649 
 457   25539.4933188966 
 458   25557.656515173 
 459   25603.4061775637 
 460   25656.4562080443 
 461   25686.4946907257 
 462   25700.8228475833 
 463   25774.4043294062 
 464   25883.324801651 
 465   25909.717711223 
 466   25908.5641998107 
 467   25937.1513081569 
 468   25989.7359388855 
 469   25996.3309484632 
 470   25987.8650950268 
 471   26028.6712727777 
 472   26063.5210577525 
 473   26083.4775896065 
 474   26117.5027396959 
 475   26188.0294589345 
 476   26273.1875504682 
 477   26351.9547546858 
 478   26431.8999844209 
 479   26502.3315705113 
 480   26565.4294997242 
 481   26637.5911127713 
 482   26693.5940402078 
 483   26730.398409292 
 484   26773.724427019 
 485   26837.6745821326 
 486   26907.2436130765 
 487   26958.5351406482 
 488   26994.9915009342 
 489   27037.9413623791 
 490   27084.2495934082 
 491   27088.6363317251 
 492   27121.9884880764 
 493   27223.2415651469 
 494   27318.6484063914 
 495   27362.2243265013 
 496   27372.8692064892 
 497   27410.6891249637 
 498   27476.5460840192 
 499   27553.2285886629 
 500   27632.4210065793 
 501   27732.2163885982 
 502   27812.6006097189 
 503   27843.0396109968 
 504   27881.7808321978 
 505   27941.1594536478 
 506   28009.5704423671 
 507   28081.8108829109 
 508   28169.6743721525 
 509   28260.6652574916 
 510   28321.9644239567 
 511   28367.1356633785 
 512   28421.6620232364 
 513   28493.0880845289 
 514   28546.6590790928 
 515   28612.2239511657 
 516   28709.0302145782 
 517   28767.535105561 
 518   28806.9394957272 
 519   28852.7879068499 
 520   28891.5325236584 
 521   28961.6597608046 
 522   29048.1934803989 
 523   29101.2790433523 
 524   29183.5070980977 
 525   29283.3868556634 
 526   29351.9866679042 
 527   29416.4739335258 
 528   29483.3185082649 
 529   29548.2932424419 
 530   29616.1342683282 
 531   29688.3771548197 
 532   29766.5106770036 
 533   29847.2614778918 
 534   29904.4392471028 
 535   29941.1356585715 
 536   29981.4196908262 
 537   30028.2537572146 
 538   30077.9299249595 
 539   30126.5880401244 
 540   30173.1347079847 
 541   30215.5194790171 
 542   30259.4583341324 
 543   30311.2477958025 
 544   30339.9314789115 
 545   30376.831893397 
 546   30461.7132578615 
 547   30494.7076486792 
 548   30492.8491812925 
 549   30509.7931506684 
 550   30513.7958713334 
 551   30510.0470620279 
 552   30502.2304506981 
 553   30480.3208564385 
 554   30481.1469521863 
 555   30456.2597071062 
 556   30349.3893710714 
 557   30301.7689261252 
 558   30337.0331010148 
 559   30382.4062116286 
 560   30375.237189535 
 561   30388.5971176059 
 562   30451.4662005036 
 563   30495.7770008235 
 564   30528.0385691565 
 565   30567.627046076 
 566   30607.6415331272 
 567   30599.6402566392 
 568   30574.4118108809 
 569   30575.6873060719 
 570   30592.8257362209 
 571   30609.3133384822 
 572   30620.7179394899 
 573   30637.1055112372 
 574   30670.5952370509 
 575   30703.5381583082 
 576   30735.9307920794 
 577   30833.6595541834 
 578   30948.0838874398 
 579   31039.156051199 
 580   31137.3416777635 
 581   31200.2302436072 
 582   31250.1615784074 
 583   31347.0704611978 
 584   31449.3154596962 
 585   31554.9604491734 
 586   31673.9124404254 
 587   31786.2675313763 
 588   31902.3432029315 
 589   32026.0550168644 
 590   32158.0234245242 
 591   32346.7148803176 
 592   32556.6737954112 
 593   32726.4981744415 
 594   32874.8949260757 
 595   33025.6950921713 
 596   33161.4008687046 
 597   33233.5635631723 
 598   33268.9296431248 
 599   33293.2729794416 
 600   33295.1147427637 
 601   33222.7754718231 
 602   33091.891471075 
 603   32958.8762848862 
 604   32865.7283203913 
 605   32761.671768621 
 606   32629.0857633065 
 607   32503.3119340208 
 608   32407.498456328 
 609   32291.8998865082 
 610   32135.1278596976 
 611   32008.060098248 
 612   31899.8038048856 
 613   31804.8810968011 
 614   31729.6154131941 
 615   31622.0700329793 
 616   31513.8989949899 
 617   31444.1198877315 
 618   31377.4389026791 
 619   31334.2473477691 
 620   31328.5929720257 
 621   31343.5425372416 
 622   31357.0279725314 
 623   31336.8151513275 
 624   31295.7647665738 
 625   31313.1541518011 
 626   31335.4810222602 
 627   31341.1279081813 
 628   31375.2006594527 
 629   31417.7495692769 
 630   31428.8061603365 
 631   31394.8893346101 
 632   31358.1817814458 
 633   31368.6867034413 
 634   31409.6631067772 
 635   31425.1060654512 
 636   31449.7440458915 
 637   31486.8699663709 
 638   31519.3633012399 
 639   31548.9579319869 
 640   31588.4904942192 
 641   31653.4763774741 
 642   31737.9636381652 
 643   31784.8782577902 
 644   31822.2670268026 
 645   31867.9215061401 
 646   31857.4332267592 
 647   31826.3938725584 
 648   31795.505694952 
 649   31762.189486333 
 650   31772.4187697677 
 651   31806.2761722288 
 652   31834.0113304072 
 653   31864.31102405 
 654   31893.3259516219 
 655   31935.4613578952 
 656   31995.180069025 
 657   32023.1386701877 
 658   32051.8839899515 
 659   32111.158868473 
 660   32173.2680366968 
 661   32205.534746369 
 662   32213.6107330456 
 663   32229.6097386093 
 664   32272.8608290524 
 665   32298.4962130162 
 666   32297.486739668 
 667   32315.3899510371 
 668   32362.7640848809 
 669   32395.8143376003 
 670   32389.5183585445 
 671   32387.4082032239 
 672   32400.8028032555 
 673   32408.3971979245 
 674   32400.0939846738 
 675   32427.1642644929 
 676   32465.3857451262 
 677   32486.8171601409 
 678   32507.6780459329 
 679   32532.0103794489 
 680   32565.3050927679 
 681   32608.1922982252 
 682   32643.7173353901 
 683   32646.8417960027 
 684   32632.2748223007 
 685   32645.6776452242 
 686   32693.7014576794 
 687   32717.374240051 
 688   32703.0266685419 
 689   32714.2374452962 
 690   32685.9235222592 
 691   32640.613642872 
 692   32651.4134357996 
 693   32696.6780062533 
 694   32721.5695224225 
 695   32718.2055864776 
 696   32726.4985490919 
 697   32750.6398718379 
 698   32757.3482671268 
 699   32761.2490161916 
 700   32829.4631855429 
 701   32859.3969701994 
 702   32844.0296919249 
 703   32848.4370601166 
 704   32862.8401551127 
 705   32874.4551774415 
 706   32901.8547021521 
 707   32965.0777451965 
 708   33012.4217605896 
 709   33049.3722197323 
 710   33089.6413168862 
 711   33121.016721408 
 712   33180.5496891687 
 713   33275.5298318649 
 714   33383.3663205968 
 715   33479.2599891572 
 716   33530.1831719419 
 717   33579.8955474639 
 718   33689.6594326532 
 719   33795.5243072801 
 720   33902.6407449266 
 721   34012.5760504232 
 722   34095.913684514 
 723   34188.5311545369 
 724   34290.4904886139 
 725   34392.8117224344 
 726   34506.468854438 
 727   34595.6544997178 
 728   34654.0892406578 
 729   34710.2133523078 
 730   34789.8792939443 
 731   34879.7958480186 
 732   34935.1421242555 
 733   34938.0412666893 
 734   34965.2647999178 
 735   34998.2239062324 
 736   35015.0785352871 
 737   35046.5501217691 
 738   35107.9605209688 
 739   35166.0622280357 
 740   35186.6388087255 
 741   35181.2837958416 
 742   35197.840724139 
 743   35238.9505414822 
 744   35280.2902167568 
 745   35316.69841774 
 746   35344.2979589032 
 747   35338.1719927483 
 748   35286.6208269015 
 749   35242.0869815819 
 750   35245.7689680624 
 751   35280.3781992503 
 752   35288.107826525 
 753   35247.8765041163 
 754   35213.4832614825 
 755   35206.5756029691 
 756   35181.1081468615 
 757   35119.4934825315 
 758   35036.4894251008 
 759   34938.7248917731 
 760   34809.0598695714 
 761   34657.5044063885 
 762   34512.4921868226 
 763   34383.3004246938 
 764   34244.0699554422 
 765   34101.0275382049 
 766   33999.8806864922 
 767   33954.3768964829 
 768   33894.8884104992 
 769   33819.6545671587 
 770   33749.5597708985 
 771   33692.7321246863 
 772   33637.4936921578 
 773   33587.7047013496 
 774   33542.8621381039 
 775   33497.3228993001 
 776   33450.8190058874 
 777   33367.9201184498 
 778   33280.6278579081 
 779   33255.0026286539 
 780   33240.752637665 
 781   33250.7304507504 
 782   33267.4756583736 
 783   33245.2942909285 
 784   33254.2042401583 
 785   33256.2658909066 
 786   33248.4980946575 
 787   33303.0033044931 
 788   33365.8641971497 
 789   33404.30863114 
 790   33424.1894826851 
 791   33444.5859817733 
 792   33467.9542485023 
 793   33479.0162348347 
 794   33486.5369114611 
 795   33520.3432706895 
 796   33539.8077103566 
 797   33548.8428982006 
 798   33557.8446307867 
 799   33539.1393229432 
 800   33479.3322182557 
 801   33407.2262863912 
 802   33370.0952637933 
 803   33385.2899678753 
 804   33389.1469552922 
 805   33359.6392116091 
 806   33308.3280638249 
 807   33244.6266901746 
 808   33193.6091557871 
 809   33179.5024017589 
 810   33189.5323055639 
 811   33175.2252548298 
 812   33143.993435272 
 813   33096.9101963519 
 814   33048.7715206525 
 815   33035.0028416381 
 816   33022.0033374061 
 817   33018.0118621997 
 818   33029.615589462 
 819   33033.0732481085 
 820   33090.6737988326 
 821   33145.7685136041 
 822   33185.9548425423 
 823   33328.2030688221 
 824   33493.4965933408 
 825   33661.8128565849 
 826   33835.8222286352 
 827   33987.4761188118 
 828   34169.5328884804 
 829   34380.3433535303 
 830   34601.1765268436 
 831   34837.1871955623 
 832   35071.2219074046 
 833   35315.5701297697 
 834   35580.4487118866 
 835   35854.1136848835 
 836   36136.8478038063 
 837   36440.7665630046 
 838   36757.2211739587 
 839   37056.7937223051 
 840   37332.2317829586 
 841   37567.3748111513 
 842   37788.4687853109 
 843   38006.8998853674 
 844   38100.8911117536 
 845   38166.9337232121 
 846   38276.1319204604 
 847   38361.7321710827 
 848   38337.4435769722 
 849   38206.1021477043 
 850   38088.5056197998 
 851   38045.2495495882 
 852   37915.5182115671 
 853   37779.0440517064 
 854   37641.0240957581 
 855   37415.6045829304 
 856   37108.5933943007 
 857   36826.9725798846 
 858   36595.1180792563 
 859   36352.1092404302 
 860   36047.2050510079 
 861   35724.1491217513 
 862   35422.302203896 
 863   35140.2323802799 
 864   34869.2475836179 
 865   34668.0397507746 
 866   34477.852316997 
 867   34287.9647532953 
 868   34164.6257344775 
 869   34031.6185218217 
 870   33925.2989078063 
 871   33869.6768798444 
 872   33821.4421984954 
 873   33758.5124768484 
 874   33707.8935435709 
 875   33670.6886884848 
 876   33623.4188981227 
 877   33569.0304116263 
 878   33533.8085192743 
 879   33514.1447437482 
 880   33494.2371988923 
 881   33475.6692526762 
 882   33449.3400185383 
 883   33390.5460182723 
 884   33319.0038635381 
 885   33285.3646949456 
 886   33246.4996369289 
 887   33193.8500453247 
 888   33125.4252127708 
 889   33030.0858399124 
 890   32921.2830403268 
 891   32835.527658312 
 892   32812.5765733421 
 893   32835.9686184857 
 894   32822.7658277637 
 895   32811.2912905958 
 896   32810.5941667243 
 897   32820.9714196786 
 898   32880.9901029474 
 899   32988.9382558403 
 900   33077.6633899936 
 901   33107.6818054698 
 902   33108.3178890698 
 903   33121.2120970851 
 904   33166.4806230578 
 905   33207.8771310258 
 906   33202.6535077983 
 907   33169.6122039937 
 908   33120.0958239009 
 909   33099.2071447768 
 910   33115.0643872258 
 911   33123.054457717 
 912   33169.9444846796 
 913   33152.9610035879 
 914   33063.9694172634 
 915   33007.48949759 
 916   32919.3934018103 
 917   32800.7071821559 
 918   32656.940687696 
 919   32491.64453125 
 920   32322.2366304967 
 921   32094.4063627019 
 922   31867.7731769572 
 923   31675.3862737488 
 924   31451.9613868212 
 925   31223.8216675374 
 926   31040.206410003 
 927   30859.2019085948 
 928   30626.3304549311 
 929   30413.1426182113 
 930   30228.1050950462 
 931   30060.1645851319 
 932   29896.5549531597 
 933   29736.3615489197 
 934   29620.1682447217 
 935   29512.7938901435 
 936   29413.463993151 
 937   29350.013116795 
 938   29272.776090626 
 939   29182.5578037015 
 940   29058.496695477 
 941   28928.312344244 
 942   28862.9172799145 
 943   28746.0593410058 
 944   28610.6243548833 
 945   28511.2592641416 
 946   28414.5083950898 
 947   28272.6439877076 
 948   28171.7053960843 
 949   28095.8962863739 
 950   27991.8253686722 
 951   27887.1802609073 
 952   27794.2431606916 
 953   27697.6131412949 
 954   27566.8271162983 
 955   27426.5812328333 
 956   27365.3475053617 
 957   27253.125155559 
 958   27120.2853856823 
 959   27021.3196573905 
 960   26897.901509663 
 961   26797.2174885735 
 962   26697.4449958631 
 963   26606.4623782254 
 964   26524.125325217 
 965   26389.7511649688 
 966   26331.2318358416 
 967   26322.8709124041 
 968   26296.3152358171 
 969   26256.1775977054 
 970   26198.1907044079 
 971   26158.0427315933 
 972   26139.0066115838 
 973   26135.9075613529 
 974   26149.6571564691 
 975   26097.7085184963 
 976   26022.8909096347 
 977   25989.7886369485 
 978   26000.1533478687 
 979   26020.647541164 
 980   26039.6773454976 
 981   26016.3278420741 
 982   25985.6664269854 
 983   26023.0821211094 
 984   26052.0821937035 
 985   26129.9270981463 
 986   26228.3513631101 
 987   26280.6840160347 
 988   26319.6351193091 
 989   26389.9422190865 
 990   26499.2138624917 
 991   26590.7789567664 
 992   26654.3907017971 
 993   26784.2135637072 
 994   26893.3989666976 
 995   27020.0354198731 
 996   27185.7080294592 
 997   27334.7692574446 
 998   27496.0202398767 
 999   27709.1949403002 
 1000   27911.3482506551 
 1001   28082.9849919638 
 1002   28276.1185341962 
 1003   28403.0697445331 
 1004   28468.6880093812 
 1005   28507.0993428301 
 1006   28517.9060339262 
 1007   28465.9771047425 
 1008   28336.897337195 
 1009   28212.9998080408 
 1010   28046.6006311082 
 1011   27797.8189353543 
 1012   27597.2365106984 
 1013   27367.5801690537 
 1014   27146.6310456179 
 1015   26962.6035320796 
 1016   26782.41431613 
 1017   26606.5377132244 
 1018   26441.2927262828 
 1019   26337.5223083873 
 1020   26260.9040107797 
 1021   26149.0535450986 
 1022   26076.5038436254 
 1023   26032.3116455768 
 1024   26009.3351876764 
 1025   25998.6089360047 
 1026   25980.5278198132 
 1027   25952.0744427319 
 1028   25895.1082655485 
 1029   25871.9342390934 
 1030   25887.0022070365 
 1031   25874.1947835888 
 1032   25866.5961631999 
 1033   25823.2460409537 
 1034   25782.0097543605 
 1035   25774.5372387354 
 1036   25765.5795297287 
 1037   25752.9327048306 
 1038   25708.5550166209 
 1039   25657.7385961001 
 1040   25609.1856115212 
 1041   25537.6531057274 
 1042   25482.2691831752 
 1043   25423.3783534003 
 1044   25346.0742585882 
 1045   25284.1001355468 
 1046   25260.4135449089 
 1047   25209.2204792114 
 1048   25166.7876640024 
 1049   25140.1968273155 
 1050   25106.1090512711 
 1051   25074.4147310725 
 1052   25084.9669174556 
 1053   25096.7700985688 
 1054   25073.2044469261 
 1055   25045.9121714523 
 1056   25063.0144425993 
 1057   25091.4358507785 
 1058   25114.9554151414 
 1059   25164.8520079874 
 1060   25182.4698482057 
 1061   25122.7872618736 
 1062   25143.9792508206 
 1063   25179.6293773157 
 1064   25193.4482899549 
 1065   25162.8737745126 
 1066   25090.7403685361 
 1067   25057.3893759908 
 1068   25033.5553738971 
 1069   25060.0250075766 
 1070   25057.2155696657 
 1071   24943.0025086464 
 1072   24843.4734650999 
 1073   24777.3566049183 
 1074   24710.1226587148 
 1075   24632.9455512329 
 1076   24535.8990522713 
 1077   24384.4115854703 
 1078   24207.5249873973 
 1079   24078.7612568664 
 1080   23961.9200974507 
 1081   23814.3845941212 
 1082   23670.8384159225 
 1083   23518.3721720649 
 1084   23366.0762203961 
 1085   23207.156462309 
 1086   23042.3707898448 
 1087   22899.5808857839 
 1088   22797.7801884588 
 1089   22705.8309029852 
 1090   22612.8770618439 
 1091   22495.7282511313 
 1092   22395.4765190155 
 1093   22416.747263002 
 1094   22420.4980745772 
 1095   22446.7556234259 
 1096   22459.3222427716 
 1097   22416.6218034463 
 1098   22405.8952914697 
 1099   22408.9238409487 
 1100   22402.9892132719 
 1101   22392.0461183374 
 1102   22364.8474439416 
 1103   22306.850783798 
 1104   22250.3284388697 
 1105   22191.6626046386 
 1106   22125.9921946733 
 1107   22043.1520912113 
 1108   21961.2510659535 
 1109   21903.2264046624 
 1110   21769.3526212337 
 1111   21619.6321147639 
 1112   21482.012023176 
 1113   21349.0505009043 
 1114   21222.5867066558 
 1115   21060.5269769056 
 1116   20910.7318176153 
 1117   20760.0925202421 
 1118   20605.2508659112 
 1119   20486.124467517 
 1120   20405.0446543614 
 1121   20300.0745719259 
 1122   20169.2111831458 
 1123   20058.8592654196 
 1124   19976.7490778423 
 1125   19867.8632405503 
 1126   19709.6949641466 
 1127   19584.7733053171 
 1128   19465.4274323385 
 1129   19344.0901180037 
 1130   19238.2075443867 
 1131   19111.5784304395 
 1132   19006.7829393052 
 1133   18922.6594706723 
 1134   18831.7486501428 
 1135   18724.2131394526 
 1136   18623.9071232222 
 1137   18549.4128901364 
 1138   18447.1426479477 
 1139   18384.7198536113 
 1140   18332.596536217 
 1141   18244.2330943394 
 1142   18174.8954487872 
 1143   18097.3333474786 
 1144   18058.3399796754 
 1145   18018.7726377288 
 1146   17954.6749603156 
 1147   17897.9660396514 
 1148   17850.4079945717 
 1149   17803.3735055625 
 1150   17793.6509894529 
 1151   17781.4237323805 
 1152   17747.9290484597 
 1153   17720.9733551668 
 1154   17675.992088024 
 1155   17646.9513674947 
 1156   17629.3239123918 
 1157   17556.3435095028 
 1158   17452.2274098642 
 1159   17401.4656431797 
 1160   17340.2964933079 
 1161   17294.3806996596 
 1162   17243.8058431757 
 1163   17201.8150832202 
 1164   17157.3378563329 
 1165   17089.9649556544 
 1166   17111.6842486817 
 1167   17058.8711419152 
 1168   16999.8912098417 
 1169   16959.9754439334 
 1170   16912.8354337083 
 1171   16915.4592340543 
 1172   16875.851018395 
 1173   16854.0296867878 
 1174   16809.2177645814 
 1175   16753.6576838208 
 1176   16753.8551550826 
 1177   16760.1088017172 
 1178   16683.8425020525 
 1179   16571.8535395088 
 1180   16509.7287618673 
 1181   16482.7463910291 
 1182   16448.6484975963 
 1183   16434.0412785712 
 1184   16422.0081169355 
 1185   16406.453917348 
 1186   16391.0706489188 
 1187   16372.7272771636 
 1188   16345.5092907665 
 1189   16310.3702779388 
 1190   16275.9199723752 
 1191   16274.5412188358 
 1192   16238.9658744533 
 1193   16205.3408265123 
 1194   16221.8881229488 
 1195   16218.4529293136 
 1196   16224.5668691141 
 1197   16249.713286617 
 1198   16264.9643525999 
 1199   16274.4368422528 
 1200   16305.4863586448 
 1201   16346.8523255751 
 1202   16358.0501118255 
 1203   16363.5139049547 
 1204   16408.3773458656 
 1205   16406.6657049661 
 1206   16362.4808436603 
 1207   16384.0764863512 
 1208   16389.3651608891 
 1209   16350.1266745533 
 1210   16316.7368782773 
 1211   16301.8329990203 
 1212   16285.1540292238 
 1213   16278.2689298496 
 1214   16307.3654508533 
 1215   16326.3641469539 
 1216   16315.0155307585 
 1217   16300.6441801769 
 1218   16317.577264794 
 1219   16344.1108555637 
 1220   16341.1214155639 
 1221   16360.5304494827 
 1222   16397.8281714462 
 1223   16416.3612950368 
 1224   16423.468084465 
 1225   16478.5902769141 
 1226   16571.5264769446 
 1227   16603.483864719 
 1228   16671.2507128937 
 1229   16717.8200941784 
 1230   16752.6475468972 
 1231   16819.6499436181 
 1232   16885.8118635165 
 1233   16910.2304277582 
 1234   16946.1510578655 
 1235   17006.9094063251 
 1236   17022.4373235148 
 1237   17024.04759331 
 1238   17035.907126137 
 1239   17001.9683192529 
 1240   16943.4581851685 
 1241   16887.8695181196 
 1242   16853.6652506398 
 1243   16781.2429567309 
 1244   16697.4348726629 
 1245   16653.4751196999 
 1246   16595.4592835572 
 1247   16520.2097877544 
 1248   16464.6776047146 
 1249   16444.9134294329 
 1250   16410.3174336347 
 1251   16390.8293504748 
 1252   16424.5697675602 
 1253   16438.5195217346 
 1254   16490.3689177034 
 1255   16522.0188988277 
 1256   16574.0303802552 
 1257   16634.1079963761 
 1258   16660.4031170208 
 1259   16670.0121011012 
 1260   16664.889655993 
 1261   16628.8681016849 
 1262   16544.2702557197 
 1263   16485.616669466 
 1264   16429.6904403038 
 1265   16345.903837519 
 1266   16269.346167209 
 1267   16151.0417721035 
 1268   16043.3630761363 
 1269   15963.23295763 
 1270   15896.2378560524 
 1271   15833.5272292362 
 1272   15778.0077583243 
 1273   15719.1012894512 
 1274   15641.5419843508 
 1275   15593.3802765183 
 1276   15546.3741524548 
 1277   15495.7700145191 
 1278   15462.2451894416 
 1279   15431.1291409746 
 1280   15376.6155108548 
 1281   15323.8624359138 
 1282   15288.2753259158 
 1283   15289.6633458 
 1284   15291.9426611219 
 1285   15285.3618128097 
 1286   15278.8242056397 
 1287   15277.7578064342 
 1288   15309.1925924231 
 1289   15333.4823049864 
 1290   15356.7010642414 
 1291   15351.1254223594 
 1292   15327.7387265356 
 1293   15303.4496650044 
 1294   15289.2514216496 
 1295   15315.3224813722 
 1296   15314.7517096247 
 1297   15282.7690359902 
 1298   15260.9352448601 
 1299   15281.2495133092 
 1300   15291.4484924803 
 1301   15263.243063685 
 1302   15263.8673602543 
 1303   15267.7371314531 
 1304   15235.3771716063 
 1305   15221.6745348157 
 1306   15211.645224924 
 1307   15182.8810787638 
 1308   15161.214381073 
 1309   15141.6584570085 
 1310   15086.4701594315 
 1311   15036.7136452144 
 1312   14957.3776031086 
 1313   14894.7047544851 
 1314   14829.0466865538 
 1315   14746.0445353193 
 1316   14697.2887808833 
 1317   14663.6821614983 
 1318   14574.6191363206 
 1319   14495.42472133 
 1320   14461.111282591 
 1321   14435.3691490269 
 1322   14406.4796016601 
 1323   14356.9536465638 
 1324   14266.9185554532 
 1325   14191.617115717 
 1326   14147.9932671382 
 1327   14114.2833896384 
 1328   14100.0696913218 
 1329   14051.5483052335 
 1330   13990.9937609791 
 1331   13964.1606864645 
 1332   13939.3072663202 
 1333   13944.2576497435 
 1334   13995.6393291322 
 1335   14008.0170833068 
 1336   13958.1815862155 
 1337   13921.6782864265 
 1338   13908.6597112964 
 1339   13891.1364325921 
 1340   13878.3939898266 
 1341   13832.5465274673 
 1342   13779.4214944276 
 1343   13744.611778173 
 1344   13716.9887009772 
 1345   13682.8125833933 
 1346   13645.3182792216 
 1347   13616.2683151092 
 1348   13604.8370900341 
 1349   13604.7947102778 
 1350   13590.5134987344 
 1351   13581.5714298216 
 1352   13618.1774848542 
 1353   13690.7787474792 
 1354   13745.6423283603 
 1355   13775.4519283048 
 1356   13817.9060755199 
 1357   13860.549981025 
 1358   13886.9211364723 
 1359   13925.0150941146 
 1360   13921.4203783245 
 1361   13949.1935455224 
 1362   14038.4702145223 
 1363   14095.9043126515 
 1364   14104.1753601864 
 1365   14159.0684148572 
 1366   14256.7702442259 
 1367   14348.9674987182 
 1368   14455.2885056346 
 1369   14502.146252063 
 1370   14517.8106925376 
 1371   14598.2247143626 
 1372   14707.1747158946 
 1373   14761.2533497534 
 1374   14790.7578125 
 1375   14784.5468465951 
 1376   14826.8330072447 
 1377   14866.7151768791 
 1378   14882.6875794175 
 1379   14882.2802769543 
 1380   14871.6871338697 
 1381   14861.3393477155 
 1382   14867.7012534915 
 1383   14919.9620621061 
 1384   14959.1053748098 
 1385   14973.0009042974 
 1386   15053.378065731 
 1387   15154.0820379629 
 1388   15227.4969595424 
 1389   15320.1599142974 
 1390   15457.374928219 
 1391   15619.626298969 
 1392   15798.1040297198 
 1393   15972.8093209926 
 1394   16165.8320288916 
 1395   16381.0352147765 
 1396   16656.3126413224 
 1397   16953.2496693852 
 1398   17247.7892677183 
 1399   17540.5935129499 
 1400   17796.6718262307 
 1401   18084.1249344667 
 1402   18293.1601884855 
 1403   18494.4112457373 
 1404   18681.3983885379 
 1405   18827.1409003608 
 1406   18871.2826767529 
 1407   18851.3219248391 
 1408   18829.135530587 
 1409   18744.6075656952 
 1410   18595.6616829739 
 1411   18371.7512930559 
 1412   18124.5897375653 
 1413   17840.7253295335 
 1414   17548.1352373059 
 1415   17204.1453393324 
 1416   16858.6030412471 
 1417   16538.7046629539 
 1418   16192.4267804811 
 1419   15893.6732226306 
 1420   15596.3896173347 
 1421   15311.4752044135 
 1422   15074.120587381 
 1423   14892.5477415632 
 1424   14660.0826135022 
 1425   14500.9272673184 
 1426   14431.7585563332 
 1427   14316.5762273152 
 1428   14213.2525358401 
 1429   14138.173938754 
 1430   14055.4567038663 
 1431   14014.709946047 
 1432   14025.6428377744 
 1433   13989.1794221386 
 1434   13983.6435857902 
 1435   14004.6514813321 
 1436   14011.2753013268 
 1437   14034.1444331432 
 1438   14075.3146115243 
 1439   14131.4417726448 
 1440   14157.2928417166 
 1441   14228.5949443379 
 1442   14296.0625160927 
 1443   14386.5550260846 
 1444   14475.2351313369 
 1445   14547.2238708562 
 1446   14593.8058931552 
 1447   14642.9791829377 
 1448   14714.1870390692 
 1449   14733.656778649 
 1450   14730.6509197129 
 1451   14742.5323871533 
 1452   14735.3612119542 
 1453   14722.374358777 
 1454   14691.7344687136 
 1455   14648.9379218283 
 1456   14583.4163356442 
 1457   14519.2387607552 
 1458   14431.3991160856 
 1459   14283.3422524402 
 1460   14195.6529223169 
 1461   14121.2515584887 
 1462   13997.7101925885 
 1463   13885.3260801606 
 1464   13785.0544554572 
 1465   13678.4112626111 
 1466   13605.8155545775 
 1467   13525.6820298349 
 1468   13412.0277953498 
 1469   13312.5493582551 
 1470   13250.5473499661 
 1471   13223.5905134687 
 1472   13149.8619545572 
 1473   13053.79910088 
 1474   12948.0288628395 
 1475   12888.5560805948 
 1476   12792.9751163985 
 1477   12694.2177774745 
 1478   12561.4556320867 
 1479   12417.8251020954 
 1480   12302.2922173485 
 1481   12166.1566397732 
 1482   12037.4163112161 
 1483   11893.9659524688 
 1484   11794.4507328592 
 1485   11692.628559619 
 1486   11541.092364941 
 1487   11390.2571390546 
 1488   11294.2316354359 
 1489   11231.2607052332 
 1490   11131.3691230737 
 1491   10991.427229568 
 1492   10834.8516575397 
 1493   10693.8285081663 
 1494   10599.7933079451 
 1495   10471.0607778767 
 1496   10362.4494778068 
 1497   10237.7953329075 
 1498   10142.215826509 
 1499   10044.2850665529 
 1500   9965.67430583225 
 1501   9888.18134507851 
 1502   9820.40089173596 
 1503   9750.08787648096 
 1504   9664.41411267869 
 1505   9585.96997384943 
 1506   9508.86704472329 
 1507   9450.58532440249 
 1508   9392.95381386596 
 1509   9343.53728864019 
 1510   9306.36798759015 
 1511   9216.78131279945 
 1512   9156.46786926434 
 1513   9136.04571323658 
 1514   9083.30985358244 
 1515   9025.44524962721 
 1516   8981.02362627244 
 1517   8909.16225704107 
 1518   8857.90855754564 
 1519   8867.62350633571 
 1520   8846.46443524456 
 1521   8805.07913750902 
 1522   8826.26125790018 
 1523   8813.23342380795 
 1524   8774.82605088108 
 1525   8782.71429182482 
 1526   8752.00721026471 
 1527   8691.30837051361 
 1528   8641.5350521324 
 1529   8595.04457996554 
 1530   8574.40698663095 
 1531   8570.80363691274 
 1532   8563.50083427435 
 1533   8578.58979121493 
 1534   8583.1636577699 
 1535   8597.46858999566 
 1536   8602.42207274315 
 1537   8584.23298952006 
 1538   8540.0600934052 
 1539   8528.65081476745 
 1540   8473.70099173974 
 1541   8447.39142970546 
 1542   8409.90323727125 
 1543   8381.87092066871 
 1544   8371.47950956828 
 1545   8368.68759532479 
 1546   8387.53735995359 
 1547   8373.20635424357 
 1548   8370.41060303372 
 1549   8362.03842259049 
 1550   8357.55738194325 
 1551   8335.54451769871 
 1552   8332.64856262636 
 1553   8276.22823367352 
 1554   8267.60416967597 
 1555   8255.79134151086 
 1556   8232.21960537552 
 1557   8208.00403214873 
 1558   8209.77943242068 
 1559   8211.67066831334 
 1560   8188.27852691452 
 1561   8178.46935097972 
 1562   8186.99231789839 
 1563   8187.8460279919 
 1564   8180.14178673431 
 1565   8169.0923995142 
 1566   8122.86638075681 
 1567   8132.03159424406 
 1568   8111.55045716099 
 1569   8071.88621338772 
 1570   8043.82824612986 
 1571   8015.6859678074 
 1572   8000.72374097331 
 1573   7973.35640647762 
 1574   7950.88147634494 
 1575   7961.98772586724 
 1576   7958.44278530994 
 1577   7934.89930349117 
 1578   7905.32256739858 
 1579   7859.87106325146 
 1580   7839.14591630361 
 1581   7803.27902573483 
 1582   7732.92799240661 
 1583   7700.87137413491 
 1584   7658.81319982023 
 1585   7617.09418980226 
 1586   7585.58154405822 
 1587   7579.69492281058 
 1588   7562.64870766537 
 1589   7550.54239880477 
 1590   7513.41865255652 
 1591   7468.28671766734 
 1592   7452.69056286339 
 1593   7411.97437095993 
 1594   7387.04134438552 
 1595   7385.3602136567 
 1596   7346.35463906769 
 1597   7328.05567180497 
 1598   7339.22930208 
 1599   7342.27262175262 
 1600   7352.16350442308 
 1601   7342.27519223068 
 1602   7308.82327073188 
 1603   7290.31967015829 
 1604   7295.59744314157 
 1605   7240.09496629737 
 1606   7239.55490291429 
 1607   7224.09232825354 
 1608   7210.88921273537 
 1609   7237.22091732823 
 1610   7238.84548983314 
 1611   7212.42143185651 
 1612   7234.65733488472 
 1613   7259.08236798487 
 1614   7268.28534248476 
 1615   7269.42730590785 
 1616   7276.29003403769 
 1617   7311.71769830822 
 1618   7337.23094589659 
 1619   7350.53737078051 
 1620   7363.54117396331 
 1621   7392.00559973164 
 1622   7443.03800329775 
 1623   7501.2066036593 
 1624   7497.88470755294 
 1625   7584.3240557345 
 1626   7650.47767102551 
 1627   7722.44628095172 
 1628   7818.08975747064 
 1629   7899.31725369389 
 1630   8042.83492333002 
 1631   8228.93079534309 
 1632   8432.05522821073 
 1633   8696.71684986622 
 1634   9019.63796985494 
 1635   9360.22864534413 
 1636   9746.65922273221 
 1637   10171.1417137204 
 1638   10607.3338429977 
 1639   11064.0846452989 
 1640   11516.2862244002 
 1641   11929.6027574339 
 1642   12292.3851541906 
 1643   12597.281991433 
 1644   12766.2069036764 
 1645   12743.5393334594 
 1646   12618.7449829852 
 1647   12422.7811701405 
 1648   12200.7027955938 
 1649   11745.1539449722 
 1650   11212.1314482148 
 1651   10632.4973709093 
 1652   10067.4912226295 
 1653   9486.41499801187 
 1654   8989.01319211932 
 1655   8539.56422255672 
 1656   8144.52292556339 
 1657   7739.23015495799 
 1658   7490.08112770664 
 1659   7296.49972644165 
 1660   7151.49001688162 
 1661   7014.34515222807 
 1662   6916.7055854292 
 1663   6835.60035442946 
 1664   6771.70989980987 
 1665   6703.24779607985 
 1666   6622.63258360539 
 1667   6572.94978986444 
 1668   6523.32455860651 
 1669   6459.23012562964 
 1670   6418.67402918965 
 1671   6397.29855056351 
 1672   6367.7190918517 
 1673   6340.11065190246 
 1674   6309.57846016334 
 1675   6295.36958388718 
 1676   6302.060938541 
 1677   6260.00894876576 
 1678   6251.47906687722 
 1679   6236.52801742794 
 1680   6203.58689448134 
 1681   6168.61792576292 
 1682   6170.05335851095 
 1683   6132.04317114141 
 1684   6118.17495400465 
 1685   6089.65944501706 
 1686   6090.8200712305 
 1687   6062.63600993731 
 1688   6074.94138738748 
 1689   6052.57892716104 
 1690   6052.11856560922 
 1691   6039.38838824624 
 1692   6027.5953697932 
 1693   5986.64364935285 
 1694   5977.78057650326 
 1695   5973.04106035987 
 1696   5927.61821071761 
 1697   5915.48948657378 
 1698   5895.85902954731 
 1699   5876.83945809731 
 1700   5845.46363264388 
 1701   5806.49628308713 
 1702   5764.27412405608 
 1703   5720.4714460295 
 1704   5673.64510647599 
 1705   5645.30960596878 
 1706   5630.88637411769 
 1707   5599.98215791368 
 1708   5579.63025329036 
 1709   5556.69825866375 
 1710   5534.84117129191 
 1711   5513.27498099919 
 1712   5477.44327684772 
 1713   5422.88528597583 
 1714   5390.82724420136 
 1715   5372.71494466667 
 1716   5335.59897394698 
 1717   5317.14747163886 
 1718   5291.01085351057 
 1719   5274.01647780477 
 1720   5253.98423546613 
 1721   5210.0537883422 
 1722   5172.55540285901 
 1723   5135.75213034976 
 1724   5099.58218180479 
 1725   5069.84128989685 
 1726   5028.22594707828 
 1727   4965.75436556689 
 1728   4941.25767321288 
 1729   4918.46641908091 
 1730   4909.6552179167 
 1731   4883.37599534889 
 1732   4830.62114209818 
 1733   4821.85154153094 
 1734   4823.70234305539 
 1735   4818.81190183748 
 1736   4801.25405862562 
 1737   4780.24396789356 
 1738   4773.47630530227 
 1739   4798.63260407794 
 1740   4774.11499603142 
 1741   4743.72402978007 
 1742   4751.78297064227 
 1743   4726.55707678056 
 1744   4698.74079322231 
 1745   4672.85903471009 
 1746   4646.17999262239 
 1747   4618.90578498335 
 1748   4603.68430568143 
 1749   4570.14766486008 
 1750   4569.69289987279 
 1751   4571.61409665345 
 1752   4541.15730656783 
 1753   4517.91764938869 
 1754   4520.30329074467 
 1755   4514.2641303218 
 1756   4514.93426507044 
 1757   4494.01686161517 
 1758   4477.69936041855 
 1759   4486.72400029604 
 1760   4470.47271239132 
 1761   4454.83291271961 
 1762   4462.83165826616 
 1763   4448.14419644446 
 1764   4430.38826968996 
 1765   4392.64365371446 
 1766   4371.01744594413 
 1767   4360.5096781355 
 1768   4323.28443739497 
 1769   4272.75830861826 
 1770   4228.40801311629 
 1771   4194.99291444369 
 1772   4194.80890495198 
 1773   4195.01321550342 
 1774   4189.68995556682 
 1775   4197.57036410571 
 1776   4196.2694574283 
 1777   4157.66204875376 
 1778   4138.32208531731 
 1779   4117.76473830244 
 1780   4087.71427349018 
 1781   4071.61320219649 
 1782   4073.61075206677 
 1783   4057.00243013695 
 1784   4069.09567984536 
 1785   4099.51276938217 
 1786   4088.10858784279 
 1787   4065.77031252439 
 1788   4044.62242905378 
 1789   3999.3919149987 
 1790   3976.72624587906 
 1791   3961.44941188064 
 1792   3928.06118540967 
 1793   3926.93689820684 
 1794   3928.96563892483 
 1795   3912.52497981743 
 1796   3887.89155764327 
 1797   3869.47099942807 
 1798   3867.0954955737 
 1799   3861.12655605828 
 1800   3819.38395207587 
 1801   3829.18236769392 
 1802   3828.87626034575 
 1803   3814.45797455686 
 1804   3824.63735164285 
 1805   3794.93281458603 
 1806   3783.54976458223 
 1807   3775.74730279918 
 1808   3744.65234984311 
 1809   3720.48171387271 
 1810   3720.20078372572 
 1811   3702.40512588689 
 1812   3680.80898243783 
 1813   3682.6891435801 
 1814   3709.84990489619 
 1815   3690.24106113133 
 1816   3695.06349023291 
 1817   3700.01159444297 
 1818   3686.80702290499 
 1819   3712.63023610909 
 1820   3681.35903254874 
 1821   3666.6113640109 
 1822   3645.6653611914 
 1823   3655.75297097065 
 1824   3657.11633884377 
 1825   3656.00056823004 
 1826   3625.69174583818 
 1827   3633.59036721924 
 1828   3614.38313757281 
 1829   3579.02114005543 
 1830   3542.58551554324 
 1831   3511.59012956057 
 1832   3511.28346511808 
 1833   3511.2753854876 
 1834   3487.06401271496 
 1835   3498.05590272342 
 1836   3514.81983173656 
 1837   3510.47751863271 
 1838   3513.55067124779 
 1839   3505.92027012805 
 1840   3492.90761629956 
 1841   3466.41433550886 
 1842   3433.62661428957 
 1843   3438.39380495997 
 1844   3459.97510014939 
 1845   3457.70780211004 
 1846   3397.2987535288 
 1847   3384.75316315078 
 1848   3401.7621087873 
 1849   3390.45744899487 
 1850   3348.89535489954 
 1851   3291.23372608729 
 1852   3279.16951857956 
 1853   3319.2829948099 
 1854   3310.34750758124 
 1855   3284.0120833029 
 1856   3306.80980399359 
 1857   3301.11735847203 
 1858   3339.07134919721 
 1859   3325.5570250583 
 1860   3321.91623292899 
 1861   3342.12580348655 
 1862   3343.05866865859 
 1863   3315.06512836413 
 1864   3312.65509496333 
 1865   3293.07278357862 
 1866   3281.11689493019 
 1867   3260.64221115739 
 1868   3233.69632763434 
 1869   3226.0852089913 
 1870   3226.92662561359 
 1871   3190.1412851255 
 1872   3137.48801820242 
 1873   3142.9640365285 
 1874   3132.97935923495 
 1875   3096.99548805463 
 1876   3092.88545698613 
 1877   3109.30802336634 
 1878   3089.40668461389 
 1879   3085.24511944466 
 1880   3036.23797122226 
 1881   3021.96121708899 
 1882   3028.26536404163 
 1883   2999.75983525918 
 1884   2992.03452518457 
 1885   3040.15837847861 
 1886   3055.36187161734 
 1887   3054.60992491042 
 1888   3077.2937008617 
 1889   3070.22723334833 
 1890   3067.27479601062 
 1891   3055.79627635997 
 1892   3033.70099079553 
 1893   3037.29379391489 
 1894   3041.953740542 
 1895   3014.46682050663 
 1896   3003.87609906233 
 1897   2995.31027908697 
 1898   2992.92366308029 
 1899   2999.89628491624 
 1900   2991.54196492731 
 1901   2966.97382506063 
 1902   2963.74311622555 
 1903   2944.73326069702 
 1904   2923.9750348707 
 1905   2866.76557572547 
 1906   2837.76262591493 
 1907   2819.99863889672 
 1908   2796.1981605424 
 1909   2806.01217071025 
 1910   2798.31766930816 
 1911   2801.49958327071 
 1912   2826.46651309568 
 1913   2792.82566012302 
 1914   2795.32936356794 
 1915   2795.54392100273 
 1916   2775.52844070268 
 1917   2765.48238304494 
 1918   2732.16778490311 
 1919   2745.44270633892 
 1920   2779.52921320445 
 1921   2768.88365077221 
 1922   2759.19717240667 
 1923   2755.36744878013 
 1924   2761.3968978639 
 1925   2750.71294813839 
 1926   2709.11215271314 
 1927   2669.93931999805 
 1928   2649.45672806378 
 1929   2641.64558607172 
 1930   2649.43586707269 
 1931   2638.10261541023 
 1932   2651.80916286862 
 1933   2659.05132422254 
 1934   2657.29406611722 
 1935   2654.04143121529 
 1936   2630.18400401888 
 1937   2611.71092548958 
 1938   2619.70288207733 
 1939   2585.62505525928 
 1940   2584.59937509295 
 1941   2590.61518807614 
 1942   2595.46251258418 
 1943   2595.34509798795 
 1944   2575.20734241426 
 1945   2567.91858677549 
 1946   2556.7887469059 
 1947   2530.20955935414 
 1948   2497.04842839127 
 1949   2479.64259441887 
 1950   2473.88128480705 
 1951   2461.4644909917 
 1952   2458.09424793161 
 1953   2477.97153019383 
 1954   2487.71929833907 
 1955   2478.98228766584 
 1956   2458.72481302678 
 1957   2464.66662088169 
 1958   2461.22829440342 
 1959   2433.48754741591 
 1960   2424.12182611463 
 1961   2440.36902534315 
 1962   2446.80573430748 
 1963   2433.24706636511 
 1964   2423.12395117015 
 1965   2428.15466231613 
 1966   2429.97704062562 
 1967   2416.07867450838 
 1968   2419.47722541037 
 1969   2388.9319245905 
 1970   2390.82677632779 
 1971   2360.93750092768 
 1972   2326.32611964071 
 1973   2328.76281500671 
 1974   2324.17294424438 
 1975   2319.99931143 
 1976   2331.52746549479 
 1977   2322.13454114779 
 1978   2344.26714512958 
 1979   2347.96792265738 
 1980   2325.93521431001 
 1981   2292.92262330804 
 1982   2293.98001588908 
 1983   2279.01757913054 
 1984   2259.3572111479 
 1985   2252.18773083882 
 1986   2252.24237043577 
 1987   2256.76260151647 
 1988   2298.58480100074 
 1989   2296.62997669765 
 1990   2310.80165897827 
 1991   2302.99567571535 
 1992   2286.31134748123 
 1993   2242.3824955536 
 1994   2242.13995272077 
 1995   2207.1047515887 
 1996   2201.67729192417 
 1997   2173.81260547834 
 1998   2166.20996733163 
 1999   2155.40863826427 
 2000   2150.10530522874 
 2001   2121.93411076201 
 2002   2117.24247945578 
 2003   2113.49281796683 
 2004   2108.50092451487 
 2005   2112.24495505137 
 2006   2129.57295327944 
 2007   2121.40366253065 
 2008   2115.52596731056 
 2009   2102.22178877802 
 2010   2112.39175598199 
 2011   2104.67798980118 
 2012   2083.45318691818 
 2013   2074.74031342034 
 2014   2067.13734685412 
 2015   2088.4067906757 
 2016   2070.75271297313 
 2017   2070.3219956024 
 2018   2062.75942006718 
 2019   2062.33798377644 
 2020   2063.29152948981 
 2021   2055.07348593981 
 2022   2034.95598221553 
 2023   2022.2709869546 
 2024   2028.90552387698 
 2025   2013.31706168948 
 2026   1994.70917328618 
 2027   1977.48271454613 
 2028   1949.69676318025 
 2029   1964.56386173693 
 2030   1936.90960186553 
 2031   1950.683393532 
 2032   1942.34492159768 
 2033   1946.26647365436 
 2034   1944.43798211596 
 2035   1919.21492061095 
 2036   1933.58124146894 
 2037   1880.79041583123 
 2038   1891.20192429928 
 2039   1881.00588630938 
 2040   1866.09888381233 
 2041   1882.94250742304 
 2042   1872.26422261941 
 2043   1856.84911416822 
 2044   1847.98723573001 
 2045   1826.42220305237 
 2046   1869.85920493412 
 2047   1889.35822194551 
 2048   1908.82182208628 
 2049   1947.78295520064 
 2050   1970.76914256133 
 2051   1958.92470256214 
 2052   1937.49000849799 
 2053   1898.46577762998 
 2054   1851.42368487555 
 2055   1815.64552037856 
 2056   1809.29445260634 
 2057   1800.56457322451 
 2058   1789.5592197232 
 2059   1757.61575460251 
 2060   1763.53692895057 
 2061   1772.19319772883 
 2062   1771.74038162736 
 2063   1778.00523078934 
 2064   1781.47658604546 
 2065   1811.47167610646 
 2066   1795.29187084975 
 2067   1781.91865001111 
 2068   1762.29056816621 
 2069   1738.45890992738 
 2070   1721.90367028925 
 2071   1681.12656190785 
 2072   1670.95980342022 
 2073   1671.75611647433 
 2074   1655.00996495691 
 2075   1664.84850791342 
 2076   1650.28609801635 
 2077   1663.46831309118 
 2078   1658.87972530572 
 2079   1639.59197835525 
 2080   1658.3302402973 
 2081   1658.9211827173 
 2082   1644.85832065197 
 2083   1640.94619114748 
 2084   1655.72640391022 
 2085   1661.58549191987 
 2086   1634.77264010505 
 2087   1620.74226166328 
 2088   1645.74977615893 
 2089   1632.64033825112 
 2090   1609.4319795065 
 2091   1605.74935499081 
 2092   1615.15295011168 
 2093   1607.75533851267 
 2094   1580.22980683692 
 2095   1592.66283502713 
 2096   1604.44082706469 
 2097   1611.6514445142 
 2098   1629.01491015062 
 2099   1627.90778646223 
 2100   1632.40369389299 
 2101   1605.74617951829 
 2102   1626.67894387679 
 2103   1621.80114981576 
 2104   1613.0046010987 
 2105   1607.95005028911 
 2106   1583.33896978582 
 2107   1607.20856125826 
 2108   1592.58863746216 
 2109   1568.60628904646 
 2110   1550.75772421086 
 2111   1518.69269253371 
 2112   1545.42324024659 
 2113   1530.8320537602 
 2114   1504.97874507801 
 2115   1481.17257856798 
 2116   1461.81987692967 
 2117   1487.67816818658 
 2118   1466.86576388085 
 2119   1460.58064032849 
 2120   1484.01559138552 
 2121   1497.68804770869 
 2122   1492.74289494327 
 2123   1475.64009890647 
 2124   1455.56784092241 
 2125   1455.12764456998 
 2126   1442.55871429019 
 2127   1441.59736215172 
 2128   1465.10621174931 
 2129   1459.98610719149 
 2130   1459.24298869325 
 2131   1437.8446044966 
 2132   1421.91388917195 
 2133   1416.58441376868 
 2134   1382.63422651035 
 2135   1391.01507685759 
 2136   1369.50251910714 
 2137   1378.04343058547 
 2138   1377.03974454133 
 2139   1354.25827322228 
 2140   1363.22156737813 
 2141   1344.92611322225 
 2142   1365.10782916691 
 2143   1350.53942025666 
 2144   1339.08077097604 
 2145   1327.38568952677 
 2146   1314.19056948524 
 2147   1294.70667602362 
 2148   1284.33128978948 
 2149   1282.54966237736 
 2150   1287.76237810288 
 2151   1299.2126472383 
 2152   1287.52504442029 
 2153   1327.94283742511 
 2154   1314.10865435289 
 2155   1331.63344819906 
 2156   1349.12695108096 
 2157   1336.2835893252 
 2158   1353.38526455467 
 2159   1317.2506550865 
 2160   1320.54309061917 
 2161   1305.89907116493 
 2162   1268.27342296496 
 2163   1234.21280906597 
 2164   1230.06668883393 
 2165   1233.3855914416 
 2166   1235.46872140735 
 2167   1211.62380875056 
 2168   1211.03621918846 
 2169   1222.32532420935 
 2170   1203.27988005284 
 2171   1188.8096301431 
 2172   1178.55318604569 
 2173   1203.10984257831 
 2174   1197.97895316048 
 2175   1197.98317310658 
 2176   1182.69712570347 
 2177   1176.71452909099 
 2178   1176.51160442252 
 2179   1153.99887521871 
 2180   1137.90619744825 
 2181   1157.2009126164 
 2182   1176.45611530527 
 2183   1175.12965409106 
 2184   1159.98534506059 
 2185   1150.00938567151 
 2186   1138.21438268827 
 2187   1122.32590118649 
 2188   1105.95808085804 
 2189   1113.23970791013 
 2190   1113.13129082637 
 2191   1146.5452301335 
 2192   1173.67906763082 
 2193   1172.78484334726 
 2194   1183.23477716255 
 2195   1168.82422479551 
 2196   1159.31746293282 
 2197   1126.35825585499 
 2198   1084.08519338305 
 2199   1062.51142845506 
 2200   1046.02964197203 
 2201   1052.00449396963 
 2202   1056.93021701704 
 2203   1052.60498499185 
 2204   1063.74816067817 
 2205   1041.39558962694 
 2206   1025.78940309262 
 2207   1016.6806935021 
 2208   1018.80999637798 
 2209   1018.07877288331 
 2210   1047.74839740073 
 2211   1090.99734682241 
 2212   1105.44274316835 
 2213   1089.11960632499 
 2214   1085.52704204207 
 2215   1086.31498495927 
 2216   1052.32543090138 
 2217   1044.11428502454 
 2218   1026.27966102633 
 2219   1043.7813408988 
 2220   1042.42307777072 
 2221   1031.19827732417 
 2222   1031.18082980284 
 2223   1001.39476986314 
 2224   1017.54436545292 
 2225   1008.31946320382 
 2226   1008.48702685647 
 2227   1017.42285980568 
 2228   1009.60194858013 
 2229   1032.78719251976 
 2230   1019.10353445291 
 2231   1027.05431685767 
 2232   1011.44459353385 
 2233   1005.49558095246 
 2234   1000.83691860668 
 2235   986.11720822222 
 2236   958.787122191903 
 2237   945.289964822913 
 2238   949.522610636085 
 2239   932.850967582027 
 2240   940.437749845351 
 2241   953.486246407445 
 2242   1003.5766331564 
 2243   987.667948692144 
 2244   976.91373426535 
 2245   988.03034950208 
 2246   982.349099862828 
 2247   988.903649935629 
 2248   950.482422956452 
 2249   955.892659143452 
 2250   953.851473513831 
 2251   935.413129438736 
 2252   938.214914784017 
 2253   916.718394970616 
 2254   921.599419724775 
 2255   924.427966037009 
 2256   929.724883178631 
 2257   927.247876048041 
 2258   909.873875486014 
 2259   894.808613132291 
 2260   882.89953431345 
 2261   863.012868498888 
 2262   831.451064347388 
 2263   818.379369831589 
 2264   828.158687584322 
 2265   811.41163874609 
 2266   817.544308161823 
 2267   813.866180589683 
 2268   818.843327139889 
 2269   806.3784770968 
 2270   809.363991322963 
 2271   824.509984347064 
 2272   816.227095539156 
 2273   821.29081139928 
 2274   864.140438118196 
 2275   884.709197866732 
 2276   851.197855398845 
 2277   850.297175960209 
 2278   862.114833324283 
 2279   875.774654565333 
 2280   837.647675221843 
 2281   812.9416603487 
 2282   828.991876849979 
 2283   800.978354061757 
 2284   802.246764356482 
 2285   777.501444699019 
 2286   798.716375643389 
 2287   814.564177169933 
 2288   805.584945196382 
 2289   816.916107106829 
 2290   806.524623246868 
 2291   790.21124435038 
 2292   767.31385882485 
 2293   746.872973848111 
 2294   749.763589846147 
 2295   752.885325584259 
 2296   729.285238167391 
 2297   725.740657718635 
 2298   737.871314694343 
 2299   744.653723154682 
 2300   755.165403974845 
 2301   754.920899186773 
 2302   748.397990638229 
 2303   753.677550921143 
 2304   748.035909990924 
 2305   767.437133298408 
 2306   758.05468300025 
 2307   767.88254952665 
 2308   776.815781240715 
 2309   786.353875003123 
 2310   770.089708234244 
 2311   739.818283388095 
 2312   741.618114998082 
 2313   717.156405079034 
 2314   730.312973257733 
 2315   714.177538002706 
 2316   744.230935475096 
 2317   723.920337978675 
 2318   712.707436086506 
 2319   700.352772714586 
 2320   693.814547523579 
 2321   672.621613766668 
 2322   660.42564892282 
 2323   662.921450570042 
 2324   653.603822308344 
 2325   666.121963991424 
 2326   662.724927516364 
 2327   683.230968616483 
 2328   678.159063794071 
 2329   703.847947596034 
 2330   685.599666200285 
 2331   656.786526123205 
 2332   640.233580226708 
 2333   631.035487101641 
 2334   615.299030276851 
 2335   596.335784477346 
 2336   619.376814066765 
 2337   640.527182564528 
 2338   654.628644640963 
 2339   671.104305046346 
