05-29-2020  12:08:42
Wavenumber (cm-1)  CCD Output
 251   1099.75379890802 
 252   1084.47599648493 
 253   1060.70716148625 
 254   1031.56317691695 
 255   1002.41111237435 
 256   972.14495248176 
 257   937.130129254242 
 258   912.590232198299 
 259   894.54561490658 
 260   859.352210695727 
 261   834.706559390745 
 262   830.788560427604 
 263   814.015128339174 
 264   793.69043824935 
 265   783.482582452821 
 266   774.586111392938 
 267   775.717719983821 
 268   790.633673073874 
 269   797.683253450528 
 270   810.857800113296 
 271   845.029911021085 
 272   867.49782690476 
 273   878.085741237498 
 274   897.237628193048 
 275   928.026192720514 
 276   960.82695245122 
 277   991.110328558166 
 278   1052.3914320412 
 279   1125.65351324482 
 280   1160.60298778026 
 281   1193.32302216115 
 282   1242.74396029143 
 283   1293.61305734482 
 284   1353.00851889958 
 285   1415.03184233239 
 286   1458.47384164917 
 287   1501.19395037471 
 288   1549.06256673996 
 289   1580.57876301872 
 290   1607.17301805713 
 291   1636.00989779658 
 292   1651.12551807101 
 293   1653.27274557227 
 294   1654.15766259951 
 295   1667.19461807365 
 296   1678.88595113056 
 297   1676.45585488706 
 298   1670.98715371678 
 299   1662.04817156273 
 300   1640.63887646083 
 301   1598.77425463186 
 302   1561.5561009822 
 303   1546.77007407885 
 304   1514.36322193739 
 305   1455.74645560268 
 306   1390.6049293845 
 307   1342.94405662757 
 308   1299.43884639131 
 309   1238.41729573133 
 310   1186.52840702802 
 311   1144.77379213953 
 312   1094.74840181913 
 313   1038.10262286344 
 314   988.660346170641 
 315   958.12719699478 
 316   930.168577115229 
 317   903.535699298116 
 318   889.58772639027 
 319   879.791300201819 
 320   865.40057760195 
 321   848.133831992216 
 322   852.59453664781 
 323   873.952563905806 
 324   884.075691696402 
 325   898.839047938167 
 326   927.93215655937 
 327   961.469320545654 
 328   985.178825489066 
 329   1004.77578442767 
 330   1041.17584962922 
 331   1082.32781237432 
 332   1134.31826757121 
 333   1221.53094925703 
 334   1308.25879438569 
 335   1385.07690281138 
 336   1482.73790404564 
 337   1576.45046788477 
 338   1696.80243115038 
 339   1923.24352009665 
 340   2140.75489949412 
 341   2294.27691999079 
 342   2460.68770274331 
 343   2618.74095923241 
 344   2761.99609061032 
 345   2930.21428009889 
 346   3081.93588620284 
 347   3203.82752212796 
 348   3330.52802309812 
 349   3377.67109974392 
 350   3352.74324929486 
 351   3396.39182677955 
 352   3457.18222500403 
 353   3475.97615920199 
 354   3469.60680918894 
 355   3452.7186599626 
 356   3432.17198001712 
 357   3407.8919014547 
 358   3379.29483454545 
 359   3344.82626524563 
 360   3299.37796456699 
 361   3226.51256285475 
 362   3137.35741442032 
 363   3070.78606192046 
 364   3011.03551749424 
 365   2944.31014317024 
 366   2878.97757293367 
 367   2813.42440919582 
 368   2753.2515834226 
 369   2713.41652659966 
 370   2693.29850072658 
 371   2691.89684104 
 372   2709.52857467433 
 373   2729.96799175731 
 374   2751.69526659517 
 375   2790.08512967551 
 376   2841.14360111914 
 377   2902.53845616669 
 378   2973.47712000825 
 379   3029.25465909823 
 380   3062.68862449316 
 381   3088.53806625096 
 382   3114.2532513184 
 383   3141.05595882782 
 384   3162.66882485045 
 385   3161.14121836546 
 386   3136.05049545152 
 387   3099.80314614045 
 388   3048.81419956368 
 389   2996.25223782965 
 390   2956.09726490672 
 391   2895.29948685503 
 392   2816.03052002251 
 393   2737.38327233432 
 394   2632.23233018156 
 395   2518.01034007549 
 396   2426.28586953165 
 397   2329.45314466346 
 398   2227.75591051113 
 399   2133.17134618483 
 400   2029.3355905426 
 401   1923.37288349635 
 402   1833.40636658261 
 403   1764.22401391031 
 404   1708.88347858099 
 405   1654.80847163043 
 406   1592.03115112032 
 407   1534.53483443566 
 408   1492.81595091681 
 409   1453.71118009493 
 410   1421.50394329272 
 411   1409.90981467415 
 412   1426.30629250669 
 413   1432.66093062372 
 414   1417.87779333449 
 415   1422.5799510463 
 416   1436.6718970146 
 417   1446.33788682842 
 418   1456.0509333983 
 419   1470.24596090028 
 420   1485.4175038716 
 421   1489.88915958773 
 422   1472.90105099275 
 423   1440.90091503508 
 424   1413.62936926587 
 425   1400.45753978362 
 426   1391.92627717179 
 427   1370.22137387759 
 428   1333.76639568425 
 429   1292.48559949815 
 430   1251.96484894503 
 431   1195.04112651537 
 432   1138.86490946671 
 433   1105.27141908547 
 434   1075.69290066495 
 435   1026.166489772 
 436   959.643400896376 
 437   921.579511326718 
 438   913.011738736946 
 439   906.432517501273 
 440   874.553709032508 
 441   850.965718768851 
 442   847.321133563282 
 443   826.383676080724 
 444   794.155473059878 
 445   773.765047507104 
 446   780.353935514686 
 447   786.380477726386 
 448   775.507743151467 
 449   759.230263663355 
 450   770.878047567094 
 451   795.525645505963 
 452   798.66558648787 
 453   798.384526296356 
 454   810.831622700714 
 455   836.392233964014 
 456   857.6805234646 
 457   869.074335717061 
 458   877.124626155091 
 459   894.304798512542 
 460   916.076529255112 
 461   941.36355767315 
 462   983.535452971112 
 463   1052.18879746167 
 464   1138.7126951347 
 465   1223.77763507207 
 466   1320.26693465585 
 467   1427.59343805305 
 468   1536.82221189923 
 469   1673.91988154826 
 470   1829.95220203925 
 471   1978.45373949428 
 472   2124.52644778778 
 473   2256.07470540937 
 474   2363.75152660603 
 475   2465.40158023456 
 476   2554.00075162138 
 477   2617.81031697443 
 478   2655.79276381174 
 479   2656.6936764619 
 480   2618.02945841972 
 481   2554.11023460284 
 482   2485.00556067877 
 483   2417.24872817787 
 484   2344.93236142772 
 485   2267.57260733828 
 486   2192.86212151924 
 487   2138.01554179107 
 488   2126.82556325065 
 489   2144.37506900276 
 490   2171.99767086215 
 491   2224.25360584731 
 492   2307.72332837749 
 493   2418.1445368076 
 494   2544.33777511871 
 495   2681.49537835761 
 496   2825.96515323689 
 497   2973.18950813849 
 498   3119.42573702165 
 499   3260.43837381105 
 500   3397.01296192884 
 501   3540.58723512687 
 502   3656.4336665741 
 503   3716.02269385217 
 504   3757.34540847394 
 505   3787.32702165612 
 506   3790.54017288672 
 507   3752.71471722574 
 508   3698.9845918802 
 509   3638.3807923079 
 510   3550.63272532209 
 511   3427.46181148758 
 512   3289.76154077745 
 513   3164.32947073298 
 514   3038.20961907872 
 515   2902.93762054845 
 516   2767.42949846416 
 517   2652.31105614647 
 518   2519.59884376748 
 519   2357.73803937644 
 520   2216.25562441099 
 521   2090.96055258536 
 522   1973.2410753372 
 523   1861.54157378271 
 524   1735.39411839878 
 525   1606.04992157784 
 526   1488.48200868614 
 527   1353.07396420006 
 528   1228.78496793721 
 529   1139.70265425534 
 530   1052.22722050994 
 531   963.447685599657 
 532   882.218737961464 
 533   814.734915520222 
 534   762.875368485472 
 535   724.117613073505 
 536   691.023434768564 
 537   652.838026064681 
 538   620.949156895177 
 539   605.164548286652 
 540   590.728914289247 
 541   575.442709129126 
 542   564.872545334604 
 543   564.352260746164 
 544   569.17387117757 
 545   568.502710967195 
 546   561.316314375917 
 547   577.153304239596 
 548   596.462871911034 
 549   592.735126882005 
 550   585.911552619412 
 551   584.143168272469 
 552   580.978062582685 
 553   565.9151418818 
 554   551.717446453811 
 555   547.309962278967 
 556   547.242486300491 
 557   533.882387922243 
 558   517.452853067939 
 559   516.599087132886 
 560   530.112633214119 
 561   536.426258991061 
 562   531.285378571201 
 563   532.273644248716 
 564   528.793808611256 
 565   524.711369649167 
 566   530.805346270702 
 567   533.553663483531 
 568   538.710658469697 
 569   544.678838630342 
 570   528.276152964202 
 571   520.310519717888 
 572   522.706460062201 
 573   506.768397836462 
 574   509.279997985527 
 575   515.858147306167 
 576   503.211944966443 
 577   516.385929818427 
 578   527.579321841662 
 579   521.88817676453 
 580   538.288908867228 
 581   553.982398572144 
 582   563.194586127415 
 583   579.454565721424 
 584   586.986144169468 
 585   605.613468119084 
 586   647.311096887441 
 587   679.027475720432 
 588   709.01444571342 
 589   743.564882011165 
 590   777.017539068701 
 591   828.678318885021 
 592   905.982238554425 
 593   999.283395762695 
 594   1091.58028588484 
 595   1186.07513514903 
 596   1286.09459965467 
 597   1397.05092422989 
 598   1573.84407940134 
 599   1803.46011265858 
 600   2036.36939040486 
 601   2288.8148229324 
 602   2568.66456568444 
 603   2880.95240945631 
 604   3228.9413760164 
 605   3567.42958418998 
 606   3886.7148845611 
 607   4196.38850568917 
 608   4443.81093743044 
 609   4637.47399806408 
 610   4790.59811248674 
 611   4866.17170553551 
 612   4859.54884949454 
 613   4767.81226720615 
 614   4593.23198667776 
 615   4380.36071622097 
 616   4144.87767334682 
 617   3878.86995559143 
 618   3580.05677424929 
 619   3290.21730125725 
 620   3018.54037599678 
 621   2756.08506878913 
 622   2582.05191818899 
 623   2486.35202673042 
 624   2434.10971151698 
 625   2447.32650779165 
 626   2454.36850988075 
 627   2489.11752601386 
 628   2664.62880770047 
 629   2882.37502758896 
 630   3113.49592817738 
 631   3370.71074498369 
 632   3622.0453029027 
 633   3872.60581889997 
 634   4074.5530904498 
 635   4171.79943903591 
 636   4280.84397952176 
 637   4340.65575398722 
 638   4267.59370194178 
 639   4146.526512959 
 640   3990.40847430501 
 641   3779.88258596816 
 642   3509.77098890194 
 643   3217.28082738696 
 644   2910.35813971274 
 645   2596.86505608048 
 646   2314.73360044395 
 647   2082.72419319019 
 648   1890.72366807395 
 649   1721.87162105599 
 650   1588.43700623397 
 651   1455.64325538969 
 652   1330.47821554593 
 653   1289.29768979334 
 654   1280.36975874206 
 655   1274.89705169402 
 656   1283.60211698176 
 657   1298.34627933454 
 658   1340.98754057321 
 659   1403.90161099208 
 660   1444.88130975906 
 661   1499.75709261624 
 662   1580.6708284182 
 663   1678.2827988657 
 664   1799.35029763464 
 665   1942.89578583752 
 666   2120.73219987596 
 667   2353.06386160803 
 668   2633.81803456384 
 669   2978.93558360142 
 670   3497.54474771015 
 671   4325.19338486523 
 672   5151.65864022095 
 673   6074.11845918973 
 674   7450.61733952099 
 675   9117.99361235206 
 676   11037.0189894388 
 677   13206.72573811 
 678   15550.3265956516 
 679   17990.7047941511 
 680   20389.2951248983 
 681   22618.6815966466 
 682   24628.929960285 
 683   26222.7501586503 
 684   27270.3539484151 
 685   27754.8196401274 
 686   27627.5997527533 
 687   26880.9517480763 
 688   25559.0845342048 
 689   23756.2874108339 
 690   21617.404370419 
 691   19288.0790608012 
 692   16902.1667644372 
 693   14579.0656688091 
 694   12384.740121802 
 695   10390.7180639727 
 696   8680.39255199378 
 697   7286.38386336982 
 698   6189.99278196785 
 699   5359.05643050888 
 700   4759.07948985969 
 701   4290.032001039 
 702   3905.7270597174 
 703   3608.29421566697 
 704   3381.37208373388 
 705   3175.29047494125 
 706   2970.49716946752 
 707   2785.21663592467 
 708   2619.22773654229 
 709   2443.73114387449 
 710   2258.0995920043 
 711   2104.78397162788 
 712   1973.25698616585 
 713   1847.13870745022 
 714   1731.75326867615 
 715   1651.24172249545 
 716   1576.14315423914 
 717   1493.24280675912 
 718   1418.31575549534 
 719   1356.41939218596 
 720   1296.3788166031 
 721   1229.05557674111 
 722   1159.89049069308 
 723   1105.26727483166 
 724   1051.99391525369 
 725   991.098129867449 
 726   942.578172908211 
 727   900.434557486162 
 728   863.871788459569 
 729   839.186086867006 
 730   825.491329175867 
 731   812.623165051698 
 732   791.103832290981 
 733   765.313309821624 
 734   759.408552825481 
 735   756.001126924706 
 736   743.558669159703 
 737   734.594723389225 
 738   720.766809096458 
 739   704.961973141024 
 740   692.093599558887 
 741   680.803359422209 
 742   682.702326315666 
 743   680.580941193159 
 744   661.258361002583 
 745   651.752313744416 
 746   646.039240832349 
 747   643.123206344723 
 748   649.706057787532 
 749   657.738367487639 
 750   655.911188367492 
 751   648.726243007642 
 752   648.789571853374 
 753   647.998702716727 
 754   642.009985526445 
 755   637.98291281896 
 756   643.338014835676 
 757   638.572115393243 
 758   619.517433036946 
 759   607.129144860486 
 760   624.058418588062 
 761   633.2473140412 
 762   624.560274122847 
 763   623.831689809205 
 764   654.429789860317 
 765   668.30756324999 
 766   672.429322528949 
 767   693.680973193574 
 768   703.890634826371 
 769   713.144943276459 
 770   724.633967674344 
 771   731.066384448621 
 772   737.473080228225 
 773   739.054644916945 
 774   750.604121323632 
 775   782.511752746864 
 776   795.433300304302 
 777   816.086018566072 
 778   859.27797228514 
 779   907.001889550023 
 780   969.020084960012 
 781   1075.39694871159 
 782   1213.7620810614 
 783   1349.02805010939 
 784   1531.37779163116 
 785   1778.87522104919 
 786   2091.98014851933 
 787   2474.37503588474 
 788   2917.16150158683 
 789   3400.35957753916 
 790   3902.09247360296 
 791   4397.17170931333 
 792   4843.8094746068 
 793   5246.57810892176 
 794   5590.13847439031 
 795   5809.66047177105 
 796   5891.86199394621 
 797   5829.86836590727 
 798   5630.18928289241 
 799   5315.29591830948 
 800   4886.06966504244 
 801   4404.85313523652 
 802   3921.20839912068 
 803   3423.84330719856 
 804   2959.36643305484 
 805   2537.50879811747 
 806   2185.5018382939 
 807   1953.6350721713 
 808   1717.1217996188 
 809   1528.19212285704 
 810   1459.87470846352 
 811   1422.56829328445 
 812   1385.66130756862 
 813   1376.80616680314 
 814   1404.59686098436 
 815   1430.81685993836 
 816   1487.0259133318 
 817   1569.69109248568 
 818   1658.64261580316 
 819   1763.08984473093 
 820   1908.38473319033 
 821   2099.13559065381 
 822   2329.45695282384 
 823   2603.62528999378 
 824   2934.46834779249 
 825   3275.28967772364 
 826   3603.18405447982 
 827   3952.27793494883 
 828   4273.80054987649 
 829   4566.69076550753 
 830   4837.36907773209 
 831   5055.4345903064 
 832   5203.97616287243 
 833   5291.14444127691 
 834   5347.53838067813 
 835   5401.67364036882 
 836   5439.95694566643 
 837   5480.53913554995 
 838   5512.71949312419 
 839   5509.13904578417 
 840   5532.71667541524 
 841   5508.94930155443 
 842   5433.75266968798 
 843   5371.15845721261 
 844   5203.96086336879 
 845   4985.0724432153 
 846   4756.3270147208 
 847   4492.31394867073 
 848   4219.34062207994 
 849   3933.63808511503 
 850   3668.458357444 
 851   3473.24851056613 
 852   3346.41586032615 
 853   3319.31528593493 
 854   3356.36244924136 
 855   3404.87169231106 
 856   3487.58531676123 
 857   3598.24345625982 
 858   3716.39284952995 
 859   3821.76325252919 
 860   3895.0687593051 
 861   3907.92034963866 
 862   3857.57993406425 
 863   3755.33518164035 
 864   3611.24160560303 
 865   3443.99023539206 
 866   3272.01691386782 
 867   3100.69997505686 
 868   2925.83276946455 
 869   2761.51713209051 
 870   2663.3978773659 
 871   2604.04099298 
 872   2537.28094046313 
 873   2574.96310173511 
 874   2697.3171897508 
 875   2849.81126231646 
 876   3034.87041831333 
 877   3310.49489488706 
 878   3658.93907593328 
 879   4065.30482791568 
 880   4537.70808450982 
 881   5080.42700836207 
 882   5662.11101936874 
 883   6257.28297909102 
 884   6855.36142067865 
 885   7442.50293892053 
 886   7974.97908012147 
 887   8436.29007011323 
 888   8786.18651722602 
 889   8973.60060800888 
 890   9007.73623825723 
 891   8867.25620722243 
 892   8570.76739119843 
 893   8158.35642464814 
 894   7633.8557695936 
 895   7023.15563617372 
 896   6329.31893098978 
 897   5609.62730046604 
 898   4986.56836122352 
 899   4445.08086319291 
 900   3897.79329566696 
 901   3388.6062551917 
 902   3042.31542095603 
 903   2778.15088503644 
 904   2588.60845897619 
 905   2536.38654949444 
 906   2611.65319107091 
 907   2671.15259788729 
 908   2774.40324490072 
 909   2910.45139890454 
 910   3043.79926069809 
 911   3206.77576390064 
 912   3363.31231779935 
 913   3479.95579280717 
 914   3525.04573089492 
 915   3483.10255396314 
 916   3390.82237044768 
 917   3267.48176476524 
 918   3113.6309381769 
 919   2913.42846679693 
 920   2657.53931254096 
 921   2411.49000234738 
 922   2163.46924743533 
 923   1913.89587375656 
 924   1720.60399977074 
 925   1561.8624649289 
 926   1405.76167851193 
 927   1266.92250397851 
 928   1179.90503172596 
 929   1130.47256280593 
 930   1070.61268925935 
 931   1026.00837853119 
 932   1010.9857514773 
 933   978.841101729553 
 934   964.363031422522 
 935   971.51331718074 
 936   984.256337033299 
 937   989.823101224512 
 938   983.83574527987 
 939   989.502460881656 
 940   1023.58035035271 
 941   1077.43957689813 
 942   1130.12766455072 
 943   1191.04623993235 
 944   1276.15926213956 
 945   1387.97513204281 
 946   1520.02271473526 
 947   1675.47038780224 
 948   1857.26654037507 
 949   2040.58109429476 
 950   2207.24146146168 
 951   2369.54700585657 
 952   2521.89033524102 
 953   2638.35059880288 
 954   2715.40596312979 
 955   2747.58536657336 
 956   2699.07575663364 
 957   2651.80211643024 
 958   2567.99385435841 
 959   2407.25357828361 
 960   2233.9211024255 
 961   2056.95807524257 
 962   1878.49195393912 
 963   1712.64804724361 
 964   1574.19729544321 
 965   1466.08864084334 
 966   1398.85581650586 
 967   1369.84650334584 
 968   1392.57379371516 
 969   1476.69195374589 
 970   1568.76825865885 
 971   1678.28831740866 
 972   1818.81750000831 
 973   1982.32958271965 
 974   2155.10003106773 
 975   2333.00418438029 
 976   2505.98436998429 
 977   2669.98549178811 
 978   2826.93164968643 
 979   2971.81478979938 
 980   3097.32283233162 
 981   3217.69164832118 
 982   3348.64767014685 
 983   3490.38779619052 
 984   3640.76101057664 
 985   3811.66877675729 
 986   4005.51356699311 
 987   4211.64927880042 
 988   4425.04146468095 
 989   4659.16263722262 
 990   4866.77540044541 
 991   5038.91347049068 
 992   5194.78470259068 
 993   5315.42570111225 
 994   5438.16601927344 
 995   5553.79898009036 
 996   5668.24032384496 
 997   5826.30311351257 
 998   6052.23133777086 
 999   6381.29103381583 
 1000   6739.69268746117 
 1001   7105.23890008139 
 1002   7535.16471533813 
 1003   7919.35175664216 
 1004   8233.72045429991 
 1005   8468.52290464571 
 1006   8579.28584080553 
 1007   8513.48748392218 
 1008   8264.37013917289 
 1009   7863.61938517566 
 1010   7330.18135047804 
 1011   6682.43381551758 
 1012   5974.2106200397 
 1013   5263.55249228178 
 1014   4568.57834239588 
 1015   3913.44069457304 
 1016   3338.25107933312 
 1017   2862.88337304414 
 1018   2477.94776219044 
 1019   2170.73565753973 
 1020   1944.55506378568 
 1021   1789.94595581315 
 1022   1659.82343947418 
 1023   1568.58248777039 
 1024   1512.17251572494 
 1025   1462.59903047573 
 1026   1404.37397353915 
 1027   1353.30702578168 
 1028   1311.76122105331 
 1029   1278.00867648718 
 1030   1259.10455998596 
 1031   1252.68169606188 
 1032   1226.00771520734 
 1033   1197.35106708211 
 1034   1189.39090754027 
 1035   1197.49643269441 
 1036   1204.27847067958 
 1037   1213.39429375573 
 1038   1218.02733679147 
 1039   1213.18559455213 
 1040   1218.01668569756 
 1041   1255.97745193282 
 1042   1303.29588736435 
 1043   1333.78368240541 
 1044   1377.04592563637 
 1045   1470.21650573559 
 1046   1615.65810714805 
 1047   1799.85988094786 
 1048   1975.59180203708 
 1049   2196.91140696289 
 1050   2509.0250349303 
 1051   2891.42968860653 
 1052   3369.45185703852 
 1053   3923.29293041869 
 1054   4500.91290208581 
 1055   5091.497026813 
 1056   5707.86775864082 
 1057   6296.68780927794 
 1058   6823.69587768242 
 1059   7253.06296640812 
 1060   7513.43597106223 
 1061   7570.13737783992 
 1062   7502.10252047054 
 1063   7300.43598356594 
 1064   6934.47593415222 
 1065   6442.75584238973 
 1066   5893.73849871229 
 1067   5299.8209132279 
 1068   4707.64994775424 
 1069   4209.11688271608 
 1070   3788.70807977856 
 1071   3395.49315122683 
 1072   3119.81009993856 
 1073   3062.75820518061 
 1074   3035.02395124516 
 1075   3056.84529478884 
 1076   3251.2917397891 
 1077   3532.69101437469 
 1078   3893.00314765052 
 1079   4346.1067471467 
 1080   4851.06431408087 
 1081   5371.28075512949 
 1082   5918.79910938349 
 1083   6481.9729141221 
 1084   7014.40213904289 
 1085   7472.83024967298 
 1086   7846.7575351934 
 1087   8150.79134176136 
 1088   8392.113390761 
 1089   8563.73770538988 
 1090   8640.82253203911 
 1091   8632.74171765288 
 1092   8570.86225822776 
 1093   8458.55692400417 
 1094   8297.01435826559 
 1095   8096.36578656376 
 1096   7826.58353354096 
 1097   7478.70630952997 
 1098   7105.24121784483 
 1099   6717.96851447258 
 1100   6287.11214320882 
 1101   5837.68421400231 
 1102   5384.10128136295 
 1103   4921.96143544823 
 1104   4494.47704521737 
 1105   4056.98254027568 
 1106   3678.22681341051 
 1107   3352.86599275388 
 1108   3054.97539882128 
 1109   2847.92694011062 
 1110   2627.706155437 
 1111   2490.28323779334 
 1112   2403.51103587642 
 1113   2301.41643466948 
 1114   2234.51818268056 
 1115   2198.35469886385 
 1116   2152.22847416551 
 1117   2098.10036890239 
 1118   2040.60421182213 
 1119   1975.91798175607 
 1120   1916.18344988659 
 1121   1853.95457304803 
 1122   1767.04006977444 
 1123   1653.44928201373 
 1124   1548.18144044157 
 1125   1471.96859115683 
 1126   1384.28601767317 
 1127   1324.45228856983 
 1128   1267.61801601024 
 1129   1197.16639542608 
 1130   1148.16730568627 
 1131   1137.22516295532 
 1132   1119.44071053224 
 1133   1104.58430545039 
 1134   1100.21977359102 
 1135   1089.58406180845 
 1136   1066.6403185358 
 1137   1059.83811006887 
 1138   1081.80266081432 
 1139   1115.24183740278 
 1140   1137.22168358217 
 1141   1155.50227439861 
 1142   1190.17734621717 
 1143   1219.29149328645 
 1144   1272.92259235514 
 1145   1351.89812160687 
 1146   1426.59916942512 
 1147   1488.13438682522 
 1148   1569.98714029783 
 1149   1697.10081595438 
 1150   1827.28863387456 
 1151   1945.90486310644 
 1152   2044.91216527765 
 1153   2108.26601364447 
 1154   2151.70449925423 
 1155   2177.70493402252 
 1156   2173.13293674144 
 1157   2132.0433432992 
 1158   2045.23656729035 
 1159   1921.91221067507 
 1160   1816.2295491921 
 1161   1703.44951241844 
 1162   1597.90447906404 
 1163   1514.34816276963 
 1164   1451.21531482612 
 1165   1411.5679622874 
 1166   1399.22533708447 
 1167   1431.36898974973 
 1168   1466.30224298409 
 1169   1514.07011888791 
 1170   1609.00552526377 
 1171   1727.33025244706 
 1172   1860.97904854684 
 1173   2016.93093595956 
 1174   2202.94375921019 
 1175   2413.74414464715 
 1176   2673.55557954242 
 1177   2998.85282305359 
 1178   3277.51325315674 
 1179   3545.52143715996 
 1180   3812.31363113309 
 1181   4062.9623049513 
 1182   4282.39836942505 
 1183   4460.92489662926 
 1184   4623.96216496441 
 1185   4674.75278416912 
 1186   4706.25151077753 
 1187   4724.5591086717 
 1188   4681.68987121272 
 1189   4652.41259612701 
 1190   4588.95027493687 
 1191   4516.88063729959 
 1192   4415.12001190255 
 1193   4312.77395531447 
 1194   4232.43563647616 
 1195   4128.79902706891 
 1196   4034.87383649615 
 1197   3921.77406226375 
 1198   3791.54943142202 
 1199   3659.56597686429 
 1200   3536.74868867841 
 1201   3434.67408363043 
 1202   3353.76236323914 
 1203   3288.35893782156 
 1204   3234.66061489673 
 1205   3185.73384665096 
 1206   3166.70601369465 
 1207   3197.00664684833 
 1208   3221.01245710427 
 1209   3225.24614248241 
 1210   3224.65212920784 
 1211   3206.72485704141 
 1212   3177.99948892677 
 1213   3158.07326093942 
 1214   3123.09301211911 
 1215   3065.30021128853 
 1216   3021.38367157382 
 1217   2997.3028481701 
 1218   2998.31912525641 
 1219   3033.84238064115 
 1220   3091.44934791106 
 1221   3171.59785931043 
 1222   3314.14194369712 
 1223   3493.62283343193 
 1224   3700.90277451978 
 1225   3925.38133771705 
 1226   4130.91120091895 
 1227   4326.18777893067 
 1228   4542.31655959919 
 1229   4739.15896192003 
 1230   4878.85505960458 
 1231   4978.86093235874 
 1232   5043.18293195179 
 1233   5037.35957588596 
 1234   4999.42044169146 
 1235   4926.96449600716 
 1236   4793.77577072392 
 1237   4623.80048478546 
 1238   4440.27251143888 
 1239   4214.30368326054 
 1240   3937.54321703212 
 1241   3674.96804770672 
 1242   3415.76665594638 
 1243   3158.22286505493 
 1244   2925.82434028209 
 1245   2732.9125248599 
 1246   2568.75192043823 
 1247   2433.00780180944 
 1248   2406.39291276476 
 1249   2392.73206171657 
 1250   2416.15478105252 
 1251   2521.2116989887 
 1252   2655.28163976635 
 1253   2819.22046831264 
 1254   3057.29844770304 
 1255   3310.78561608999 
 1256   3565.10876822867 
 1257   3832.15020535927 
 1258   4090.79557716004 
 1259   4312.36456817673 
 1260   4504.3414785879 
 1261   4658.69716550365 
 1262   4744.33748697099 
 1263   4789.29514958876 
 1264   4817.23378142919 
 1265   4815.77022711829 
 1266   4792.19747288467 
 1267   4788.58047130853 
 1268   4799.75809185131 
 1269   4827.0549558297 
 1270   4893.65921580373 
 1271   4997.05478085826 
 1272   5125.33580207878 
 1273   5266.2786619347 
 1274   5395.27777535431 
 1275   5561.32750090885 
 1276   5681.18130949465 
 1277   5777.21992042409 
 1278   5872.17064585711 
 1279   5947.14260284529 
 1280   6005.86473421134 
 1281   6038.44584158012 
 1282   6058.37800199349 
 1283   6092.00408559535 
 1284   6135.70138502847 
 1285   6162.31012321647 
 1286   6142.48672103683 
 1287   6077.71876150718 
 1288   6001.81579120948 
 1289   5891.12695943713 
 1290   5684.1996881324 
 1291   5422.44383321706 
 1292   5130.07865980922 
 1293   4816.48573215547 
 1294   4507.90894177079 
 1295   4195.73409101583 
 1296   3884.15845888835 
 1297   3593.71059009443 
 1298   3364.68929502 
 1299   3187.06564061425 
 1300   3042.37324236292 
 1301   2938.39677167676 
 1302   2899.8334712224 
 1303   2949.86645738688 
 1304   2993.37726117786 
 1305   3102.10304766252 
 1306   3256.15364367866 
 1307   3430.5807737472 
 1308   3631.77919592511 
 1309   3831.07697301089 
 1310   4016.62616496182 
 1311   4160.43614773302 
 1312   4273.30831770784 
 1313   4344.42968661959 
 1314   4356.21357006528 
 1315   4307.43537717968 
 1316   4216.61021602878 
 1317   4102.8041236121 
 1318   3963.95476074865 
 1319   3819.67488869298 
 1320   3663.78672814991 
 1321   3513.4010956018 
 1322   3388.78951383887 
 1323   3292.07069901634 
 1324   3205.55488983293 
 1325   3119.20165295025 
 1326   3080.62482704252 
 1327   3073.60617106151 
 1328   3094.5927872103 
 1329   3151.04395788173 
 1330   3247.39768574807 
 1331   3382.73030477582 
 1332   3546.60625752419 
 1333   3721.0027172376 
 1334   3888.82183631493 
 1335   4027.25895806871 
 1336   4136.35015507898 
 1337   4208.63812876539 
 1338   4230.26655395041 
 1339   4193.99884770998 
 1340   4108.58645663812 
 1341   4001.85394753561 
 1342   3880.40461082883 
 1343   3742.73660417253 
 1344   3614.53769770967 
 1345   3517.32745723807 
 1346   3442.20078534228 
 1347   3399.39975402637 
 1348   3419.8282938255 
 1349   3478.75085143402 
 1350   3553.56890420762 
 1351   3675.58559656568 
 1352   3838.53950506974 
 1353   4000.36300064868 
 1354   4172.37526077994 
 1355   4355.56037936826 
 1356   4514.29981170569 
 1357   4666.12933717575 
 1358   4796.51581731115 
 1359   4934.43693272724 
 1360   5058.93569419301 
 1361   5176.1380628005 
 1362   5272.62326663654 
 1363   5319.46768846563 
 1364   5337.5746233359 
 1365   5356.74988952549 
 1366   5336.48922840117 
 1367   5240.38693531381 
 1368   5096.72160700933 
 1369   4920.07273546644 
 1370   4705.69027042554 
 1371   4484.9435005573 
 1372   4241.17135217518 
 1373   3939.73116553856 
 1374   3672.2712402346 
 1375   3426.95526174011 
 1376   3189.08089697978 
 1377   2952.63307560435 
 1378   2767.13405739887 
 1379   2609.69586424054 
 1380   2473.19044531402 
 1381   2372.53837404164 
 1382   2256.49780700725 
 1383   2160.31890984951 
 1384   2102.38665497096 
 1385   2062.99421562719 
 1386   1996.39165470871 
 1387   1954.90841383706 
 1388   1912.98724447946 
 1389   1863.20354134262 
 1390   1861.94866140352 
 1391   1854.84799735207 
 1392   1832.0652108148 
 1393   1827.910151221 
 1394   1839.41143088847 
 1395   1831.01205997249 
 1396   1841.29326566385 
 1397   1884.81322243633 
 1398   1925.87311530089 
 1399   1956.54721653812 
 1400   1985.50245345046 
 1401   2004.57524294175 
 1402   2026.9533358363 
 1403   2081.14907881377 
 1404   2134.54736021525 
 1405   2193.4552883502 
 1406   2264.78347843596 
 1407   2352.68861193358 
 1408   2472.99732407047 
 1409   2627.20134164372 
 1410   2810.09343137303 
 1411   3007.11074919285 
 1412   3265.88958317982 
 1413   3519.45440723387 
 1414   3786.45574626539 
 1415   4059.79278145536 
 1416   4335.03391854956 
 1417   4590.22100124192 
 1418   4790.31288053117 
 1419   4970.07876576993 
 1420   5091.09152615313 
 1421   5190.92087298306 
 1422   5256.67138358808 
 1423   5292.61494430007 
 1424   5270.8065796737 
 1425   5288.34692467871 
 1426   5351.26717299322 
 1427   5415.2016779663 
 1428   5550.14838248603 
 1429   5725.41377914308 
 1430   5963.80003706232 
 1431   6313.52015733017 
 1432   6768.62688289588 
 1433   7256.8070033095 
 1434   7817.99896270411 
 1435   8417.06653530894 
 1436   9046.5133133277 
 1437   9750.11860479904 
 1438   10469.1406451674 
 1439   11162.5010174075 
 1440   11816.5242051806 
 1441   12415.7984554267 
 1442   12936.7694220378 
 1443   13404.0785831542 
 1444   13775.1080290803 
 1445   14035.9594236364 
 1446   14148.8063776292 
 1447   14177.6984720997 
 1448   14194.6505875462 
 1449   14085.4980124881 
 1450   13901.8534834869 
 1451   13613.7654536372 
 1452   13330.6225584613 
 1453   12968.6549674439 
 1454   12546.6874108815 
 1455   12039.9897743955 
 1456   11459.5432751244 
 1457   10854.4921453867 
 1458   10207.9351188292 
 1459   9525.90575598813 
 1460   8870.47737656957 
 1461   8254.87508867093 
 1462   7687.26350663612 
 1463   7229.77512846743 
 1464   6848.12896401627 
 1465   6526.02883320771 
 1466   6279.04208974703 
 1467   6080.78425393652 
 1468   5891.99740831614 
 1469   5716.79799248087 
 1470   5551.57559956695 
 1471   5352.64158455134 
 1472   5129.07976427939 
 1473   4923.41950695345 
 1474   4719.77332469833 
 1475   4513.83655810953 
 1476   4299.24615509084 
 1477   4102.49616236479 
 1478   3917.03290281271 
 1479   3778.78583997803 
 1480   3689.82707105461 
 1481   3588.53571957105 
 1482   3506.06206953469 
 1483   3454.27197719857 
 1484   3413.88036210123 
 1485   3371.65922509095 
 1486   3331.12168308579 
 1487   3252.76050849865 
 1488   3153.91653288907 
 1489   3082.76971860569 
 1490   2998.88420386425 
 1491   2886.87522710595 
 1492   2768.17942614835 
 1493   2629.2018394002 
 1494   2488.08464520475 
 1495   2361.23893088481 
 1496   2268.44659086227 
 1497   2157.16260222842 
 1498   2063.01517338171 
 1499   1988.22007876908 
 1500   1915.33711087893 
 1501   1860.12533543841 
 1502   1826.85528695597 
 1503   1794.71316691842 
 1504   1741.36428590537 
 1505   1674.2842013325 
 1506   1625.64167897882 
 1507   1607.71218262673 
 1508   1612.75112338568 
 1509   1586.70501615712 
 1510   1569.52614700719 
 1511   1544.21345557742 
 1512   1548.50996700895 
 1513   1543.57757698809 
 1514   1524.98207253462 
 1515   1495.24181558095 
 1516   1478.07629059176 
 1517   1465.79344808509 
 1518   1437.92337357128 
 1519   1424.92950400859 
 1520   1402.64327300902 
 1521   1405.40941574264 
 1522   1407.43976943402 
 1523   1430.77270345313 
 1524   1428.7699834026 
 1525   1416.58830041074 
 1526   1400.01813826402 
 1527   1406.96064619521 
 1528   1404.01624063802 
 1529   1394.59286091049 
 1530   1376.39578368428 
 1531   1343.98595148799 
 1532   1344.1244706729 
 1533   1353.71310096242 
 1534   1345.66547999231 
 1535   1330.63039973389 
 1536   1319.2792742261 
 1537   1288.68921418782 
 1538   1270.45711115332 
 1539   1244.31896341891 
 1540   1220.25795216698 
 1541   1208.32196795126 
 1542   1191.12794000334 
 1543   1184.85694346882 
 1544   1165.2084451972 
 1545   1145.79778890219 
 1546   1156.2629597237 
 1547   1148.33775472758 
 1548   1144.05919103733 
 1549   1141.62723080465 
 1550   1126.85665373059 
 1551   1126.91131238877 
 1552   1165.1261171947 
 1553   1158.08604355881 
 1554   1169.80365350401 
 1555   1186.74981292738 
 1556   1176.02319438407 
 1557   1186.08444835652 
 1558   1210.00555226412 
 1559   1198.7182625813 
 1560   1178.08383251965 
 1561   1173.48321658039 
 1562   1162.08704343403 
 1563   1161.85947267371 
 1564   1166.52127182952 
 1565   1128.73036666803 
 1566   1111.11049311745 
 1567   1092.18725472604 
 1568   1103.55115730183 
 1569   1103.3887680932 
 1570   1155.90494140875 
 1571   1151.19087483933 
 1572   1164.00248877045 
 1573   1162.32062319025 
 1574   1190.85607145921 
 1575   1222.90299890998 
 1576   1221.72995321083 
 1577   1211.63030786198 
 1578   1215.49722943127 
 1579   1241.58286983146 
 1580   1246.82504375079 
 1581   1290.14917660301 
 1582   1317.11024990727 
 1583   1343.4496311363 
 1584   1354.88254204099 
 1585   1353.65896835138 
 1586   1383.7104648818 
 1587   1425.27645128814 
 1588   1454.37244281211 
 1589   1433.28084257687 
 1590   1431.04524067921 
 1591   1460.67557606897 
 1592   1504.83587457934 
 1593   1529.92588004991 
 1594   1564.35556360015 
 1595   1596.32494239046 
 1596   1643.18387100052 
 1597   1734.5565501127 
 1598   1808.88350948251 
 1599   1919.79947978425 
 1600   2059.14558646815 
 1601   2232.09920412996 
 1602   2440.88459776645 
 1603   2776.70162741019 
 1604   3169.24879780698 
 1605   3625.19676092246 
 1606   4074.86523597178 
 1607   4652.07101802518 
 1608   5309.45936712588 
 1609   6037.8934106846 
 1610   6785.29998981649 
 1611   7535.75982258252 
 1612   8256.91111403067 
 1613   8937.35973463396 
 1614   9469.61952829842 
 1615   9933.83675775654 
 1616   10320.5991296525 
 1617   10492.9947599062 
 1618   10530.5292965558 
 1619   10422.7302535923 
 1620   10188.6283718078 
 1621   9846.54467125585 
 1622   9411.43523189817 
 1623   8902.03250221276 
 1624   8345.42260919687 
 1625   7789.72429272998 
 1626   7209.202954593 
 1627   6618.32802410343 
 1628   6035.82514410983 
 1629   5475.62385475076 
 1630   4938.94501149386 
 1631   4452.88752734837 
 1632   3992.56815106854 
 1633   3546.50459650229 
 1634   3156.96036506314 
 1635   2824.74205385778 
 1636   2528.4702723651 
 1637   2270.12396398854 
 1638   2053.57689181475 
 1639   1874.95683732905 
 1640   1743.60072979163 
 1641   1629.20116365657 
 1642   1520.4595768468 
 1643   1449.07325825065 
 1644   1388.21789411491 
 1645   1330.08445824118 
 1646   1273.48623037494 
 1647   1234.34894659798 
 1648   1213.31150549907 
 1649   1199.01507792526 
 1650   1160.56266658238 
 1651   1124.20092900458 
 1652   1106.39339294222 
 1653   1086.82592912976 
 1654   1058.43605920206 
 1655   1022.99403271533 
 1656   1007.68656863693 
 1657   984.494051628302 
 1658   993.762742258016 
 1659   986.122487401597 
 1660   989.080516506529 
 1661   980.886323874595 
 1662   966.561293850111 
 1663   946.073534702615 
 1664   941.785305667388 
 1665   947.58379467033 
 1666   948.068377424534 
 1667   923.884664560717 
 1668   904.208575931306 
 1669   923.611782095998 
 1670   944.964206848613 
 1671   944.018369212524 
 1672   948.931232295987 
 1673   954.710490630894 
 1674   943.852431707967 
 1675   956.805782425829 
 1676   967.985879252551 
 1677   951.849113160384 
 1678   957.297949837475 
 1679   940.528767798369 
 1680   906.747493108351 
 1681   906.921074507056 
 1682   892.894276508397 
 1683   864.536683610574 
 1684   848.058371226801 
 1685   831.182252298528 
 1686   840.661603662178 
 1687   847.675912134394 
 1688   869.635211153593 
 1689   886.299393613414 
 1690   872.116709672936 
 1691   882.572119806646 
 1692   882.933477154902 
 1693   866.454177974307 
 1694   844.436500042159 
 1695   818.972477335967 
 1696   794.383905475385 
 1697   787.727195619532 
 1698   768.189330713626 
 1699   765.308592612238 
 1700   774.974172983846 
 1701   775.536028514873 
 1702   768.141952780207 
 1703   781.521763760974 
 1704   781.013321393007 
 1705   772.653070218414 
 1706   755.71816767508 
 1707   742.626321124591 
 1708   731.756130115919 
 1709   735.509909957077 
 1710   727.37362119023 
 1711   728.639546332507 
 1712   733.344123825691 
 1713   755.37618322142 
 1714   751.283282035217 
 1715   747.073350230638 
 1716   743.732471102381 
 1717   726.069324702796 
 1718   722.119673177428 
 1719   734.561606766165 
 1720   728.927553893483 
 1721   713.394383179081 
 1722   713.132954155159 
 1723   696.271631257477 
 1724   691.141456026927 
 1725   680.66343360283 
 1726   654.822086716807 
 1727   638.983791229954 
 1728   635.00718125107 
 1729   619.090954276235 
 1730   616.965715315915 
 1731   625.204533069303 
 1732   608.549634048851 
 1733   613.185328391083 
 1734   609.643615730266 
 1735   607.301411464953 
 1736   613.682657164998 
 1737   625.798020688943 
 1738   628.370520116909 
 1739   642.870331915524 
 1740   642.869144307023 
 1741   635.790421846947 
 1742   634.182688990098 
 1743   637.721707239794 
 1744   643.895734962208 
 1745   638.314207695898 
 1746   633.891800157773 
 1747   632.492126933239 
 1748   633.162722272296 
 1749   630.159684311975 
 1750   619.053325321314 
 1751   601.56030587126 
 1752   587.549980349444 
 1753   590.871555573806 
 1754   587.599587409763 
 1755   584.235123843335 
 1756   596.400870113777 
 1757   614.697766066405 
 1758   594.518514923949 
 1759   604.621588036674 
 1760   602.950698606635 
 1761   613.7777769187 
 1762   619.953738119399 
 1763   621.773482308606 
 1764   616.894649969924 
 1765   642.941424294359 
 1766   645.72677702338 
 1767   638.271879430504 
 1768   628.563109340525 
 1769   612.616304531898 
 1770   584.651130522478 
 1771   566.262580974283 
 1772   560.616540819833 
 1773   554.044425850923 
 1774   565.488712536906 
 1775   543.936268964232 
 1776   534.868056790295 
 1777   533.559468739852 
 1778   528.260745983653 
 1779   506.160741131878 
 1780   489.796064660419 
 1781   491.764942831514 
 1782   502.633808714081 
 1783   503.587864562825 
 1784   509.741042650475 
 1785   508.532446931334 
 1786   510.759486413409 
 1787   491.917038703533 
 1788   462.47169809655 
 1789   461.241352067345 
 1790   458.648837104681 
 1791   445.726670007278 
 1792   441.336465883525 
 1793   452.723280521232 
 1794   466.973961868705 
 1795   478.572882451297 
 1796   474.060798818866 
 1797   478.969139688801 
 1798   493.444528973465 
 1799   481.751739862768 
 1800   455.515940880456 
 1801   464.406209346017 
 1802   465.347064057438 
 1803   468.405907326788 
 1804   469.113431484841 
 1805   460.837594917776 
 1806   473.898400165315 
 1807   495.226596397728 
 1808   498.697576286713 
 1809   485.821953570495 
 1810   477.087015740229 
 1811   460.925583545214 
 1812   465.710374677555 
 1813   459.16893749195 
 1814   466.364458027919 
 1815   451.712402617206 
 1816   457.871438367016 
 1817   473.384574266184 
 1818   490.451968306022 
 1819   508.292080015485 
 1820   504.330381676627 
 1821   490.13356831284 
 1822   491.797261046741 
 1823   494.186062632641 
 1824   465.352531764011 
 1825   457.356380966908 
 1826   443.334035102161 
 1827   460.924408839467 
 1828   459.164375134755 
 1829   456.732920747389 
 1830   463.652300069455 
 1831   468.294192387855 
 1832   482.53143824387 
 1833   483.765816262217 
 1834   474.058004956582 
 1835   484.65901427311 
 1836   480.757609516438 
 1837   472.185870801931 
 1838   492.765119968165 
 1839   483.845051006637 
 1840   481.373280458832 
 1841   472.123590703597 
 1842   447.818451640935 
 1843   467.553545986252 
 1844   460.205692066283 
 1845   430.507292876978 
 1846   428.332723378345 
 1847   400.392447641126 
 1848   418.041925910432 
 1849   428.791535026917 
 1850   406.580884007361 
 1851   409.258716940653 
 1852   409.707784787104 
 1853   424.015269966765 
 1854   439.390645925533 
 1855   422.487594855822 
 1856   415.437543765001 
 1857   416.304229885091 
 1858   439.999192676505 
 1859   415.085852338596 
 1860   388.577813425992 
 1861   393.802512490538 
 1862   395.897112774813 
 1863   387.972023307556 
 1864   386.493813929056 
 1865   377.090675858731 
 1866   385.66380330245 
 1867   399.882834489344 
 1868   398.843609022818 
 1869   410.992520625427 
 1870   405.878852900494 
 1871   387.839759704082 
 1872   389.840109617356 
 1873   402.247063625531 
 1874   391.769716632853 
 1875   392.415459897208 
 1876   389.349818966123 
 1877   426.769369874751 
 1878   415.278820648572 
 1879   400.560354987111 
 1880   389.67676438897 
 1881   387.846376549765 
 1882   395.435854399586 
 1883   381.019634162411 
 1884   343.105052178921 
 1885   352.394124705788 
 1886   352.141232259488 
 1887   355.723164568366 
 1888   356.621244366656 
 1889   322.45129414272 
 1890   326.150541795295 
 1891   341.066563694891 
 1892   348.805180427185 
 1893   369.419596952344 
 1894   360.765159027688 
 1895   355.561820208422 
 1896   357.841116751199 
 1897   365.80947094921 
 1898   377.574922679296 
 1899   376.244608014697 
 1900   360.660487779188 
 1901   347.984923444404 
 1902   348.531910046668 
 1903   361.64450295456 
 1904   334.864271556184 
 1905   336.799050896906 
 1906   289.722449511502 
 1907   288.860817999928 
 1908   299.563297799768 
 1909   313.481842859481 
 1910   302.935645030669 
 1911   321.703219472956 
 1912   343.157378311488 
 1913   360.585562352245 
 1914   375.182116823167 
 1915   369.218286327786 
 1916   356.926199805463 
 1917   354.234667333399 
 1918   326.883888907279 
 1919   341.454849028327 
 1920   328.09814416293 
 1921   313.408774747753 
 1922   316.167692050023 
 1923   316.791600262703 
 1924   312.009794092062 
 1925   306.699751894767 
 1926   296.564878627583 
 1927   297.371290763991 
 1928   281.976503109247 
 1929   270.534253279299 
 1930   291.553111730768 
 1931   303.90146740293 
 1932   298.632535248539 
 1933   310.080840609461 
 1934   322.735882109687 
 1935   326.791692890455 
 1936   334.574829390264 
 1937   330.135321854432 
 1938   342.451016450919 
 1939   346.504412021963 
 1940   311.414807250184 
 1941   321.02525331038 
 1942   320.607855218964 
 1943   304.240696065668 
 1944   285.167887249182 
 1945   271.192044039184 
 1946   239.783891118152 
 1947   176.688989022647 
 1948   160.718475971173 
 1949   172.351243279911 
 1950   171.134462008219 
 1951   175.947746848012 
 1952   177.012449839015 
 1953   190.27640474333 
 1954   315.041898992559 
 1955   310.267481360805 
 1956   296.061150660715 
 1957   294.703691200164 
 1958   289.139765783726 
 1959   273.120767927622 
 1960   256.112484147387 
 1961   260.478787648404 
 1962   279.19780697896 
 1963   288.402049522684 
 1964   292.07056850558 
 1965   291.614053586895 
 1966   288.960012538116 
 1967   290.873532108354 
 1968   295.055157577006 
 1969   263.252468532039 
 1970   272.418248319777 
 1971   249.501765695887 
 1972   254.266173909655 
 1973   269.298129329368 
 1974   250.752625175802 
 1975   248.790310099315 
 1976   251.682543638427 
 1977   260.574888089862 
 1978   281.410706490203 
 1979   284.307017480047 
 1980   278.463576845264 
 1981   274.99577815702 
 1982   284.545847257039 
 1983   284.795952598329 
 1984   262.391516773636 
 1985   244.365644308764 
 1986   243.158674894779 
 1987   249.363434514664 
 1988   260.36274340949 
 1989   239.733112097461 
 1990   253.48416435267 
 1991   274.093678349142 
 1992   287.317006721957 
 1993   289.929603967897 
 1994   296.314482828377 
 1995   286.483612422976 
 1996   294.301855999284 
 1997   261.575239461963 
 1998   229.135464733101 
 1999   211.240284059237 
 2000   191.926734989881 
 2001   171.549371105904 
 2002   168.907762017046 
 2003   189.813673876779 
 2004   221.051718124542 
 2005   247.286208823589 
 2006   263.671153901498 
 2007   259.394434889175 
 2008   250.48703695401 
 2009   224.731764483584 
 2010   224.875368546639 
 2011   191.78764084122 
 2012   164.735811876084 
 2013   172.755910715812 
 2014   188.139857639384 
 2015   220.878574634892 
 2016   215.930774647639 
 2017   220.800822250583 
 2018   239.196366878648 
 2019   235.639144891701 
 2020   245.067662061367 
 2021   244.581500712555 
 2022   237.377207107162 
 2023   235.792631592762 
 2024   238.113198181953 
 2025   247.72351014516 
 2026   228.423251310882 
 2027   208.893554827002 
 2028   188.782536214476 
 2029   195.060037824891 
 2030   206.526594686856 
 2031   208.945859441529 
 2032   191.348925284409 
 2033   204.621413595871 
 2034   219.460676638492 
 2035   231.11493933891 
 2036   213.311644799394 
 2037   166.569421846846 
 2038   207.020875081366 
 2039   213.784239792341 
 2040   213.014015760764 
 2041   207.831111982464 
 2042   206.46553530369 
 2043   208.572021725661 
 2044   181.600204798714 
 2045   154.485945764422 
 2046   151.601300590911 
 2047   158.119975364558 
 2048   160.849496148759 
 2049   191.721625175018 
 2050   211.69507521785 
 2051   212.21712772623 
 2052   213.502706816114 
 2053   195.053907646324 
 2054   186.243202223268 
 2055   159.110096087646 
 2056   141.128865343216 
 2057   135.399601277143 
 2058   136.284408567038 
 2059   135.701114804909 
 2060   132.294473499217 
 2061   140.408976023176 
 2062   140.647459875595 
 2063   168.333105919698 
 2064   179.578768670338 
 2065   187.642374966333 
 2066   179.557376731125 
 2067   150.71660219864 
 2068   149.146142170881 
 2069   145.221269111754 
 2070   121.352211055494 
 2071   119.141683208246 
 2072   128.061789200396 
 2073   140.879304053835 
 2074   128.128635203824 
 2075   132.25078077056 
 2076   137.102625538803 
 2077   144.331872701981 
 2078   137.454328977609 
 2079   140.537437766431 
 2080   160.157080977309 
 2081   185.05652156186 
 2082   174.782583573288 
 2083   175.738621297928 
 2084   189.872002749823 
 2085   183.601714207315 
 2086   174.780429459809 
 2087   141.652258091265 
 2088   120.700439793112 
 2089   103.248707054756 
 2090   82.2867433885054 
 2091   70.7246090213443 
 2092   73.4795008213163 
 2093   94.2871096598563 
 2094   101.55804478089 
 2095   138.42230910671 
 2096   141.571680800083 
 2097   138.760128896497 
 2098   144.052831422669 
 2099   134.478596505307 
 2100   138.981519485107 
 2101   106.677549362724 
 2102   96.674881930911 
 2103   117.506061743203 
 2104   116.007378830235 
 2105   137.46067811124 
 2106   132.828028730876 
 2107   163.979150933467 
 2108   169.068817355278 
 2109   158.961543763291 
 2110   152.019544467191 
 2111   141.698031583729 
 2112   136.877109566508 
 2113   117.745541376463 
 2114   120.760591927851 
 2115   112.107892424645 
 2116   121.446842379697 
 2117   121.225286986307 
 2118   124.97899577142 
 2119   122.74433316937 
 2120   133.722827977788 
 2121   131.949041466443 
 2122   126.684525694205 
 2123   110.706219024693 
 2124   114.255244767597 
 2125   131.300084473051 
 2126   116.922831458604 
 2127   111.431357404026 
 2128   131.461537400491 
 2129   145.034139636699 
 2130   141.53616057353 
 2131   118.573074214587 
 2132   88.6725128971578 
 2133   103.260659040988 
 2134   93.9656114384883 
 2135   110.090551802061 
 2136   99.6186489436901 
 2137   111.617035792551 
 2138   153.212904406781 
 2139   159.721472698158 
 2140   149.509489624698 
 2141   145.881298819488 
 2142   142.700998537049 
 2143   128.204756813016 
 2144   115.071507724867 
 2145   90.3554709218317 
 2146   72.8345754896482 
 2147   65.1108067434327 
 2148   88.2408906844789 
 2149   94.5266978322825 
 2150   101.577814702396 
 2151   99.617366906842 
 2152   109.822765883108 
 2153   109.205065377909 
 2154   100.839614388609 
 2155   115.170762399402 
 2156   110.589298300054 
 2157   125.793819188905 
 2158   145.673530622896 
 2159   138.261951345527 
 2160   147.880608507624 
 2161   133.035412007524 
 2162   127.859403576572 
 2163   118.842134167072 
 2164   121.61883327437 
 2165   126.634551885585 
 2166   102.870989867358 
 2167   102.068060781493 
 2168   89.2233098359199 
 2169   89.5954189484895 
 2170   80.7194886244079 
 2171   73.2958393122912 
 2172   86.521898918104 
 2173   101.67274925949 
 2174   117.951073467735 
 2175   101.801858273235 
 2176   101.361983362645 
 2177   108.954928468711 
 2178   102.165381993741 
 2179   79.9224055798412 
 2180   72.267099540451 
 2181   93.6451868220098 
 2182   94.3546649816214 
 2183   81.1929172505108 
 2184   85.9801376291691 
 2185   86.8292524706168 
 2186   72.7226842106458 
 2187   71.1175176600846 
 2188   67.3842135745365 
 2189   55.987500285482 
 2190   63.1675689447915 
 2191   85.5060515462068 
 2192   109.341433387883 
 2193   109.659908730566 
 2194   131.299983745795 
 2195   140.11539470801 
 2196   136.114179110862 
 2197   98.0803773918926 
 2198   73.1984617285818 
 2199   60.1737818270642 
 2200   54.891587090654 
 2201   55.7366717444601 
 2202   44.9686075138356 
 2203   57.115639363641 
 2204   71.57583908216 
 2205   71.8910831623286 
 2206   40.03907829756 
 2207   54.4504579586732 
 2208   59.0263154139207 
 2209   75.3131330133284 
 2210   90.6989129783265 
 2211   129.606231283768 
 2212   162.087593555916 
 2213   161.979279523077 
 2214   162.726001717871 
 2215   154.93241711748 
 2216   126.787952197361 
 2217   104.708551536774 
 2218   81.1811234289652 
 2219   83.0005997137761 
 2220   97.2607972215502 
 2221   89.0241326932589 
 2222   105.402004999758 
 2223   95.0208713423924 
 2224   113.83970007995 
 2225   117.40916817181 
 2226   119.654525781069 
 2227   116.867159801111 
 2228   119.476714542937 
 2229   137.446698161735 
 2230   120.278596367587 
 2231   151.28100759818 
 2232   88.3709744967996 
 2233   528.612886043804 
 2234   722.246520023139 
 2235   687.663065311166 
 2236   701.483848849847 
 2237   663.919755359688 
 2238   726.131446852524 
 2239   266.26837439192 
 2240   109.419833800551 
 2241   129.164716288446 
 2242   120.102679095665 
 2243   121.364229900175 
 2244   114.10448543963 
 2245   122.166604889275 
 2246   128.652595978949 
 2247   111.105661292364 
 2248   93.1993164215 
 2249   63.8248285532022 
 2250   55.6001506521926 
 2251   51.5192966679598 
 2252   54.2989762086832 
 2253   67.3548015922153 
 2254   75.6885663171223 
 2255   101.482185958986 
 2256   110.656418961517 
 2257   86.853038958338 
 2258   83.5059937281956 
 2259   79.0195906797967 
 2260   95.6167573905331 
 2261   86.4256345923122 
 2262   72.2202147634432 
 2263   64.6095700973239 
 2264   62.673250630871 
 2265   73.4843832348403 
 2266   78.2594521136688 
 2267   109.866709197612 
 2268   122.505284912978 
 2269   146.725172125939 
 2270   147.06005619311 
 2271   150.268033538793 
 2272   126.613935846678 
 2273   101.7136810477 
 2274   109.257434863762 
 2275   92.5147520894169 
 2276   83.9167541305207 
 2277   80.6203525363287 
 2278   89.5412241905539 
 2279   94.9121434780979 
 2280   95.2659089026848 
 2281   93.257649449888 
 2282   84.4666313512411 
 2283   82.3586691684987 
 2284   100.616997936105 
 2285   108.576279097685 
 2286   118.742356852299 
 2287   147.940821756967 
 2288   155.00751281088 
 2289   165.50391006262 
 2290   155.441176212883 
 2291   132.084719575153 
 2292   131.880620095642 
 2293   119.044985001428 
 2294   110.654556135078 
 2295   112.733883175792 
 2296   83.0240890923424 
 2297   109.628751772617 
 2298   96.5726359633321 
 2299   112.501755727018 
 2300   126.314025599342 
 2301   130.673220742237 
 2302   168.372131280589 
 2303   150.42728382324 
 2304   137.521746014891 
 2305   137.140645895071 
 2306   118.625914334604 
 2307   104.828307092125 
 2308   104.333299813583 
 2309   84.0863997791861 
 2310   94.9658865550241 
 2311   83.4374331594539 
 2312   114.902634599204 
 2313   115.589986205628 
 2314   114.676998499471 
 2315   124.920443717594 
 2316   114.285922808591 
 2317   107.832418974552 
 2318   100.016639576232 
 2319   77.3076372395897 
 2320   79.3142783738507 
 2321   84.3462817056766 
 2322   93.7135455513087 
 2323   86.3320448015451 
 2324   56.7666100441353 
 2325   71.7158556230736 
 2326   72.3247254842906 
 2327   86.4100053937336 
 2328   81.8225781761777 
 2329   103.509589365824 
 2330   135.621842341617 
 2331   114.584491545249 
 2332   103.486751338688 
 2333   93.1223814233242 
 2334   86.6571257289004 
 2335   75.2486402843439 
 2336   59.3100686538573 
 2337   72.5324933025569 
 2338   77.2878635904305 
 2339   82.6730453154257 
