05-29-2020  12:14:58
Wavenumber (cm-1)  CCD Output
 251   686.472947150298 
 252   726.990695819897 
 253   776.65221886919 
 254   808.067321594698 
 255   834.941395253276 
 256   870.413100357229 
 257   914.566737451487 
 258   954.293561680845 
 259   985.602018819585 
 260   1018.36822715549 
 261   1055.55111138163 
 262   1085.12871345389 
 263   1083.95930238866 
 264   1070.99618897385 
 265   1066.45946029415 
 266   1062.78029150555 
 267   1050.61700911753 
 268   1029.82650838888 
 269   1016.16634602487 
 270   1011.03418496324 
 271   1006.73449478483 
 272   997.236489756258 
 273   988.072781348188 
 274   987.427922063596 
 275   990.276998533197 
 276   999.35448194176 
 277   1021.04844915885 
 278   1048.21162533055 
 279   1075.57517831673 
 280   1102.3531051428 
 281   1128.88932058716 
 282   1157.93738196305 
 283   1193.8380157676 
 284   1237.66746017554 
 285   1278.08652511455 
 286   1297.43955342929 
 287   1314.07181182716 
 288   1335.45344728531 
 289   1343.86154238651 
 290   1349.68125023174 
 291   1362.43484927748 
 292   1374.59018717825 
 293   1383.4921618046 
 294   1389.23321121386 
 295   1392.78383911518 
 296   1400.5001228449 
 297   1409.23891250046 
 298   1397.44105438234 
 299   1377.99506372424 
 300   1366.51934213644 
 301   1345.90899051122 
 302   1312.8221158763 
 303   1275.3893586245 
 304   1243.30981922395 
 305   1217.12494419739 
 306   1191.78148693066 
 307   1163.9972201156 
 308   1140.14940312122 
 309   1128.64714641837 
 310   1124.95325759808 
 311   1117.24697709344 
 312   1096.57087053062 
 313   1073.66856509745 
 314   1053.81495744324 
 315   1033.53521008985 
 316   1006.31250750804 
 317   983.038588853687 
 318   979.796994310545 
 319   976.309534234708 
 320   965.635386805778 
 321   959.952991268827 
 322   967.404465604924 
 323   983.177814679357 
 324   995.467153305797 
 325   1010.97379677171 
 326   1033.27757922635 
 327   1054.14050241032 
 328   1051.18357447056 
 329   1031.25442809638 
 330   1028.32288446247 
 331   1037.75712568363 
 332   1050.24103485259 
 333   1063.53262087193 
 334   1073.25432703294 
 335   1081.35553506292 
 336   1095.09387888342 
 337   1107.73955131405 
 338   1125.21124112456 
 339   1166.95064169425 
 340   1217.37488552785 
 341   1260.50922153285 
 342   1294.63596651856 
 343   1321.82638012637 
 344   1351.23086182742 
 345   1396.57564167352 
 346   1455.28923548916 
 347   1521.71428701648 
 348   1590.85172544946 
 349   1645.52769975685 
 350   1684.69134173142 
 351   1728.20432328257 
 352   1770.24333537053 
 353   1812.27627474358 
 354   1871.69038724808 
 355   1939.49073205764 
 356   2007.93491327116 
 357   2079.25609889226 
 358   2138.58175090261 
 359   2176.64763856484 
 360   2203.30264567013 
 361   2251.2305386168 
 362   2318.33511477942 
 363   2357.09339833531 
 364   2353.12502871026 
 365   2326.01263277811 
 366   2311.72196714112 
 367   2293.57016630848 
 368   2258.29522773006 
 369   2216.38942398546 
 370   2177.89495340591 
 371   2135.14559877017 
 372   2070.22025772029 
 373   2007.32416015397 
 374   1970.94096259977 
 375   1967.79415233878 
 376   1985.0342940615 
 377   2008.83550867279 
 378   2036.22480262484 
 379   2089.80935491903 
 380   2172.97247078208 
 381   2267.13123152462 
 382   2368.75919549312 
 383   2485.6866173429 
 384   2617.99867935444 
 385   2715.68797974092 
 386   2781.99106110151 
 387   2857.09037064067 
 388   2913.8430853535 
 389   2947.61022105928 
 390   2969.61933282149 
 391   2947.15145688566 
 392   2882.07992802607 
 393   2798.28307478411 
 394   2689.48824950763 
 395   2583.41533338649 
 396   2504.05869569289 
 397   2397.66401176265 
 398   2270.02167508418 
 399   2155.93279479133 
 400   2047.61064007001 
 401   1948.82765520546 
 402   1866.70087048562 
 403   1795.12420843751 
 404   1751.52441618604 
 405   1734.03285877593 
 406   1688.52116160489 
 407   1652.39797006741 
 408   1659.37522085743 
 409   1659.85670140561 
 410   1646.52662004182 
 411   1633.50662769947 
 412   1633.78305529481 
 413   1660.62065485993 
 414   1695.68471176014 
 415   1692.02131298951 
 416   1683.12449804683 
 417   1681.16042015129 
 418   1652.68326414578 
 419   1632.81729610894 
 420   1633.65911974075 
 421   1625.98980852401 
 422   1606.37849538395 
 423   1572.02985522839 
 424   1521.87464312496 
 425   1481.15070431966 
 426   1462.13381858685 
 427   1456.11659369132 
 428   1440.79914815406 
 429   1426.80049502526 
 430   1428.87126780923 
 431   1413.89059221089 
 432   1404.31722363334 
 433   1423.43012664561 
 434   1421.35856363641 
 435   1418.25135662032 
 436   1439.64487009493 
 437   1450.35027398387 
 438   1453.58632415177 
 439   1458.9421108849 
 440   1459.98259608416 
 441   1478.49147867346 
 442   1511.31961736341 
 443   1522.20516094439 
 444   1538.83261322077 
 445   1572.24990596129 
 446   1595.92622756069 
 447   1595.78348516201 
 448   1588.5201821418 
 449   1599.16986863003 
 450   1601.94287314285 
 451   1595.99750707526 
 452   1595.41260341619 
 453   1584.09632822524 
 454   1556.41962356347 
 455   1521.43519600771 
 456   1497.58704632497 
 457   1494.07513716836 
 458   1501.22932130004 
 459   1492.44059887705 
 460   1482.38340215933 
 461   1484.49317073647 
 462   1487.03600085233 
 463   1486.54556654324 
 464   1491.94646425169 
 465   1513.14601769871 
 466   1523.36237554065 
 467   1512.15313602613 
 468   1498.69913032418 
 469   1516.69745052452 
 470   1545.47783575307 
 471   1547.6504425047 
 472   1547.69248922714 
 473   1561.69186506851 
 474   1586.51027899808 
 475   1604.46723061997 
 476   1613.76774090825 
 477   1622.81938794575 
 478   1640.5041608552 
 479   1660.61748527931 
 480   1677.44707437487 
 481   1692.59590122395 
 482   1708.37231254921 
 483   1720.81210520828 
 484   1726.80108683002 
 485   1744.5385339831 
 486   1786.37008656726 
 487   1846.20094442409 
 488   1894.74709734152 
 489   1933.30480406794 
 490   1981.41873792488 
 491   2052.1266388532 
 492   2126.92950874645 
 493   2192.08437118336 
 494   2257.98828114109 
 495   2328.02906177529 
 496   2371.8729825152 
 497   2355.26868589965 
 498   2346.88669255865 
 499   2351.40004869522 
 500   2322.63164798201 
 501   2271.31435110203 
 502   2207.36623535491 
 503   2131.14386918307 
 504   2037.93285082252 
 505   1928.72527942462 
 506   1822.85497122103 
 507   1751.92924858778 
 508   1693.22927401179 
 509   1624.69776006948 
 510   1548.98280496712 
 511   1481.55459223294 
 512   1423.33779576011 
 513   1371.02126857875 
 514   1344.92458236385 
 515   1341.05516636128 
 516   1344.68925525781 
 517   1351.54777811919 
 518   1347.89346549525 
 519   1340.81508559937 
 520   1363.81483998798 
 521   1408.62211878274 
 522   1456.56303459214 
 523   1498.63974254654 
 524   1546.55668610105 
 525   1595.36305695511 
 526   1634.63840431357 
 527   1675.75103709309 
 528   1723.73078255872 
 529   1776.91287882797 
 530   1828.46330422115 
 531   1859.06703350145 
 532   1877.13140670681 
 533   1910.70237141841 
 534   1922.13823670361 
 535   1904.48509217745 
 536   1877.32749268643 
 537   1831.2747199737 
 538   1791.78258598018 
 539   1769.36558481779 
 540   1717.21768215465 
 541   1658.26696602171 
 542   1614.00804297573 
 543   1570.26189699967 
 544   1530.49187406517 
 545   1499.0806319558 
 546   1475.86374420806 
 547   1456.77861282152 
 548   1416.42504979862 
 549   1349.92257960281 
 550   1305.06938823526 
 551   1273.94451708441 
 552   1234.45862697051 
 553   1183.40834957485 
 554   1137.12166106336 
 555   1102.2397845381 
 556   1070.11699300575 
 557   1028.19222571445 
 558   994.706327051562 
 559   985.738962432416 
 560   982.163661054052 
 561   975.887199324146 
 562   970.028863095555 
 563   970.605372202179 
 564   969.903038805593 
 565   965.513778345683 
 566   962.658427815988 
 567   966.762584770954 
 568   973.439953275266 
 569   975.803600305751 
 570   971.867320851432 
 571   962.128939479659 
 572   950.44438251049 
 573   945.382951922584 
 574   959.407359635823 
 575   973.943547789897 
 576   974.93177172858 
 577   998.005623777389 
 578   1028.32810477898 
 579   1049.82321901809 
 580   1076.67146652241 
 581   1108.61194210517 
 582   1147.13390447006 
 583   1197.90419404396 
 584   1261.8678756285 
 585   1334.73156128732 
 586   1423.75155150821 
 587   1549.73922601833 
 588   1677.85295013947 
 589   1796.9805581155 
 590   1931.28018177749 
 591   2065.38731499795 
 592   2201.36567101421 
 593   2332.00767103076 
 594   2406.14804348503 
 595   2451.17751595586 
 596   2473.3203348683 
 597   2428.2001436221 
 598   2358.52552751247 
 599   2276.24117381193 
 600   2167.00495779649 
 601   2053.66634755466 
 602   1932.64695108944 
 603   1827.58125463053 
 604   1796.87294359223 
 605   1773.91700091779 
 606   1757.92282272843 
 607   1808.63132209373 
 608   1898.47924775485 
 609   2013.96590255502 
 610   2147.24440453818 
 611   2277.48912699476 
 612   2404.16878127876 
 613   2510.64097985431 
 614   2568.96541532055 
 615   2585.58488482465 
 616   2575.96372084189 
 617   2541.31381676707 
 618   2457.77823901079 
 619   2313.75105277048 
 620   2146.5001123084 
 621   2005.04225428677 
 622   1841.50390223837 
 623   1667.66120457254 
 624   1519.74134187366 
 625   1391.37087505867 
 626   1283.21420192907 
 627   1197.20369564207 
 628   1135.76166022019 
 629   1108.19095863621 
 630   1077.93327246851 
 631   1026.65044091558 
 632   1009.32359870342 
 633   1017.22850471245 
 634   1024.22976982906 
 635   1018.69556219483 
 636   1006.75946440618 
 637   993.739024589744 
 638   977.973099600096 
 639   955.366531775796 
 640   948.291406940616 
 641   955.78777455317 
 642   952.312076693726 
 643   937.294091954403 
 644   938.702185112282 
 645   959.156776510528 
 646   952.886932577261 
 647   942.16629121576 
 648   960.644599161653 
 649   1009.46687126943 
 650   1037.4129129285 
 651   1031.23456228679 
 652   1021.02061486159 
 653   1045.73477718232 
 654   1065.58609817312 
 655   1071.85659436445 
 656   1089.48537549318 
 657   1115.67499822152 
 658   1115.35496445649 
 659   1093.68205388239 
 660   1105.1674441437 
 661   1138.06887363445 
 662   1169.12717067512 
 663   1186.26317974964 
 664   1194.90231272559 
 665   1216.9348288051 
 666   1256.13560886084 
 667   1304.09414421941 
 668   1387.69965657034 
 669   1485.16701869619 
 670   1568.47907512 
 671   1653.56615999407 
 672   1760.44858246211 
 673   1907.107782954 
 674   2101.20219662446 
 675   2333.77798185723 
 676   2626.29872547027 
 677   2991.691099905 
 678   3424.65656802916 
 679   3966.40700448734 
 680   4632.09417567096 
 681   5386.57432790068 
 682   6156.00143228241 
 683   6903.92874860163 
 684   7629.15864780198 
 685   8317.53869044235 
 686   8871.30821392097 
 687   9264.89317676615 
 688   9476.95100587846 
 689   9446.76054370854 
 690   9201.45457627321 
 691   8750.22868862008 
 692   8115.446618637 
 693   7396.59561802486 
 694   6600.60677940301 
 695   5760.46024859321 
 696   4956.16194384324 
 697   4201.30488706056 
 698   3519.54197422886 
 699   2940.37430620393 
 700   2480.94091589104 
 701   2147.01019471114 
 702   1918.87034988994 
 703   1762.48014370009 
 704   1651.22358027147 
 705   1567.87671059865 
 706   1511.01852908882 
 707   1487.62877975001 
 708   1489.03930901312 
 709   1480.14881490455 
 710   1452.95864063355 
 711   1438.22410707272 
 712   1409.57240719224 
 713   1372.38205578346 
 714   1350.35745888553 
 715   1334.72305816491 
 716   1287.6062192028 
 717   1227.09047825831 
 718   1197.35501215007 
 719   1167.97428403457 
 720   1153.75977404625 
 721   1148.52758255368 
 722   1116.15798761561 
 723   1099.00513416065 
 724   1088.5652906432 
 725   1075.41509026727 
 726   1090.49680495756 
 727   1085.04055711738 
 728   1061.75438603053 
 729   1048.7064817513 
 730   1023.14157940037 
 731   1014.69401722364 
 732   1009.53077842552 
 733   974.684772724936 
 734   971.469854648777 
 735   985.89682292512 
 736   986.875473740543 
 737   978.002974676727 
 738   979.028696298138 
 739   987.687035542661 
 740   1000.16059918862 
 741   1023.01406100724 
 742   1033.52528071742 
 743   1039.05622692413 
 744   1048.00867354139 
 745   1036.44515851284 
 746   1039.87619016224 
 747   1052.13489102102 
 748   1043.33521401402 
 749   1038.69751722476 
 750   1030.20611814707 
 751   1023.64673996634 
 752   1033.79834967741 
 753   1028.92677118493 
 754   1028.89108673601 
 755   1043.96893294162 
 756   1050.34448106031 
 757   1054.06455176517 
 758   1053.5344209111 
 759   1048.19994824478 
 760   1046.23425110495 
 761   1043.64772913543 
 762   1034.43598391301 
 763   1020.65314161607 
 764   1010.71284879253 
 765   992.43855238709 
 766   983.333698797476 
 767   992.390153961135 
 768   981.417513044835 
 769   985.299715124969 
 770   1009.63981565538 
 771   1030.58147777497 
 772   1053.81946541105 
 773   1073.91096368652 
 774   1100.05769868391 
 775   1137.53336701962 
 776   1151.12089884781 
 777   1173.70344967619 
 778   1202.85830601361 
 779   1205.62394216956 
 780   1229.24019046987 
 781   1240.69944291169 
 782   1231.44835704379 
 783   1243.47838053744 
 784   1256.81242171359 
 785   1275.88937328958 
 786   1317.03076262751 
 787   1388.07378251089 
 788   1488.74092050135 
 789   1588.8744083669 
 790   1704.41922460337 
 791   1884.28650092301 
 792   2042.81972686194 
 793   2195.08527910631 
 794   2360.87482702537 
 795   2486.51231418408 
 796   2579.26982808711 
 797   2642.24271818783 
 798   2672.01931978242 
 799   2662.62002816256 
 800   2581.61950537968 
 801   2460.59662316134 
 802   2329.18972130533 
 803   2171.75262402573 
 804   2039.00931258594 
 805   1922.21706728387 
 806   1795.95922838225 
 807   1681.30384855561 
 808   1601.84989615511 
 809   1580.82241349295 
 810   1615.97568308172 
 811   1679.56994165201 
 812   1785.77608120738 
 813   1894.70267838259 
 814   2015.63106763715 
 815   2248.42725408716 
 816   2532.58433687949 
 817   2843.0035247925 
 818   3179.23170200493 
 819   3524.23043174934 
 820   3917.76649347627 
 821   4312.58044682738 
 822   4667.35966768616 
 823   5016.53135601942 
 824   5321.68319414693 
 825   5573.68185340451 
 826   5759.92624434667 
 827   5849.5486565182 
 828   5891.90537491317 
 829   5878.420786976 
 830   5829.89997286296 
 831   5796.07069680547 
 832   5632.83265319613 
 833   5363.34876662284 
 834   5067.20079603065 
 835   4751.07820031386 
 836   4411.14482136113 
 837   4064.18133537238 
 838   3718.28355223613 
 839   3365.2340930641 
 840   3018.34037308633 
 841   2719.87544638609 
 842   2477.77623480483 
 843   2258.37091213418 
 844   2052.6930913336 
 845   1892.52754199362 
 846   1801.13474967371 
 847   1787.86881752085 
 848   1864.83255184096 
 849   1940.79408430693 
 850   1986.5049556878 
 851   2040.6100702003 
 852   2098.59088627428 
 853   2153.83330260676 
 854   2206.08636336496 
 855   2241.51045594012 
 856   2234.78063212879 
 857   2236.34473979629 
 858   2142.35023900071 
 859   1947.12686036744 
 860   1894.59132101629 
 861   1875.87281342658 
 862   1854.05414011067 
 863   1846.6252672524 
 864   1821.85306253329 
 865   1787.20362389107 
 866   1745.21275725896 
 867   1704.10378289578 
 868   1681.77604200143 
 869   1674.11595386791 
 870   1627.70322935598 
 871   1547.78237408239 
 872   1484.63845063003 
 873   1420.68261662188 
 874   1374.42350584564 
 875   1346.1898116167 
 876   1320.72090390612 
 877   1304.54518802754 
 878   1288.56863494474 
 879   1288.66240915224 
 880   1311.2243720947 
 881   1327.05826376651 
 882   1346.06713077891 
 883   1350.57772802476 
 884   1347.40729665197 
 885   1376.68211206214 
 886   1410.74619536922 
 887   1447.67262342579 
 888   1497.63897011367 
 889   1569.20193800391 
 890   1680.12788522137 
 891   1842.1521419057 
 892   2039.81680948691 
 893   2258.58877710349 
 894   2509.97931422242 
 895   2758.26896487161 
 896   3013.00855961416 
 897   3275.21729625171 
 898   3497.61016417363 
 899   3684.51696726697 
 900   3766.37522420617 
 901   3774.6349301035 
 902   3798.2225480458 
 903   3702.1922530354 
 904   3526.19112113031 
 905   3312.53438376908 
 906   3057.90097169263 
 907   2794.83079834068 
 908   2531.94716845346 
 909   2310.19415464186 
 910   2139.08006562739 
 911   1977.85710138842 
 912   1879.6726684776 
 913   1840.26139883676 
 914   1835.27012329659 
 915   1858.50814606254 
 916   1901.63855669507 
 917   1963.83790881985 
 918   2033.70861590579 
 919   2096.44287109374 
 920   2147.53089483386 
 921   2177.31219439398 
 922   2207.90003681633 
 923   2237.54842831213 
 924   2230.93377155541 
 925   2208.1259164086 
 926   2183.08838315191 
 927   2151.05833311139 
 928   2101.31193361564 
 929   2037.51272448058 
 930   1983.38784034117 
 931   1929.94520982836 
 932   1865.23165620189 
 933   1815.43739179419 
 934   1816.19971248126 
 935   1801.09788566334 
 936   1756.23658523265 
 937   1737.94122312396 
 938   1740.95078009834 
 939   1741.05679460335 
 940   1723.99366264793 
 941   1695.5927807751 
 942   1666.93628536359 
 943   1620.39457265165 
 944   1566.83645351939 
 945   1521.54088704054 
 946   1481.54222791061 
 947   1434.76371499386 
 948   1389.72752197148 
 949   1360.66881361813 
 950   1351.50886448416 
 951   1349.27671074239 
 952   1336.90331948634 
 953   1341.87671477165 
 954   1365.78681132918 
 955   1380.274300898 
 956   1387.51859867049 
 957   1399.54844305902 
 958   1405.93499140586 
 959   1404.98620808996 
 960   1412.85470856097 
 961   1414.28920205884 
 962   1427.310548774 
 963   1434.96737020392 
 964   1421.65634402795 
 965   1432.21886789814 
 966   1441.64222886869 
 967   1442.25172389281 
 968   1446.40602872341 
 969   1457.28799093477 
 970   1460.77640002308 
 971   1461.09599721408 
 972   1491.66832175486 
 973   1549.59502864727 
 974   1580.98650639143 
 975   1614.47208115432 
 976   1681.58506841204 
 977   1773.30702493497 
 978   1868.72640785831 
 979   1978.73687276477 
 980   2091.38623919834 
 981   2190.73241302931 
 982   2298.79515836061 
 983   2439.74233811141 
 984   2554.61812885842 
 985   2654.57117753158 
 986   2718.26168821175 
 987   2745.29396436147 
 988   2787.93985671561 
 989   2783.11692242445 
 990   2769.3240762623 
 991   2750.10772622856 
 992   2707.74608101988 
 993   2700.20779585299 
 994   2690.65121406897 
 995   2729.56718540411 
 996   2806.03666085419 
 997   2859.10259155784 
 998   2967.03013550781 
 999   3086.53035608895 
 1000   3215.9722261511 
 1001   3354.90870097988 
 1002   3465.1363637372 
 1003   3572.57785943719 
 1004   3686.85979880254 
 1005   3790.26458179833 
 1006   3869.963120969 
 1007   3929.85390097385 
 1008   3950.5447040437 
 1009   3925.53366234248 
 1010   3881.54444005729 
 1011   3838.95528986074 
 1012   3760.1467804777 
 1013   3582.31018403123 
 1014   3378.70848721911 
 1015   3198.85467742762 
 1016   3012.56950092703 
 1017   2806.28725843839 
 1018   2607.40170469801 
 1019   2437.42991836709 
 1020   2274.91413039335 
 1021   2110.34643190734 
 1022   2005.337530139 
 1023   1933.43863292244 
 1024   1855.3808860303 
 1025   1791.63070264483 
 1026   1777.51683094949 
 1027   1763.13108099926 
 1028   1715.93361424002 
 1029   1696.98457464825 
 1030   1727.17467762961 
 1031   1745.89814091277 
 1032   1746.85659147689 
 1033   1751.47075653811 
 1034   1762.6973291046 
 1035   1779.39060401622 
 1036   1806.04884025577 
 1037   1830.88976064758 
 1038   1843.85830558527 
 1039   1840.45979552662 
 1040   1845.75009184334 
 1041   1877.79466021868 
 1042   1879.17885922763 
 1043   1861.29164137445 
 1044   1840.72496772815 
 1045   1831.43325253875 
 1046   1833.83773768432 
 1047   1808.93554197636 
 1048   1800.05131072558 
 1049   1784.08996436369 
 1050   1760.91543133222 
 1051   1774.13567144496 
 1052   1770.67349399011 
 1053   1766.81113651513 
 1054   1757.78298194866 
 1055   1756.62793177344 
 1056   1777.24980533051 
 1057   1760.94741324836 
 1058   1779.47281092633 
 1059   1806.42232620306 
 1060   1798.60301588236 
 1061   1788.39730125078 
 1062   1811.24725899596 
 1063   1832.23087634564 
 1064   1834.65723944365 
 1065   1869.76269481033 
 1066   1943.39956600627 
 1067   1960.63960969778 
 1068   2028.4492150723 
 1069   1986.89277828599 
 1070   2345.55878487584 
 1071   3176.04692611607 
 1072   3270.1649130178 
 1073   3334.77151204519 
 1074   3472.02489814145 
 1075   3603.1661118212 
 1076   3764.09538220063 
 1077   3960.34833688318 
 1078   4292.41010066419 
 1079   3947.95356353089 
 1080   3663.72794064237 
 1081   4050.75455091472 
 1082   4288.88807716851 
 1083   4488.88450499975 
 1084   4667.12105367588 
 1085   4813.91503250203 
 1086   4889.84527858151 
 1087   4879.75660854669 
 1088   4885.8968835453 
 1089   4784.78384232038 
 1090   4620.44354045963 
 1091   4449.52412961635 
 1092   4259.30569944252 
 1093   4057.94187910297 
 1094   3807.29472739595 
 1095   3590.63543603804 
 1096   3391.95685930156 
 1097   3190.01399535964 
 1098   3052.24182700471 
 1099   2907.60586025679 
 1100   2780.41074357581 
 1101   2670.54726482489 
 1102   2570.48931243742 
 1103   2497.26335931814 
 1104   2448.99911820253 
 1105   2429.55335704272 
 1106   2432.08303514168 
 1107   2439.87206962858 
 1108   2441.44773321317 
 1109   2443.27710308035 
 1110   2468.05832863789 
 1111   2542.7443834771 
 1112   2588.13397125681 
 1113   2586.61790646423 
 1114   2604.16761268641 
 1115   2570.95231248155 
 1116   2554.78940424684 
 1117   2555.54469424559 
 1118   2540.92353029328 
 1119   2502.74815964506 
 1120   2444.85094335142 
 1121   2398.67785415018 
 1122   2354.09814740067 
 1123   2323.00635647672 
 1124   2301.34181391985 
 1125   2260.34704603981 
 1126   2226.27642966289 
 1127   2201.03000996926 
 1128   2167.93832056105 
 1129   2146.23065474833 
 1130   2137.93514195036 
 1131   2101.1019730952 
 1132   2090.26247470135 
 1133   2095.01488611196 
 1134   2097.5952768617 
 1135   2093.72533421309 
 1136   2086.62971649908 
 1137   2091.37373388241 
 1138   2105.94257199411 
 1139   2118.93514118299 
 1140   2116.00702495981 
 1141   2110.23496114066 
 1142   2121.9047033 
 1143   2115.64382860787 
 1144   2123.53437439089 
 1145   2134.54445609411 
 1146   2126.71215109256 
 1147   2126.75161989784 
 1148   2172.64509500809 
 1149   2224.28908534567 
 1150   2278.95146454579 
 1151   2352.99356078038 
 1152   2425.09892847403 
 1153   2480.65082795488 
 1154   2563.83541773323 
 1155   2630.16335009437 
 1156   2668.14447098943 
 1157   2668.7582288694 
 1158   2636.11408307406 
 1159   2599.42050583538 
 1160   2563.99600877919 
 1161   2508.6107614517 
 1162   2440.90103754986 
 1163   2384.62782719587 
 1164   2335.29452314606 
 1165   2287.9498962214 
 1166   2290.12059875813 
 1167   2270.52455021006 
 1168   2234.96311610176 
 1169   2233.86062975436 
 1170   2252.22453890604 
 1171   2236.46919257457 
 1172   2225.91277007027 
 1173   2234.61935365251 
 1174   2225.54858320122 
 1175   2215.0830288469 
 1176   2233.0165175154 
 1177   2246.24605342554 
 1178   2253.60823352309 
 1179   2270.99691219006 
 1180   2305.53105322645 
 1181   2336.66354443065 
 1182   2356.39357959076 
 1183   2384.2727480721 
 1184   2402.6769910157 
 1185   2429.62747979786 
 1186   2466.00478886939 
 1187   2504.28018919457 
 1188   2553.75601915444 
 1189   2623.96299177695 
 1190   2698.97546146531 
 1191   2801.20738301954 
 1192   2899.73389618847 
 1193   3007.76503003902 
 1194   3131.38158572376 
 1195   3226.25486642758 
 1196   3335.85511992514 
 1197   3424.43877767183 
 1198   3517.83479966274 
 1199   3608.61543607095 
 1200   3678.64169907909 
 1201   3737.02884527185 
 1202   3745.77825680273 
 1203   3741.27494883964 
 1204   3718.2494452265 
 1205   3677.99904538205 
 1206   3626.31552094685 
 1207   3556.0551629935 
 1208   3477.78602968173 
 1209   3403.08264089561 
 1210   3334.20401668867 
 1211   3320.26496579245 
 1212   3363.78056886889 
 1213   3421.04001899191 
 1214   3501.89674449374 
 1215   3613.71699723481 
 1216   3757.18010311915 
 1217   3924.91239938991 
 1218   4103.04813919256 
 1219   4255.80360813384 
 1220   4355.43934221806 
 1221   4438.84678870867 
 1222   4488.67551943753 
 1223   4495.69339803724 
 1224   4464.18654980118 
 1225   4414.50800096998 
 1226   4358.35608428509 
 1227   4282.04017126249 
 1228   4224.59116958116 
 1229   4163.67937271148 
 1230   4109.65452612425 
 1231   4089.94389175929 
 1232   4097.01311408455 
 1233   4100.27110387552 
 1234   4091.47608984428 
 1235   4100.14176040264 
 1236   4086.45812249706 
 1237   4071.95069002888 
 1238   4076.80913037698 
 1239   4063.57108390525 
 1240   4035.38640534354 
 1241   3978.99354478979 
 1242   3927.79859272173 
 1243   3909.09722508302 
 1244   3930.56511968759 
 1245   3959.99863467042 
 1246   3977.20278035743 
 1247   4047.54037992905 
 1248   4096.72299771709 
 1249   4172.49160659863 
 1250   4284.94550933727 
 1251   4367.62302850045 
 1252   4404.34795387642 
 1253   4455.52080799617 
 1254   4516.93657762474 
 1255   4518.79111696918 
 1256   4543.75521109531 
 1257   4576.43074870267 
 1258   4584.43955124051 
 1259   4631.95984045894 
 1260   4724.02665151141 
 1261   4845.321664196 
 1262   4952.40914780945 
 1263   5081.29576451808 
 1264   5234.73655999483 
 1265   5395.20471533624 
 1266   5559.79280375591 
 1267   5676.91286801176 
 1268   5743.76599177063 
 1269   5741.24462226998 
 1270   5722.33917732531 
 1271   5676.69586998919 
 1272   5557.27466161519 
 1273   5400.80601287187 
 1274   5265.59045434039 
 1275   5154.96543521893 
 1276   5056.23319458442 
 1277   4981.45321343461 
 1278   4938.87283361473 
 1279   4923.23492365323 
 1280   4957.16282360016 
 1281   5065.36662488942 
 1282   5153.34657922726 
 1283   5249.59069099383 
 1284   5436.31524623958 
 1285   5648.13498465865 
 1286   5827.21275252877 
 1287   6048.93387665735 
 1288   6313.95431183315 
 1289   6531.00557433089 
 1290   6752.26018948697 
 1291   6974.26839372433 
 1292   7098.44868604395 
 1293   7155.83782087414 
 1294   7215.53123198982 
 1295   7176.07271153762 
 1296   7077.63883934034 
 1297   6945.60427928108 
 1298   6793.91169513987 
 1299   6598.98631256019 
 1300   6379.37972340813 
 1301   6177.44938125852 
 1302   5990.00766872602 
 1303   5832.92023681632 
 1304   5694.23079760836 
 1305   5591.82840675781 
 1306   5501.72631134739 
 1307   5423.73247373133 
 1308   5382.71212589575 
 1309   5370.557499976 
 1310   5381.65198085087 
 1311   5432.456758856 
 1312   5448.22008393659 
 1313   5443.06061068819 
 1314   5480.89383696767 
 1315   5519.53883084825 
 1316   5517.67663984476 
 1317   5542.06657855235 
 1318   5561.65150882398 
 1319   5561.65851736567 
 1320   5576.86596954653 
 1321   5609.0352268093 
 1322   5606.83285234892 
 1323   5622.60290923486 
 1324   5715.21558142126 
 1325   5774.02354651361 
 1326   5830.23767219101 
 1327   5873.41307994898 
 1328   5946.90652351386 
 1329   6011.67375578244 
 1330   6099.41096315006 
 1331   6147.70767484837 
 1332   6076.30407232001 
 1333   6133.83859999754 
 1334   6217.92599463138 
 1335   6290.56604040465 
 1336   6364.29042854769 
 1337   6434.67809342776 
 1338   6506.08659528412 
 1339   6594.53713503901 
 1340   6669.95520545242 
 1341   6675.24806524943 
 1342   6656.78474161556 
 1343   6645.79052670764 
 1344   6611.64142264789 
 1345   6537.38600899783 
 1346   6482.18693935961 
 1347   6440.14660859816 
 1348   6357.00919220658 
 1349   6306.77302698448 
 1350   6239.65456225924 
 1351   6200.47086088511 
 1352   6185.36480918533 
 1353   6235.75906472175 
 1354   6298.46715190213 
 1355   6340.45048522294 
 1356   6432.91681348271 
 1357   6535.39812293908 
 1358   6644.17602273881 
 1359   6765.50586572214 
 1360   6880.80519236233 
 1361   6989.25196575541 
 1362   7114.23481287661 
 1363   7211.19715572263 
 1364   7257.70876589287 
 1365   7334.10184572553 
 1366   7394.4018206301 
 1367   7405.67722693808 
 1368   7403.91789205463 
 1369   7376.44642938615 
 1370   7337.04560336198 
 1371   7324.35373778595 
 1372   7295.91051416917 
 1373   7202.79021562597 
 1374   7119.35742187507 
 1375   7051.13092814711 
 1376   6979.48494909945 
 1377   6909.83329088498 
 1378   6857.49301656859 
 1379   6827.2564201751 
 1380   6818.769124346 
 1381   6841.56611967512 
 1382   6891.01213424275 
 1383   6946.78923196922 
 1384   7054.26409905157 
 1385   7146.07587083683 
 1386   7270.50319529085 
 1387   7418.15757952369 
 1388   7558.26068519084 
 1389   7689.2518875356 
 1390   7819.90999730637 
 1391   7967.03019433928 
 1392   8100.17811822557 
 1393   8201.57673331666 
 1394   8213.41293435395 
 1395   8199.76277299166 
 1396   8168.53615986144 
 1397   8096.28751628806 
 1398   7960.09013904978 
 1399   7744.77111534047 
 1400   7490.96213378317 
 1401   7223.83435082984 
 1402   6945.830182175 
 1403   6697.36008249598 
 1404   6506.84377693531 
 1405   6329.25282800331 
 1406   6179.07145965798 
 1407   6072.58681486325 
 1408   6006.72295939779 
 1409   6011.32524005401 
 1410   6041.79420580828 
 1411   6051.28927755279 
 1412   6028.21860740852 
 1413   6052.46497047974 
 1414   6139.82878844534 
 1415   6241.99081605238 
 1416   6330.67237578351 
 1417   6414.6152552747 
 1418   6497.79736378101 
 1419   6585.06713474117 
 1420   6712.09982364434 
 1421   6839.52838578357 
 1422   6897.00066501255 
 1423   6930.07599298372 
 1424   6933.93854408335 
 1425   6953.18802404248 
 1426   6972.77019273931 
 1427   6962.18475440019 
 1428   6934.11899319589 
 1429   6835.36154021233 
 1430   6801.51512565423 
 1431   6776.46247581546 
 1432   6765.96965225316 
 1433   6724.67348063265 
 1434   6721.45092852843 
 1435   6736.00134394231 
 1436   6763.02032848929 
 1437   6832.68012962462 
 1438   6899.05420745745 
 1439   6987.25422839993 
 1440   7097.8446874758 
 1441   7274.73830391506 
 1442   7428.22230845481 
 1443   7559.39089443391 
 1444   7671.86289997572 
 1445   7753.23219094859 
 1446   7824.45935451725 
 1447   7850.26636507551 
 1448   7815.21298237394 
 1449   7779.00651730649 
 1450   7660.32641722066 
 1451   7518.29600215701 
 1452   7376.58257558883 
 1453   7274.24038287816 
 1454   7153.63554736848 
 1455   7082.44722060633 
 1456   7059.13770554501 
 1457   7076.03591980494 
 1458   7152.01244966187 
 1459   7246.83927697836 
 1460   7378.36451837278 
 1461   7478.58284770918 
 1462   7606.39219674738 
 1463   7703.96364020167 
 1464   7707.38096373914 
 1465   7647.77264345307 
 1466   7595.08248296718 
 1467   7509.96538662154 
 1468   7360.96582183385 
 1469   7195.60983941654 
 1470   7031.25139336555 
 1471   6883.70430893241 
 1472   6788.27966242553 
 1473   6726.27135824133 
 1474   6624.23393045445 
 1475   6560.54690729012 
 1476   6553.882268699 
 1477   6552.78200208358 
 1478   6489.36309290102 
 1479   6409.47876210006 
 1480   6329.70302820246 
 1481   6221.01590748189 
 1482   6147.3910250987 
 1483   6052.73913163315 
 1484   5937.43635213375 
 1485   5806.87895165208 
 1486   5745.76809708001 
 1487   5670.39941136668 
 1488   5589.94678114595 
 1489   5560.71255336086 
 1490   5519.65707660107 
 1491   5462.10828160494 
 1492   5405.8029586998 
 1493   5323.08045085903 
 1494   5274.29830282908 
 1495   5256.37177895842 
 1496   5260.98431463874 
 1497   5213.38556276044 
 1498   5191.0823010171 
 1499   5189.4467990117 
 1500   5242.74837324617 
 1501   5275.67735050154 
 1502   5253.39520278603 
 1503   5222.21783707682 
 1504   5195.1331606067 
 1505   5190.84025925527 
 1506   5190.83699548235 
 1507   5134.64747263017 
 1508   5110.3343693046 
 1509   5082.73492634801 
 1510   5072.33608387176 
 1511   5089.27790473656 
 1512   5112.65592452307 
 1513   5122.60596304375 
 1514   5102.28563416388 
 1515   5086.89795234882 
 1516   5075.28400930349 
 1517   5074.22605292605 
 1518   5079.46676561871 
 1519   5035.10579397528 
 1520   4994.52033774543 
 1521   4960.30845095562 
 1522   4946.56292247535 
 1523   4931.18509267114 
 1524   4936.92811029323 
 1525   4915.66459356475 
 1526   4889.10405339633 
 1527   4903.5409235132 
 1528   4929.35720753921 
 1529   4931.08293320459 
 1530   4930.77440463922 
 1531   4921.80337507396 
 1532   4900.44308226001 
 1533   4898.64712667895 
 1534   4873.32602322471 
 1535   4842.61946528419 
 1536   4804.87858625937 
 1537   4802.25974793552 
 1538   4812.10649049972 
 1539   4812.83702472037 
 1540   4783.49895276916 
 1541   4777.47511131525 
 1542   4760.52669755419 
 1543   4742.35373021055 
 1544   4729.55730597034 
 1545   4730.89255951918 
 1546   4740.4813181789 
 1547   4723.56592834409 
 1548   4748.61070424929 
 1549   4754.26646936379 
 1550   4753.70648895356 
 1551   4769.82334522649 
 1552   4777.54741633855 
 1553   4734.66081822269 
 1554   4718.20371384197 
 1555   4727.35993711874 
 1556   4739.25997132407 
 1557   4749.55008181128 
 1558   4735.03724442035 
 1559   4704.85495964818 
 1560   4687.04561912738 
 1561   4691.11816125348 
 1562   4684.92503866138 
 1563   4640.05242892193 
 1564   4607.8303762509 
 1565   4591.71830833498 
 1566   4601.22369137771 
 1567   4599.14528197509 
 1568   4575.50364312362 
 1569   4555.24636502787 
 1570   4504.4728855271 
 1571   4447.85968892902 
 1572   4404.86936337335 
 1573   4363.83496790712 
 1574   4328.09121054221 
 1575   4304.28610746352 
 1576   4284.06871948372 
 1577   4290.5959578857 
 1578   4313.59430988569 
 1579   4277.96596223164 
 1580   4226.8792687684 
 1581   4225.73388154791 
 1582   4183.29013584884 
 1583   4158.04505672876 
 1584   4159.62988928515 
 1585   4140.29157241911 
 1586   4175.44626712699 
 1587   4196.92698100659 
 1588   4192.05283395734 
 1589   4204.75515231575 
 1590   4224.23434081888 
 1591   4212.38634959573 
 1592   4198.24632416575 
 1593   4182.6962663358 
 1594   4177.25314139925 
 1595   4184.76476723118 
 1596   4182.73603009458 
 1597   4175.55635130678 
 1598   4169.85833199669 
 1599   4176.46611534489 
 1600   4166.06408877518 
 1601   4157.29465276688 
 1602   4176.16139419163 
 1603   4182.2945187387 
 1604   4179.44119887576 
 1605   4194.34509548056 
 1606   4227.20884833333 
 1607   4265.37756963197 
 1608   4262.80750401641 
 1609   4256.93378684479 
 1610   4256.4035045339 
 1611   4281.68642393151 
 1612   4287.40039302035 
 1613   4271.12139660235 
 1614   4247.52984639954 
 1615   4261.03297100367 
 1616   4294.55381850753 
 1617   4309.13075004731 
 1618   4337.63530158039 
 1619   4346.71005326285 
 1620   4336.318281145 
 1621   4336.95462168595 
 1622   4359.86356701038 
 1623   4360.95121939572 
 1624   4384.75659919741 
 1625   4437.09219015135 
 1626   4506.50340868238 
 1627   4575.8010425425 
 1628   4628.82338954559 
 1629   4678.07006357183 
 1630   4761.66034874925 
 1631   4858.97379676769 
 1632   4954.98795808345 
 1633   5081.8317157792 
 1634   5250.38047087638 
 1635   5410.37271839682 
 1636   5650.00703350152 
 1637   5873.13484300554 
 1638   6044.12176334834 
 1639   6221.44033538773 
 1640   6333.282911271 
 1641   6392.38154993808 
 1642   6410.05328132817 
 1643   6318.45809312511 
 1644   6169.24640169943 
 1645   6026.16144935112 
 1646   5826.25193863927 
 1647   5609.41475623245 
 1648   5406.56170714659 
 1649   5190.60836435876 
 1650   5003.83016559809 
 1651   4844.54703761138 
 1652   4690.95860847007 
 1653   4523.53547870914 
 1654   4374.91497447884 
 1655   4259.36092897538 
 1656   4175.31864912236 
 1657   4106.49830181496 
 1658   4025.82972381169 
 1659   3971.14573123482 
 1660   3963.8661757348 
 1661   3980.94022557885 
 1662   3960.23868962804 
 1663   3918.80986598887 
 1664   3910.14434916521 
 1665   3896.7061299225 
 1666   3883.69723049875 
 1667   3862.73071993161 
 1668   3830.09756298301 
 1669   3807.03461390193 
 1670   3795.86244268117 
 1671   3786.04781447363 
 1672   3783.6106993788 
 1673   3763.45052032547 
 1674   3719.79891452574 
 1675   3714.05634510487 
 1676   3711.08137140923 
 1677   3714.10536030923 
 1678   3706.09356670217 
 1679   3682.067053184 
 1680   3682.84679080867 
 1681   3693.24394092103 
 1682   3687.47084404868 
 1683   3679.16684441369 
 1684   3679.85697069798 
 1685   3665.16148319025 
 1686   3643.04921068306 
 1687   3614.01692302615 
 1688   3589.56801263067 
 1689   3559.07300206427 
 1690   3539.78522624879 
 1691   3507.84289195579 
 1692   3477.13321877297 
 1693   3454.90508776928 
 1694   3426.55798091701 
 1695   3462.07778567825 
 1696   3465.40963270189 
 1697   3448.11263984866 
 1698   3433.87558508437 
 1699   3423.71345240574 
 1700   3424.34449440954 
 1701   3389.55729797336 
 1702   3664.00464921218 
 1703   4080.95689684898 
 1704   4165.06925044439 
 1705   4126.18268401406 
 1706   4122.82591930001 
 1707   4122.04300141556 
 1708   4070.76428437713 
 1709   4168.82934701574 
 1710   3559.58255200598 
 1711   3165.54074305602 
 1712   3209.41776943839 
 1713   3134.66002081304 
 1714   3117.95063766112 
 1715   3100.00168790257 
 1716   3071.7478263176 
 1717   3042.56775432233 
 1718   3011.71833595457 
 1719   3035.62033870767 
 1720   3062.56005354346 
 1721   3032.1863507367 
 1722   3036.24744964589 
 1723   3037.11105523368 
 1724   3008.67744197185 
 1725   3007.28305023762 
 1726   2978.24506280867 
 1727   2943.04079791225 
 1728   2938.47622445336 
 1729   2920.83849962889 
 1730   2916.56364552044 
 1731   2920.27395496981 
 1732   2894.88191145496 
 1733   2890.1969290221 
 1734   2884.89421949362 
 1735   2865.0706002164 
 1736   2851.38900591051 
 1737   2835.33268369461 
 1738   2819.19307837499 
 1739   2812.23862575031 
 1740   2795.87569699549 
 1741   2774.62569850953 
 1742   2777.74222330668 
 1743   2759.39201767819 
 1744   2723.72209322145 
 1745   2709.48120028421 
 1746   2689.4833498601 
 1747   2672.56140399156 
 1748   2664.76949240243 
 1749   2660.682520157 
 1750   2659.77250518662 
 1751   2640.35660591101 
 1752   2622.25650142082 
 1753   2601.43439180695 
 1754   2576.01694035247 
 1755   2565.02916119647 
 1756   2552.60272656842 
 1757   2536.51715336077 
 1758   2540.63945030088 
 1759   2554.65756471852 
 1760   2584.37115653069 
 1761   2577.13342487652 
 1762   2551.55497590394 
 1763   2527.3004686082 
 1764   2486.13376208644 
 1765   2487.24749378577 
 1766   2461.39979151262 
 1767   2423.43061124792 
 1768   2414.18052089001 
 1769   2382.07150416993 
 1770   2371.81301383166 
 1771   2367.50733623076 
 1772   2349.14033471825 
 1773   2342.34448563493 
 1774   2326.10169636484 
 1775   2319.11764279435 
 1776   2343.1262388274 
 1777   2323.52996268018 
 1778   2334.14469781704 
 1779   2333.59641313359 
 1780   2332.61236124959 
 1781   2332.98161383251 
 1782   2331.53668668267 
 1783   2329.85599955307 
 1784   2311.30709530915 
 1785   2279.2071027434 
 1786   2265.5174129993 
 1787   2247.06916216165 
 1788   2241.81046202363 
 1789   2242.08646728161 
 1790   2228.20349697536 
 1791   2225.17789837592 
 1792   2226.45954777784 
 1793   2212.76789491493 
 1794   2187.52465344907 
 1795   2157.15603423945 
 1796   2132.10035903968 
 1797   2111.57853840109 
 1798   2143.274889207 
 1799   2154.42602216078 
 1800   2137.09771144281 
 1801   2159.33572202237 
 1802   2170.53068433244 
 1803   2159.64820362619 
 1804   2163.38649935522 
 1805   2104.48565831381 
 1806   2063.35862945596 
 1807   2068.19659113908 
 1808   2051.0267902642 
 1809   2045.42298232849 
 1810   2033.52300709377 
 1811   2018.76811527003 
 1812   2056.88819605498 
 1813   2077.24838606914 
 1814   2069.19245092733 
 1815   2066.85958671968 
 1816   2054.48062096539 
 1817   2081.88735320789 
 1818   2084.1074513017 
 1819   2068.94631221186 
 1820   2079.20202320375 
 1821   2102.29876145905 
 1822   2089.99329201225 
 1823   2101.09806300989 
 1824   2102.36441345071 
 1825   2095.27370030911 
 1826   2089.77079782257 
 1827   2051.75589951683 
 1828   1990.03434653148 
 1829   1966.44994975817 
 1830   1948.0599530045 
 1831   1925.98623443957 
 1832   1921.94115410087 
 1833   1911.00823588108 
 1834   1908.86601599248 
 1835   1950.75960424933 
 1836   1968.56260021435 
 1837   1953.56381690278 
 1838   1949.78066346069 
 1839   1927.54704397436 
 1840   1922.12567408538 
 1841   1926.71537366604 
 1842   1899.55588279066 
 1843   1886.97350230717 
 1844   1870.76657113802 
 1845   1867.94871784881 
 1846   1844.77942517935 
 1847   1824.92994417195 
 1848   1801.34034575312 
 1849   1797.27539912552 
 1850   1791.97887178248 
 1851   1796.82845705736 
 1852   1800.57109151113 
 1853   1837.96540224503 
 1854   1834.52999872735 
 1855   1846.6400391053 
 1856   1860.03464558884 
 1857   1844.75405644334 
 1858   1867.6893651483 
 1859   1862.15873517149 
 1860   1825.24233671172 
 1861   1858.90922692025 
 1862   1826.92923051401 
 1863   1797.8772730536 
 1864   1825.19379122274 
 1865   1813.09844836282 
 1866   1804.55762875429 
 1867   1816.97457974586 
 1868   1805.90835219842 
 1869   1828.03972599513 
 1870   1851.50282681928 
 1871   1830.94922211484 
 1872   1838.9291217467 
 1873   1876.42305681109 
 1874   1872.74913481115 
 1875   1864.34279235397 
 1876   1845.03382970792 
 1877   1806.58064096231 
 1878   1817.13156528871 
 1879   1795.40649270574 
 1880   1762.84495426417 
 1881   1775.92678031696 
 1882   1753.96818333432 
 1883   1767.55035723897 
 1884   1781.40744901379 
 1885   1773.63656566108 
 1886   1766.74001138022 
 1887   1743.41304236677 
 1888   1728.55967825787 
 1889   1730.41439076366 
 1890   1714.47157796648 
 1891   1669.37100941565 
 1892   1638.05605305868 
 1893   1644.28701812442 
 1894   1651.21521483809 
 1895   1647.57934028201 
 1896   1630.4134619358 
 1897   1624.76202249434 
 1898   1655.97092413693 
 1899   1659.9770980092 
 1900   1633.90819961296 
 1901   1642.86471109715 
 1902   1656.39135081086 
 1903   1672.28534216902 
 1904   1677.89517273501 
 1905   1652.51981482785 
 1906   1654.62801813325 
 1907   1638.98384389876 
 1908   1599.13476475092 
 1909   1610.12438584089 
 1910   1592.03888463222 
 1911   1587.65946396017 
 1912   1582.1446253087 
 1913   1578.52377519148 
 1914   1604.1268305341 
 1915   1574.89435692314 
 1916   1550.81575473875 
 1917   1523.3519114078 
 1918   1494.21844124317 
 1919   1497.18498945527 
 1920   1495.54108202716 
 1921   1470.36564797098 
 1922   1456.17005979019 
 1923   1447.97077680701 
 1924   1452.90651687137 
 1925   1445.1682473433 
 1926   1421.11109597245 
 1927   1398.49117327563 
 1928   1389.89248999652 
 1929   1399.89806213934 
 1930   1400.55807080211 
 1931   1392.45835715163 
 1932   1380.72258662649 
 1933   1367.82749902583 
 1934   1372.54476804497 
 1935   1344.02788872343 
 1936   1363.59171216095 
 1937   1359.69657288526 
 1938   1374.86353468399 
 1939   1370.98783136677 
 1940   1362.4968330576 
 1941   1359.2217578041 
 1942   1368.50169440022 
 1943   1323.5599186347 
 1944   1324.65206191463 
 1945   1302.90994539633 
 1946   1306.73025059772 
 1947   1292.49497406992 
 1948   1242.53060906647 
 1949   1239.42742439663 
 1950   1228.90468153723 
 1951   1231.40693808081 
 1952   1280.38260938146 
 1953   1253.87009414984 
 1954   1290.83155411252 
 1955   1289.56465431759 
 1956   1290.13176321475 
 1957   1282.51162141241 
 1958   1236.22172975021 
 1959   1206.54858800646 
 1960   1216.35666343917 
 1961   1226.49191259972 
 1962   1229.63249452296 
 1963   1231.8395357146 
 1964   1250.75945727874 
 1965   1239.76389907851 
 1966   1238.26714551702 
 1967   1220.87615298202 
 1968   1208.63518963649 
 1969   1180.89384164775 
 1970   1174.24555075806 
 1971   1131.80013476621 
 1972   1140.62666112614 
 1973   1128.94932472832 
 1974   1124.17174607344 
 1975   1145.90007470619 
 1976   1132.77152511307 
 1977   1155.9935262467 
 1978   1162.73928898692 
 1979   1160.94845898511 
 1980   1147.86539562744 
 1981   1130.38066792267 
 1982   1102.46038375749 
 1983   1083.94926571469 
 1984   1069.98663004557 
 1985   1076.37370600951 
 1986   1063.50591339603 
 1987   1061.05906808183 
 1988   1064.09927833379 
 1989   1058.98180693304 
 1990   1066.06475674938 
 1991   1041.24656088006 
 1992   1031.05996789892 
 1993   1030.34721770154 
 1994   1011.5552088145 
 1995   1025.09770830972 
 1996   1011.43081845259 
 1997   1006.21070695513 
 1998   1002.38880206128 
 1999   1002.04511987212 
 2000   1025.39542402745 
 2001   1008.25314977556 
 2002   1014.92197641295 
 2003   1004.40368296564 
 2004   978.590508867324 
 2005   952.412880964658 
 2006   954.753729095994 
 2007   950.310628805338 
 2008   960.089095435659 
 2009   946.00365198086 
 2010   976.646714919565 
 2011   1015.05002493448 
 2012   990.162315426154 
 2013   959.213948179509 
 2014   957.200848463769 
 2015   963.880843150676 
 2016   934.906105761067 
 2017   892.643316744169 
 2018   896.222917105583 
 2019   925.21989566395 
 2020   913.31895796923 
 2021   861.582044092738 
 2022   847.122845278594 
 2023   828.750409335756 
 2024   810.820354973324 
 2025   798.329106688297 
 2026   797.195758009955 
 2027   828.872871231591 
 2028   832.33207720169 
 2029   838.30159487663 
 2030   847.37009544602 
 2031   853.160188258644 
 2032   846.655335462964 
 2033   825.115906376997 
 2034   811.856528698409 
 2035   813.176021421216 
 2036   824.00783771081 
 2037   800.25996097314 
 2038   783.253770742064 
 2039   757.95027432932 
 2040   767.716011689781 
 2041   761.598470257599 
 2042   755.971011966558 
 2043   743.688762357619 
 2044   729.695559163402 
 2045   737.207714419553 
 2046   725.173377276249 
 2047   713.878981724083 
 2048   695.038280181067 
 2049   700.684442105467 
 2050   711.043897651928 
 2051   710.813320162326 
 2052   692.712349038708 
 2053   717.174904769227 
 2054   717.501013282206 
 2055   705.374749523921 
 2056   688.494160985359 
 2057   699.711723209349 
 2058   695.876448894104 
 2059   663.012068861953 
 2060   638.010468828437 
 2061   642.438807817395 
 2062   647.972022490889 
 2063   671.203571131498 
 2064   699.938262584814 
 2065   719.792566512548 
 2066   738.289710608533 
 2067   743.393389956792 
 2068   731.47011124305 
 2069   688.768538536058 
 2070   660.317413927748 
 2071   621.06567273658 
 2072   609.221875467497 
 2073   586.938918935508 
 2074   584.760074440983 
 2075   577.771153079661 
 2076   603.205847732509 
 2077   624.35123036797 
 2078   629.259883807959 
 2079   626.389559540439 
 2080   641.03442892668 
 2081   654.269431311325 
 2082   652.423365758944 
 2083   660.339893199944 
 2084   662.569081021237 
 2085   672.062025722722 
 2086   673.305775138503 
 2087   641.61245767528 
 2088   632.233437811169 
 2089   629.334493128892 
 2090   606.201127371533 
 2091   614.247595887548 
 2092   592.242455178141 
 2093   598.321960716575 
 2094   586.903364947064 
 2095   557.771317096171 
 2096   556.981120484369 
 2097   548.80524199632 
 2098   544.197996013777 
 2099   522.311459320256 
 2100   520.90103719126 
 2101   559.341243456973 
 2102   547.957949010332 
 2103   548.105822906554 
 2104   539.751608102221 
 2105   540.205661517007 
 2106   560.084391435073 
 2107   535.942702629901 
 2108   552.226811463412 
 2109   553.295399116434 
 2110   556.628357232901 
 2111   551.200362837469 
 2112   540.493163236456 
 2113   508.11843497242 
 2114   494.981190018734 
 2115   492.283594601407 
 2116   475.06401495321 
 2117   483.592771542831 
 2118   499.751032335728 
 2119   503.319146089811 
 2120   506.388778801174 
 2121   491.812669539815 
 2122   503.278856129332 
 2123   479.049476640708 
 2124   479.900676118386 
 2125   475.467813106772 
 2126   494.86081019226 
 2127   480.585155530471 
 2128   472.927409901095 
 2129   496.580206919853 
 2130   476.320242087869 
 2131   464.63271320379 
 2132   440.449617816961 
 2133   442.840289911736 
 2134   469.976235298778 
 2135   464.085431926787 
 2136   474.306166006534 
 2137   489.655941460309 
 2138   481.830762581644 
 2139   497.925896172631 
 2140   465.324511444524 
 2141   463.426575082705 
 2142   460.726797020019 
 2143   444.55044875183 
 2144   446.337626422324 
 2145   444.281011365793 
 2146   474.485401461946 
 2147   468.251696099675 
 2148   471.473008345726 
 2149   477.240658749812 
 2150   483.926924357769 
 2151   480.58946267713 
 2152   460.663647204692 
 2153   455.633032088054 
 2154   461.185777061447 
 2155   356.243684086837 
 2156   957.43886931787 
 2157   1745.13394479765 
 2158   1603.56331003233 
 2159   1634.51175551097 
 2160   1630.54851355656 
 2161   1682.13120082256 
 2162   1290.32195972486 
 2163   295.544016248826 
 2164   450.142515790396 
 2165   420.209945692361 
 2166   412.767320078215 
 2167   390.207043425544 
 2168   420.701805299707 
 2169   410.240862362617 
 2170   414.021733537465 
 2171   381.162514537249 
 2172   382.125964701305 
 2173   382.038241922504 
 2174   383.194992060829 
 2175   395.696365629338 
 2176   395.047327297693 
 2177   412.93941758747 
 2178   414.983706901219 
 2179   422.637454623111 
 2180   400.206484372523 
 2181   378.507417533302 
 2182   372.905007326538 
 2183   382.230937620309 
 2184   367.391187113026 
 2185   378.665326601495 
 2186   371.22576658593 
 2187   365.16305335563 
 2188   368.265433797019 
 2189   328.879505742099 
 2190   329.238779635578 
 2191   321.615311726416 
 2192   334.837659381447 
 2193   356.087204532888 
 2194   368.340974062853 
 2195   399.649207910624 
 2196   410.78221228158 
 2197   393.804295535586 
 2198   379.317422444425 
 2199   350.648349323144 
 2200   363.747974781456 
 2201   348.141489942775 
 2202   355.650756962642 
 2203   370.490850454208 
 2204   381.626244037658 
 2205   393.03517511745 
 2206   343.906175494204 
 2207   353.671018182474 
 2208   336.891730768835 
 2209   320.533031427003 
 2210   304.478480738052 
 2211   334.000665705127 
 2212   335.081602443989 
 2213   327.991575450504 
 2214   328.513516464838 
 2215   346.559498342307 
 2216   349.085496209314 
 2217   308.766595533798 
 2218   325.073933283234 
 2219   310.792119266958 
 2220   310.832544317639 
 2221   340.346255512946 
 2222   364.812761147675 
 2223   358.905133789496 
 2224   375.892043530987 
 2225   370.802965681635 
 2226   388.175811205223 
 2227   345.218317849775 
 2228   314.428441844844 
 2229   327.294599782649 
 2230   296.176656777464 
 2231   296.822584230992 
 2232   281.638465907591 
 2233   283.172856649969 
 2234   281.272016752772 
 2235   278.334762430673 
 2236   268.380065536795 
 2237   267.936227956535 
 2238   270.558389988295 
 2239   242.161897981452 
 2240   245.866351490428 
 2241   250.400063402088 
 2242   251.505968068356 
 2243   262.075984737005 
 2244   256.668192075507 
 2245   280.380666437756 
 2246   266.376623884764 
 2247   258.305796568041 
 2248   279.659196570703 
 2249   271.624251180563 
 2250   272.325436642826 
 2251   291.125730161049 
 2252   305.906942978593 
 2253   302.883270629914 
 2254   278.956459564269 
 2255   287.884010581958 
 2256   288.158295430731 
 2257   267.537925574521 
 2258   243.856507875457 
 2259   239.99661619332 
 2260   256.438498210053 
 2261   243.878963217938 
 2262   229.457738211038 
 2263   258.711593000018 
 2264   296.247828254356 
 2265   307.339167304898 
 2266   311.536775172477 
 2267   346.967931683283 
 2268   340.248269690076 
 2269   320.682872328435 
 2270   295.276322094052 
 2271   283.750867072354 
 2272   274.564713655688 
 2273   254.892851079265 
 2274   262.24746479897 
 2275   235.186439947658 
 2276   254.169230864045 
 2277   249.071011086442 
 2278   259.607265097358 
 2279   262.236095448993 
 2280   294.518662054305 
 2281   318.59189392199 
 2282   316.347184531728 
 2283   322.088012001842 
 2284   291.721679106288 
 2285   279.855490566242 
 2286   256.113950477916 
 2287   255.367278537718 
 2288   255.622520044485 
 2289   264.843815468607 
 2290   294.261719902834 
 2291   285.085643369381 
 2292   277.4790090303 
 2293   263.611529751454 
 2294   267.220448938016 
 2295   262.996426566386 
 2296   265.549422246358 
 2297   265.792864039215 
 2298   286.590228917029 
 2299   275.298361102391 
 2300   290.364749779674 
 2301   301.547192350666 
 2302   296.5304989856 
 2303   291.63694124122 
 2304   267.652720227472 
 2305   277.074156387395 
 2306   247.469822381707 
 2307   236.020781495797 
 2308   220.658607615171 
 2309   234.920786742611 
 2310   264.521886199763 
 2311   263.938205073897 
 2312   269.787598867624 
 2313   260.739359398605 
 2314   267.314468242772 
 2315   223.744777164331 
 2316   204.418829397407 
 2317   201.891782065296 
 2318   189.437300609358 
 2319   193.355057344079 
 2320   183.583801779351 
 2321   235.81520832489 
 2322   240.925063398678 
 2323   246.3276513316 
 2324   270.445129567135 
 2325   256.104963775467 
 2326   272.685346379909 
 2327   250.203908484776 
 2328   251.602810287997 
 2329   235.104949169708 
 2330   221.041144078293 
 2331   208.424596166996 
 2332   207.827554398519 
 2333   196.782946536386 
 2334   182.199177082631 
 2335   212.102105491569 
 2336   232.640838134856 
 2337   246.024928584431 
 2338   247.04132121292 
 2339   278.809105520089 
