05-29-2020  12:16:22
Wavenumber (cm-1)  CCD Output
 251   3368.77524066413 
 252   3440.85546005542 
 253   3516.93707215651 
 254   3587.77874487754 
 255   3656.73927716017 
 256   3726.58618471919 
 257   3796.90457940635 
 258   3868.74866975208 
 259   3932.15607545454 
 260   3971.98624708201 
 261   4018.58693360908 
 262   4082.74517865484 
 263   4130.97344754101 
 264   4167.06429656761 
 265   4206.39837668539 
 266   4252.8070357106 
 267   4286.87777680824 
 268   4299.98746190429 
 269   4323.61038022487 
 270   4361.22912908794 
 271   4394.98860063666 
 272   4405.84472166989 
 273   4428.37374499114 
 274   4496.21660333774 
 275   4544.25456459633 
 276   4564.09091670427 
 277   4596.43328556504 
 278   4652.18629628869 
 279   4708.94162429976 
 280   4734.59295315533 
 281   4751.98428180281 
 282   4782.92297885734 
 283   4826.00183178696 
 284   4843.69748870041 
 285   4832.71497470323 
 286   4831.96316400895 
 287   4832.77886598004 
 288   4824.99619282021 
 289   4818.23420368633 
 290   4823.8513113945 
 291   4840.88872014645 
 292   4851.94644540864 
 293   4853.74970193838 
 294   4849.74793705993 
 295   4845.35743280998 
 296   4858.43344621835 
 297   4887.248383919 
 298   4890.55096592759 
 299   4894.56520849104 
 300   4925.9700433999 
 301   4939.64169466867 
 302   4945.5752756729 
 303   4966.71970594596 
 304   4973.86434420585 
 305   4980.18857536358 
 306   5007.52570334123 
 307   5023.22733364856 
 308   5045.78355452072 
 309   5100.99086787746 
 310   5124.36700440855 
 311   5118.96640377071 
 312   5130.62249776888 
 313   5144.10667647203 
 314   5144.63973500694 
 315   5132.50551320761 
 316   5123.81389428519 
 317   5124.80474648124 
 318   5126.75404246027 
 319   5109.82593446242 
 320   5081.14420181214 
 321   5069.58389157186 
 322   5082.82581473451 
 323   5122.92637670921 
 324   5182.79665602126 
 325   5221.97850954697 
 326   5249.70682351962 
 327   5312.46073472207 
 328   5360.48864202617 
 329   5390.04198776584 
 330   5457.12022757573 
 331   5532.79851352738 
 332   5588.94860877025 
 333   5628.4844880463 
 334   5662.55609260346 
 335   5692.79053962564 
 336   5720.71969311918 
 337   5806.8430717845 
 338   5826.86556871892 
 339   5539.03466515232 
 340   5329.30982544386 
 341   5374.25725499329 
 342   5396.95645217984 
 343   5393.94538232619 
 344   5418.42251657624 
 345   5468.38291648612 
 346   5524.85388421816 
 347   5553.04709830857 
 348   5551.84916305637 
 349   5765.37765069055 
 350   6140.57973731702 
 351   6252.11329849285 
 352   6261.76360505091 
 353   6342.63686152955 
 354   6425.22599759725 
 355   6470.05175278031 
 356   6495.8215349301 
 357   6558.43918032876 
 358   6623.86243199656 
 359   6657.95981804893 
 360   6670.25017174036 
 361   6695.81045247121 
 362   6736.99932905745 
 363   6754.23392291779 
 364   6747.72925396761 
 365   6738.97672943226 
 366   6750.45510642395 
 367   6764.00204711457 
 368   6762.85342276038 
 369   6755.69560014742 
 370   6791.40288048993 
 371   6872.47152847435 
 372   6947.15862366218 
 373   7018.56705407691 
 374   7112.61864167392 
 375   7251.32120311342 
 376   7410.85976804726 
 377   7567.29196791627 
 378   7717.7451134736 
 379   7891.29627177344 
 380   8100.84694466072 
 381   8328.67756216279 
 382   8534.67738845428 
 383   8721.81586284943 
 384   8918.92898085609 
 385   9085.61325361625 
 386   9212.17720698332 
 387   9326.43141481586 
 388   9440.7749768978 
 389   9542.63369053826 
 390   9607.61408520481 
 391   9631.09338597986 
 392   9626.70771766837 
 393   9614.90231865605 
 394   9603.2026908097 
 395   9588.6011038977 
 396   9570.01873159243 
 397   9564.38426707727 
 398   9563.30517475688 
 399   9547.27391897517 
 400   9515.46526309133 
 401   9477.8522616917 
 402   9448.8529785346 
 403   9440.89295595768 
 404   9455.82364947901 
 405   9498.27162944043 
 406   9586.15286834905 
 407   9714.40929092277 
 408   9890.89432716544 
 409   10160.6047929236 
 410   10525.8513954956 
 411   10957.5026639813 
 412   11414.2008295079 
 413   11884.2433932966 
 414   12350.7937828924 
 415   12779.1227516691 
 416   13162.4447645418 
 417   13412.9986452883 
 418   13409.298746645 
 419   13381.6992032809 
 420   13342.4584769798 
 421   13046.4147706338 
 422   12612.6078332747 
 423   12116.2905003724 
 424   11527.850909939 
 425   10913.5187369969 
 426   10318.2012366592 
 427   9755.39008646922 
 428   9249.66065729158 
 429   8801.08857511405 
 430   8393.42827905828 
 431   8022.71879743001 
 432   7739.93057808725 
 433   7575.95385221059 
 434   7455.50764286343 
 435   7355.74012539326 
 436   7285.12686391734 
 437   7238.34713389165 
 438   7159.26709141214 
 439   7048.48416317418 
 440   7008.63432635178 
 441   7033.35088576147 
 442   7069.93667995401 
 443   7076.35245557898 
 444   7075.95436536765 
 445   7077.86329906893 
 446   7060.96341215579 
 447   7033.65559490974 
 448   7042.96033707196 
 449   7119.17707963655 
 450   7156.30240588623 
 451   7148.41816710546 
 452   7159.19587443275 
 453   7179.47721675375 
 454   7186.55212070135 
 455   7180.9320263835 
 456   7207.8528942789 
 457   7261.2517647743 
 458   7317.1344512973 
 459   7374.58079398537 
 460   7455.27892897515 
 461   7556.15805411187 
 462   7640.19134496116 
 463   7733.8714547043 
 464   7840.29711463685 
 465   7924.59531731217 
 466   8005.01978028226 
 467   8076.06926514374 
 468   8116.12217737297 
 469   8159.17539003077 
 470   8184.33951045896 
 471   8156.63403701406 
 472   8122.91733904007 
 473   8089.66021620008 
 474   8047.38463715882 
 475   8011.98874686332 
 476   7967.91269614605 
 477   7908.34337057841 
 478   7857.00434476681 
 479   7798.37094539365 
 480   7722.6173769692 
 481   7642.74978337214 
 482   7563.57679751036 
 483   7490.56957610548 
 484   7429.9282469093 
 485   7380.35089983974 
 486   7339.8690059459 
 487   7306.08086218899 
 488   7274.70652323485 
 489   7248.31175370447 
 490   7237.10609800966 
 491   7254.1253368514 
 492   7286.31722834268 
 493   7316.91171376802 
 494   7336.04542622695 
 495   7316.36742126758 
 496   7276.30557143109 
 497   7267.43822639352 
 498   7261.10899580046 
 499   7242.50595968186 
 500   7223.93188922671 
 501   7216.18185288673 
 502   7212.27862320079 
 503   7197.46434556598 
 504   7167.14525523494 
 505   7148.55053594732 
 506   7153.00110207825 
 507   7154.24560929099 
 508   7159.7586961404 
 509   7181.94931839567 
 510   7215.19085297346 
 511   7219.96210717679 
 512   7205.43310640232 
 513   7210.12308884948 
 514   7229.00711890157 
 515   7263.01316504427 
 516   7308.03833274443 
 517   7339.72119047401 
 518   7364.37879966069 
 519   7371.78754011345 
 520   7336.41407267647 
 521   7358.61265796592 
 522   7442.43555818621 
 523   7503.20812474444 
 524   7606.80924399293 
 525   7751.18712885126 
 526   7899.04714401805 
 527   8091.31293540684 
 528   8288.40892330244 
 529   8475.78467292321 
 530   8726.12276002487 
 531   8935.45622135866 
 532   9062.632742971 
 533   9183.98372077992 
 534   9248.65163648023 
 535   9226.93551841482 
 536   9139.20198941309 
 537   9018.01257689092 
 538   8882.4276773041 
 539   8738.0169246541 
 540   8584.25714837043 
 541   8434.21386272802 
 542   8302.0031821603 
 543   8190.52385401194 
 544   8082.23668459061 
 545   7995.71584510212 
 546   7964.39421049564 
 547   7962.98824648145 
 548   7967.28946711386 
 549   7971.11094036099 
 550   7984.81117085967 
 551   7993.65496223149 
 552   8002.22051917386 
 553   8041.73168196884 
 554   8093.73576970235 
 555   8132.34636081177 
 556   8148.64662733051 
 557   8164.47848575594 
 558   8201.34536780375 
 559   8254.0563425001 
 560   8284.79908885128 
 561   8311.8000121198 
 562   8341.56414779756 
 563   8345.18566790298 
 564   8321.18367976577 
 565   8299.38893478654 
 566   8301.09790241451 
 567   8283.84796348647 
 568   8249.75268990991 
 569   8221.21150613755 
 570   8204.49623230875 
 571   8197.12148545836 
 572   8199.23019381318 
 573   8218.68952194863 
 574   8269.37632919289 
 575   8346.06281717744 
 576   8455.38336580439 
 577   8647.28609098371 
 578   8886.14122813567 
 579   9133.23889187791 
 580   9397.41535237648 
 581   9666.65273665879 
 582   9929.09584041959 
 583   10192.1495029557 
 584   10484.4750319224 
 585   10703.4544521008 
 586   10806.0648158581 
 587   10934.7718420893 
 588   10984.8972059444 
 589   10909.1663241811 
 590   10801.4086707004 
 591   10675.8043812021 
 592   10513.6899673069 
 593   10302.4696318307 
 594   10064.4787420138 
 595   9839.57350392317 
 596   9629.25820181804 
 597   9401.47588965209 
 598   9210.07539555267 
 599   9055.59681125137 
 600   8897.09783312941 
 601   8741.37543129397 
 602   8607.08452508773 
 603   8509.48647220358 
 604   8448.06809701428 
 605   8389.4926070471 
 606   8336.67023881905 
 607   8310.73988084709 
 608   8276.62895580978 
 609   8247.62673128903 
 610   8235.71144198786 
 611   8214.76473326187 
 612   8236.00515595955 
 613   8269.41275629774 
 614   8234.76820525683 
 615   8208.19165895585 
 616   8200.83684911495 
 617   8198.12542821267 
 618   8228.28918964229 
 619   8263.72815167381 
 620   8293.31470744669 
 621   8324.91870621377 
 622   8312.92671165976 
 623   8296.6451263791 
 624   8328.12683340831 
 625   8373.90633125234 
 626   8388.38375004071 
 627   8377.55096784843 
 628   8386.83546697747 
 629   8411.1356686985 
 630   8441.88950614283 
 631   8488.6416127834 
 632   8581.26895465271 
 633   8726.68664398161 
 634   8895.83289930622 
 635   9058.14801928442 
 636   9257.09653512451 
 637   9468.52466781501 
 638   9650.90856409268 
 639   9821.69763515576 
 640   10011.5382325345 
 641   10181.7458247377 
 642   10260.6765232909 
 643   10282.6154764814 
 644   10247.3817811441 
 645   10166.2863135024 
 646   10101.4388630547 
 647   10033.0179524269 
 648   9979.54046949906 
 649   9988.18559167649 
 650   10032.2314565868 
 651   10156.7550429813 
 652   10409.0556949784 
 653   10779.5040615849 
 654   11274.7251727846 
 655   11937.4005822392 
 656   12809.0049169209 
 657   13857.4058242437 
 658   14947.4450893714 
 659   16029.4659782145 
 660   17174.122040956 
 661   18300.86006394 
 662   19336.0649799231 
 663   20235.982906808 
 664   20959.4821681404 
 665   21501.2413798683 
 666   21735.577934486 
 667   21573.1621000705 
 668   21421.0561335129 
 669   21176.9108885998 
 670   20620.3757422472 
 671   19911.0427883387 
 672   19163.5216866894 
 673   18408.7916679061 
 674   17643.3156022635 
 675   16901.9617865573 
 676   16193.0970222294 
 677   15517.3785208586 
 678   14879.3307090092 
 679   14265.3975081105 
 680   13727.8581438827 
 681   13304.1659884075 
 682   12919.8192960969 
 683   12554.6924755599 
 684   12280.8437480945 
 685   12153.9966849921 
 686   12018.7845850126 
 687   11926.4127746702 
 688   11945.8433424921 
 689   11995.5909558291 
 690   12044.5496454655 
 691   12069.4098573708 
 692   12065.0787979952 
 693   12057.896141316 
 694   11957.8911424647 
 695   11743.5460787634 
 696   11488.4710745493 
 697   11186.8933605572 
 698   10842.4268038511 
 699   10491.7926161326 
 700   10185.4221652135 
 701   9913.62691469798 
 702   9660.39772816707 
 703   9434.6159616752 
 704   9271.97761080408 
 705   9163.73699345961 
 706   9093.95745790839 
 707   9065.97463985493 
 708   9097.16733464552 
 709   9139.08576834044 
 710   9149.48222101878 
 711   9146.65807327116 
 712   9154.89064177926 
 713   9140.73809071151 
 714   9125.51453384558 
 715   9200.21436175984 
 716   8932.69081008939 
 717   8516.24667593643 
 718   8491.6897857048 
 719   8483.97287398955 
 720   8418.68949328958 
 721   8376.29110771865 
 722   8375.08675786394 
 723   8406.47237539122 
 724   8358.49502455974 
 725   8374.3693565155 
 726   8825.08638663652 
 727   9054.65853069788 
 728   8995.55810074536 
 729   9021.04930031536 
 730   9069.80596628489 
 731   9100.91376540736 
 732   9108.54429582303 
 733   9106.91115146116 
 734   9132.06129521783 
 735   9165.39014925704 
 736   9174.00893591475 
 737   9154.24247535535 
 738   9145.61497762115 
 739   9162.55899596224 
 740   9182.47025465805 
 741   9177.53068670952 
 742   9195.80315440106 
 743   9216.01280178739 
 744   9200.07946402569 
 745   9188.96788201187 
 746   9214.22043704528 
 747   9243.33300001367 
 748   9236.15923975649 
 749   9234.675472966 
 750   9240.44932058115 
 751   9248.96703810195 
 752   9259.19464990134 
 753   9250.89005134361 
 754   9262.67289208352 
 755   9295.56734714365 
 756   9308.5737263549 
 757   9361.19912458064 
 758   9404.65198061594 
 759   9402.98171423249 
 760   9414.58140472382 
 761   9423.23061372321 
 762   9426.93132848132 
 763   9431.41484637239 
 764   9428.08693192434 
 765   9437.58101653573 
 766   9447.12218993546 
 767   9448.74493378184 
 768   9481.27819235899 
 769   9502.56132502674 
 770   9539.00731987388 
 771   9617.68777208376 
 772   9631.21741156706 
 773   9623.11715587746 
 774   9661.64482192223 
 775   9738.2038669079 
 776   9765.39513896834 
 777   9782.04926224639 
 778   9840.21350337672 
 779   9926.78659285662 
 780   9987.07378549168 
 781   10058.5668408027 
 782   10182.0528947178 
 783   10322.0731299782 
 784   10381.1522219481 
 785   10443.4087199386 
 786   10563.635757974 
 787   10669.6765155928 
 788   10756.5179937613 
 789   10850.9122074114 
 790   10953.8474761799 
 791   11034.1780625864 
 792   11100.6192416891 
 793   11163.6830310759 
 794   11228.6452788655 
 795   11288.5474164756 
 796   11308.3518304659 
 797   11330.8616497581 
 798   11355.6450034825 
 799   11305.0011007353 
 800   11279.5820325392 
 801   11272.4665806634 
 802   11240.5968623604 
 803   11216.9271131234 
 804   11215.3488527734 
 805   11228.5847423369 
 806   11225.7761788903 
 807   11193.510552509 
 808   11247.5424341377 
 809   11336.5570190209 
 810   11409.9253279686 
 811   11558.1552524894 
 812   11700.8508912705 
 813   11831.7076972753 
 814   12023.487257326 
 815   12332.646081347 
 816   12735.8063550065 
 817   13220.2163190594 
 818   13754.6191747204 
 819   14297.4191664297 
 820   14953.6057926956 
 821   15658.3932400653 
 822   16332.5673886301 
 823   17023.1964760182 
 824   17663.3527204914 
 825   18219.3715170021 
 826   18636.4049480999 
 827   18836.6776577664 
 828   18925.1926307484 
 829   18904.3600274404 
 830   18818.5791584658 
 831   18758.6641447428 
 832   18479.1848467346 
 833   18041.9741517638 
 834   17575.9534772808 
 835   17062.8877039653 
 836   16546.5259786871 
 837   16059.7070373429 
 838   15580.40290054 
 839   15067.0102081971 
 840   14561.9601554465 
 841   14126.25793032 
 842   13749.2222847743 
 843   13354.6471071325 
 844   12917.9384887236 
 845   12540.7232354082 
 846   12241.4603555471 
 847   11950.8529450793 
 848   11692.9815410684 
 849   11487.4984063594 
 850   11287.9448822835 
 851   11057.9791548747 
 852   10879.4406677023 
 853   10789.5532461733 
 854   10708.0511806364 
 855   10574.4452081922 
 856   10473.258016134 
 857   10371.6007210168 
 858   10271.6501282852 
 859   10198.6669966966 
 860   10141.6164590906 
 861   10114.4285104673 
 862   10099.623516228 
 863   10079.6549781407 
 864   10076.1510102978 
 865   10128.5918932007 
 866   10217.3217051765 
 867   10306.158404229 
 868   10396.3528035958 
 869   10525.3114738182 
 870   10631.6598984258 
 871   10718.3043876521 
 872   10836.7549273041 
 873   10919.6207795313 
 874   11000.9267579979 
 875   11076.7104911587 
 876   11105.8760690688 
 877   11108.7348681976 
 878   11118.862375857 
 879   11139.0341092339 
 880   11167.3787566114 
 881   11226.3937371908 
 882   11318.3230568591 
 883   11377.0040826686 
 884   11433.4146837274 
 885   11614.8829929772 
 886   11845.7932379133 
 887   12076.7720322619 
 888   12325.679474509 
 889   12598.6068572647 
 890   12819.4288021036 
 891   13079.7895313227 
 892   13388.7535428507 
 893   13666.3398716107 
 894   13898.8394384461 
 895   14101.0913797098 
 896   14283.1425795604 
 897   14435.6292516958 
 898   14551.314717115 
 899   14671.5794637897 
 900   14714.5162005883 
 901   14670.6716793345 
 902   14613.8042744794 
 903   14469.7222677278 
 904   14340.6971123719 
 905   14188.6507746228 
 906   13926.7667447298 
 907   13686.6820038762 
 908   13426.3105475721 
 909   13158.0991079637 
 910   12905.17513715 
 911   12627.3030070309 
 912   12363.3705895789 
 913   12130.2834261574 
 914   11909.2086072807 
 915   11672.2205115442 
 916   11424.0838202006 
 917   11239.8465833664 
 918   11085.5923700889 
 919   10916.8720703125 
 920   10807.021966925 
 921   10671.2173421067 
 922   10562.1043232839 
 923   10516.6140554481 
 924   10472.5724073832 
 925   10490.8805553692 
 926   10490.3556729679 
 927   10470.0602300578 
 928   10483.939321406 
 929   10462.132941557 
 930   10476.2316891041 
 931   10496.6018925901 
 932   10468.1991109415 
 933   10437.0318219977 
 934   10443.7166837587 
 935   10418.9873366558 
 936   10362.4843840026 
 937   10334.6585258148 
 938   10291.1411482501 
 939   10228.9819520225 
 940   10141.5345495184 
 941   10049.3896596579 
 942   9985.47348169429 
 943   9857.99288886302 
 944   9745.50302329772 
 945   9683.56604149374 
 946   9612.13999418611 
 947   9548.62886808225 
 948   9493.34656922047 
 949   9457.58149396883 
 950   9427.61822179247 
 951   9361.10252023508 
 952   9292.79807164474 
 953   9261.31959094279 
 954   9235.23624173943 
 955   9179.35181714648 
 956   9152.84343424475 
 957   9133.08524585135 
 958   9108.64922851099 
 959   9096.4293134761 
 960   9110.80039402079 
 961   9139.67864037046 
 962   9137.94246636897 
 963   9107.71644932887 
 964   9087.21006163808 
 965   9081.4746971783 
 966   9068.921820087 
 967   9058.11481909345 
 968   9070.57304097719 
 969   9093.34181462226 
 970   9072.06301974198 
 971   9059.47441347419 
 972   9090.92388731936 
 973   9128.09539989526 
 974   9123.04094753353 
 975   9134.29370693803 
 976   9138.95719512636 
 977   9127.85610190784 
 978   9147.83240529898 
 979   9222.11240478035 
 980   9292.39804224896 
 981   9350.94629362315 
 982   9456.7368660753 
 983   9637.50576327928 
 984   9806.90464600756 
 985   10032.9272783107 
 986   10295.8110356853 
 987   10546.7464350997 
 988   10840.9588600226 
 989   11187.1623840238 
 990   11506.5607127434 
 991   11806.2129269077 
 992   12121.9614101434 
 993   12380.5451852878 
 994   12613.4634041164 
 995   12864.0981025454 
 996   13078.1475593055 
 997   13194.0633245978 
 998   13316.6127682299 
 999   13470.9405247092 
 1000   13640.8369743395 
 1001   13821.9538957151 
 1002   14000.7612297624 
 1003   14107.2483210331 
 1004   14198.8453643447 
 1005   14298.2193829516 
 1006   14356.4994927641 
 1007   14324.6860453175 
 1008   14202.6235171093 
 1009   14030.8390801991 
 1010   13778.6021894845 
 1011   13453.6345065158 
 1012   13161.9759399852 
 1013   12785.6527733256 
 1014   12424.6512139831 
 1015   12126.7172260066 
 1016   11832.3576704653 
 1017   11571.3656964658 
 1018   11328.9712923152 
 1019   11149.714320025 
 1020   11012.3865650356 
 1021   10871.7460584985 
 1022   10806.2326421487 
 1023   10760.9746501452 
 1024   10709.444020193 
 1025   10678.7257055946 
 1026   10685.2051298548 
 1027   10690.1626128923 
 1028   10665.9190824421 
 1029   10628.6698557433 
 1030   10600.9069351406 
 1031   10581.5342987192 
 1032   10559.0162429112 
 1033   10523.4572109495 
 1034   10486.5125970733 
 1035   10444.0826683867 
 1036   10383.3407158066 
 1037   10342.5514071021 
 1038   10329.7720306803 
 1039   10298.1004315211 
 1040   10217.9061079003 
 1041   10126.7317826961 
 1042   10077.8606381177 
 1043   10034.736707673 
 1044   9881.15837692735 
 1045   9973.45249242196 
 1046   10551.8979534393 
 1047   10556.9557147799 
 1048   10464.8199714365 
 1049   10469.3747286372 
 1050   10442.340266745 
 1051   10421.6809046626 
 1052   10384.5844812881 
 1053   10487.9327952991 
 1054   10174.5415119768 
 1055   9659.95672594461 
 1056   9756.4574129605 
 1057   9799.42688846344 
 1058   9869.16644386648 
 1059   9995.91306284727 
 1060   10075.5658500575 
 1061   10145.8991493308 
 1062   10367.0746178745 
 1063   10667.4394104731 
 1064   11026.1725792491 
 1065   11441.4958372798 
 1066   11880.3813675213 
 1067   12340.5450281262 
 1068   12849.7709406521 
 1069   13325.0792443684 
 1070   14147.1662589756 
 1071   15210.9280721581 
 1072   15441.4867243279 
 1073   15522.5116455889 
 1074   15566.0436949755 
 1075   15468.8792691797 
 1076   15259.0815744248 
 1077   14858.6256711664 
 1078   14092.2450625093 
 1079   13355.1537519029 
 1080   12773.3181346766 
 1081   12239.8211234613 
 1082   11766.1054974914 
 1083   11334.5147318425 
 1084   10966.0510492439 
 1085   10605.4197940564 
 1086   10271.5371878686 
 1087   10037.0362818343 
 1088   9832.69631422886 
 1089   9691.72030012019 
 1090   9565.77858632461 
 1091   9431.03437031624 
 1092   9321.96944910536 
 1093   9233.17611258149 
 1094   9132.20702913587 
 1095   9066.19746511154 
 1096   9029.91759048302 
 1097   8986.64901117885 
 1098   8948.01405922692 
 1099   8924.37280405806 
 1100   8909.97366123822 
 1101   8915.43921915063 
 1102   8926.48506271665 
 1103   8926.26616018344 
 1104   8956.68512966898 
 1105   8994.12936148567 
 1106   9074.55133315945 
 1107   9175.37175698513 
 1108   9299.02393193095 
 1109   9530.78162345451 
 1110   9747.1743250465 
 1111   10062.3097233161 
 1112   10452.6149195851 
 1113   10837.4891488306 
 1114   11226.6836354542 
 1115   11570.3810124326 
 1116   11926.7956750735 
 1117   12253.1050369758 
 1118   12427.9669814416 
 1119   12478.5161047327 
 1120   12549.4841898894 
 1121   12426.8120456994 
 1122   12183.6971764071 
 1123   11878.9247315921 
 1124   11510.8233892084 
 1125   11103.3193346725 
 1126   10638.8166208977 
 1127   10181.6518345145 
 1128   9754.02005657378 
 1129   9401.95580620534 
 1130   9110.11700433108 
 1131   8796.38163969831 
 1132   8623.28263750674 
 1133   8475.99093896415 
 1134   8340.78774631713 
 1135   8266.76550969576 
 1136   8212.67178331249 
 1137   8143.14076778452 
 1138   8091.0064993427 
 1139   8105.09543683392 
 1140   8102.20284867018 
 1141   8045.65038258812 
 1142   8033.09355553188 
 1143   8019.64519416262 
 1144   8034.66433042998 
 1145   8091.15045959993 
 1146   8125.153528667 
 1147   8113.28928521191 
 1148   8135.41398218723 
 1149   8165.48635434177 
 1150   8202.20648464672 
 1151   8250.47569536979 
 1152   8276.30707164666 
 1153   8259.68650702527 
 1154   8249.90887056048 
 1155   8234.55732642133 
 1156   8228.99017001034 
 1157   8204.55908808226 
 1158   8138.01959201273 
 1159   8067.26088279485 
 1160   8022.13532202512 
 1161   7987.99266225951 
 1162   7940.44809488196 
 1163   7916.08325583666 
 1164   7915.04996702386 
 1165   7889.51686610951 
 1166   7911.48952893741 
 1167   7962.56260611448 
 1168   8009.03597157125 
 1169   8052.96069780197 
 1170   8089.92437807193 
 1171   8109.99550510809 
 1172   8168.34226226967 
 1173   8219.0383703067 
 1174   8252.96696013105 
 1175   8276.56377190008 
 1176   8282.11766796543 
 1177   8267.21540042108 
 1178   8236.86101372304 
 1179   8224.79271290359 
 1180   8209.72068199865 
 1181   8190.71593503844 
 1182   8181.47654402205 
 1183   8168.24485116962 
 1184   8173.9983422017 
 1185   8160.46078242569 
 1186   8152.89587396005 
 1187   8170.58754378819 
 1188   8163.43646300204 
 1189   8097.47071725056 
 1190   8044.32449949754 
 1191   7980.52310917221 
 1192   7908.40569788707 
 1193   7856.60857259097 
 1194   7808.38359566784 
 1195   7721.04608435681 
 1196   7637.75724623819 
 1197   7626.95311737416 
 1198   7610.31754683986 
 1199   7590.41533506727 
 1200   7593.96873481343 
 1201   7577.93514865461 
 1202   7589.97892644226 
 1203   7621.55141417729 
 1204   7663.74571942301 
 1205   7676.765568679 
 1206   7658.02604061955 
 1207   7664.49403826816 
 1208   7703.54398237352 
 1209   7714.61154886973 
 1210   7672.35074652802 
 1211   7643.78167626616 
 1212   7651.55304888273 
 1213   7655.76851352188 
 1214   7667.35227304435 
 1215   7691.63812843486 
 1216   7686.61098482802 
 1217   7690.46137671539 
 1218   7755.02916276784 
 1219   7840.1413664657 
 1220   7880.4527297739 
 1221   7927.17456855043 
 1222   7985.35058704051 
 1223   8094.92683891617 
 1224   8241.83548609808 
 1225   8389.22737645889 
 1226   8526.56443853964 
 1227   8642.85642373836 
 1228   8777.99569852399 
 1229   8890.68374969728 
 1230   8997.85841254724 
 1231   9079.85022594366 
 1232   9090.34678665839 
 1233   9068.35917776324 
 1234   9040.28247665214 
 1235   8980.55064724878 
 1236   8877.16391758317 
 1237   8771.36357639549 
 1238   8680.75271265647 
 1239   8589.13785652497 
 1240   8515.41579079843 
 1241   8435.91601287317 
 1242   8364.18203384378 
 1243   8315.61172628013 
 1244   8311.87549075638 
 1245   8323.69226201599 
 1246   8299.05496448847 
 1247   8292.65048376796 
 1248   8251.55224901856 
 1249   8237.94186049854 
 1250   8254.08878656301 
 1251   8277.10432346706 
 1252   8298.65392635638 
 1253   8297.5615611455 
 1254   8340.44804937983 
 1255   8350.99259328964 
 1256   8402.69060165931 
 1257   8442.26571052482 
 1258   8430.74664873033 
 1259   8439.4026376665 
 1260   8428.74289098088 
 1261   8452.95718641181 
 1262   8455.96171755379 
 1263   8467.31628607295 
 1264   8498.40451769751 
 1265   8552.04054823776 
 1266   8636.39697449247 
 1267   8689.34915493137 
 1268   8769.35145172337 
 1269   8817.76224905113 
 1270   8901.44299643883 
 1271   8988.68336268223 
 1272   8994.28617878555 
 1273   8963.7074658214 
 1274   8941.98053175799 
 1275   8947.36479324794 
 1276   8915.48122026025 
 1277   8890.33084238322 
 1278   8856.89791776935 
 1279   8808.99965040797 
 1280   8828.94113355422 
 1281   8884.51213387676 
 1282   8928.1868544428 
 1283   8959.77209982367 
 1284   9013.77823778599 
 1285   9067.41203967516 
 1286   9113.7274051375 
 1287   9198.64379710457 
 1288   9293.25575381401 
 1289   9342.3374255857 
 1290   9440.78268458046 
 1291   9532.95701692299 
 1292   9620.03878412608 
 1293   9742.35364334664 
 1294   9853.04870787112 
 1295   9922.82550666156 
 1296   9999.48382049959 
 1297   10117.0877470648 
 1298   10216.2500475939 
 1299   10295.9391632206 
 1300   10386.0392218342 
 1301   10457.7120963459 
 1302   10505.6092454309 
 1303   10605.2784247202 
 1304   10658.5995349931 
 1305   10688.6783382497 
 1306   10694.6805277939 
 1307   10692.7249727546 
 1308   10687.0179347315 
 1309   10660.9342745518 
 1310   10662.0147807027 
 1311   10631.7898275848 
 1312   10569.014400453 
 1313   10485.8989087435 
 1314   10397.9141077927 
 1315   10301.539328066 
 1316   10201.4687282824 
 1317   10132.9013640323 
 1318   10082.3420376509 
 1319   10013.3766835806 
 1320   9955.02941957926 
 1321   9918.60170359533 
 1322   9893.17706896972 
 1323   9879.46888929924 
 1324   9871.31727981793 
 1325   9842.61551352349 
 1326   9798.7629114797 
 1327   9744.00468779306 
 1328   9697.54646058746 
 1329   9673.08940524742 
 1330   9692.05859471956 
 1331   9663.16842968027 
 1332   9540.17422011496 
 1333   9533.64931439343 
 1334   9552.89856587229 
 1335   9575.77012505952 
 1336   9619.56631008886 
 1337   9664.63174610785 
 1338   9642.49302534835 
 1339   9670.57967949616 
 1340   9858.60365105676 
 1341   9948.2402716254 
 1342   10125.7332257414 
 1343   10489.3432072841 
 1344   10913.9634328134 
 1345   11327.0717425998 
 1346   11783.5056788126 
 1347   12285.9140879471 
 1348   12780.5362910204 
 1349   13294.1333606444 
 1350   13725.800761858 
 1351   13936.7611290184 
 1352   13997.2291768655 
 1353   14023.1095120005 
 1354   14004.9775520605 
 1355   13949.8898935097 
 1356   13899.4622378818 
 1357   13768.8202896469 
 1358   13583.973606148 
 1359   13481.1017493048 
 1360   13404.7909890519 
 1361   13341.467192397 
 1362   13274.2917333562 
 1363   13095.7523676252 
 1364   12843.7983338607 
 1365   12687.7504743388 
 1366   12494.0803291046 
 1367   12241.7301186105 
 1368   12037.880320489 
 1369   11825.4288065608 
 1370   11644.879158029 
 1371   11550.5278539153 
 1372   11467.087401235 
 1373   11362.6850535246 
 1374   11299.04296875 
 1375   11251.2724875987 
 1376   11244.4664565767 
 1377   11265.7114651634 
 1378   11333.3270412111 
 1379   11430.1062056211 
 1380   11529.9380690134 
 1381   11689.0402223641 
 1382   11946.8694619892 
 1383   12231.0555294654 
 1384   12577.6470589969 
 1385   12984.9481170272 
 1386   13406.6540528047 
 1387   13853.8044603456 
 1388   14292.7542668965 
 1389   14644.5450559926 
 1390   14941.3890086773 
 1391   15243.5194265052 
 1392   15404.1278491834 
 1393   15366.3159080532 
 1394   15334.2637191515 
 1395   15167.509693 
 1396   14881.2180236497 
 1397   14574.5165509188 
 1398   14213.881803405 
 1399   13789.1444098276 
 1400   13374.2359622479 
 1401   12978.1128547999 
 1402   12574.490829081 
 1403   12279.5825649345 
 1404   12033.3621631817 
 1405   11791.8500745256 
 1406   11566.8502899192 
 1407   11404.7807305657 
 1408   11281.205452904 
 1409   11167.5520856725 
 1410   11156.8632449855 
 1411   11060.375800254 
 1412   10989.6061149768 
 1413   10907.2719678395 
 1414   10855.5224596725 
 1415   10786.7553331245 
 1416   10684.4712623161 
 1417   10572.8923597789 
 1418   10441.8758003338 
 1419   10347.3881013901 
 1420   10266.0299069 
 1421   10203.5741140485 
 1422   10104.0973973406 
 1423   10017.0213709437 
 1424   9942.04441112136 
 1425   9883.50316306526 
 1426   9844.71780073218 
 1427   9818.30391790772 
 1428   9812.90857847094 
 1429   9823.39419326714 
 1430   9876.37233250497 
 1431   9908.25169903904 
 1432   9946.64699028995 
 1433   10046.8392275407 
 1434   10161.5851147416 
 1435   10253.8548253151 
 1436   10332.473450591 
 1437   10405.13938509 
 1438   10512.560454314 
 1439   10693.6515972195 
 1440   10878.1543760963 
 1441   11034.2872495382 
 1442   11177.1230216838 
 1443   11335.1966084445 
 1444   11546.6517534939 
 1445   11733.0934937296 
 1446   11849.9723989933 
 1447   11956.0425255316 
 1448   12074.9183332582 
 1449   12191.1068985129 
 1450   12303.4090012232 
 1451   12403.4751777118 
 1452   12497.9725198715 
 1453   12632.2661980987 
 1454   12761.3626457479 
 1455   12933.6204242119 
 1456   13115.3778422155 
 1457   13300.0493361098 
 1458   13522.2205655874 
 1459   13716.3899891976 
 1460   13897.2801336867 
 1461   14076.5169532451 
 1462   14241.2691586829 
 1463   14322.7832189868 
 1464   14366.030878113 
 1465   14342.1906047341 
 1466   14261.7421851697 
 1467   14139.5291546829 
 1468   13952.0035098469 
 1469   13724.4530397436 
 1470   13469.5575746646 
 1471   13153.5525274741 
 1472   12851.1282826353 
 1473   12539.5454806987 
 1474   12193.2848086902 
 1475   11885.5886104285 
 1476   11578.317191073 
 1477   11276.9099236748 
 1478   10989.3682487757 
 1479   10721.6531517684 
 1480   10497.4034847323 
 1481   10296.0084104017 
 1482   10114.0118468244 
 1483   9990.21219827836 
 1484   9860.49215769653 
 1485   9714.77986373298 
 1486   9645.54199037279 
 1487   9569.14985305654 
 1488   9479.98177001662 
 1489   9402.59190440508 
 1490   9328.11534267831 
 1491   9254.98947704209 
 1492   9185.42488159713 
 1493   9110.43156401672 
 1494   9031.60986232725 
 1495   8968.95907357671 
 1496   8911.88382941687 
 1497   8824.58964638813 
 1498   8756.74441935863 
 1499   8724.74647066873 
 1500   8684.37001710704 
 1501   8660.19126333493 
 1502   8610.54650286472 
 1503   8525.61653750176 
 1504   8458.53990087406 
 1505   8388.76622272669 
 1506   8304.70476539602 
 1507   8234.75999398475 
 1508   8144.05401798141 
 1509   8048.21340998466 
 1510   7979.90033362547 
 1511   7940.44548374413 
 1512   7905.86308379788 
 1513   7887.23692103794 
 1514   7788.02595826334 
 1515   7710.81860505895 
 1516   7667.74483194486 
 1517   7622.18747487288 
 1518   7622.21183547789 
 1519   7572.22890466974 
 1520   7511.12826805039 
 1521   7477.74665223971 
 1522   7500.24650734525 
 1523   7466.45644381388 
 1524   7429.27151842806 
 1525   7381.40922698182 
 1526   7336.8640290953 
 1527   7319.25651815926 
 1528   7292.79262124855 
 1529   7266.23702532334 
 1530   7252.90438854264 
 1531   7239.31460832252 
 1532   7239.37675970586 
 1533   7228.82116525553 
 1534   7197.89479213557 
 1535   7227.2643082763 
 1536   7316.26559768883 
 1537   7441.59270289047 
 1538   7604.59095652962 
 1539   7774.54233711945 
 1540   7937.20953758432 
 1541   8104.61528650786 
 1542   8287.06044948962 
 1543   8420.23304015592 
 1544   8490.56798323803 
 1545   8467.54155179618 
 1546   8340.86184974837 
 1547   8183.33057634023 
 1548   7966.54886635654 
 1549   7745.29535637151 
 1550   7533.27387610335 
 1551   7330.94394927673 
 1552   7106.23919505286 
 1553   6990.55059227887 
 1554   6903.25685357245 
 1555   6872.13391152363 
 1556   6852.45248709263 
 1557   6843.57031216665 
 1558   6832.17368089348 
 1559   6806.1137790093 
 1560   6789.09273520236 
 1561   6777.42597500452 
 1562   6760.66930193131 
 1563   6755.80621177629 
 1564   6766.16932561186 
 1565   6755.33073031365 
 1566   6793.18927159817 
 1567   6834.03933314607 
 1568   6892.25535930089 
 1569   6955.61068620524 
 1570   6972.54384717021 
 1571   6981.24338524024 
 1572   7002.7800352429 
 1573   7024.09158827834 
 1574   7054.68348914541 
 1575   7060.93012055648 
 1576   7070.19595768923 
 1577   7128.41342033011 
 1578   7161.88102612927 
 1579   7097.50688445954 
 1580   7017.6524019516 
 1581   7003.58134648238 
 1582   6949.56805853923 
 1583   6911.43536482215 
 1584   6818.15760391448 
 1585   6738.37369774502 
 1586   6713.14068332683 
 1587   6686.50439100723 
 1588   6633.35882152237 
 1589   6569.53450674379 
 1590   6507.79514429767 
 1591   6465.21632660267 
 1592   6415.77681088671 
 1593   6380.12536740711 
 1594   6386.316476302 
 1595   6368.62945657553 
 1596   6342.37950834079 
 1597   6332.54118923047 
 1598   6301.46853793219 
 1599   6314.30702625729 
 1600   6322.68195356754 
 1601   6295.0328195159 
 1602   6278.33930128711 
 1603   6320.91210233061 
 1604   6319.09547306999 
 1605   6339.0582665865 
 1606   6347.86214976304 
 1607   6389.77377629713 
 1608   6385.58654357911 
 1609   6376.43786836387 
 1610   6393.24241325656 
 1611   6394.44039163489 
 1612   6409.67765839384 
 1613   6394.28527201751 
 1614   6338.90546038158 
 1615   6337.54651328504 
 1616   6369.5044796689 
 1617   6361.40599663776 
 1618   6345.31584447336 
 1619   6350.85313180276 
 1620   6365.79330801615 
 1621   6400.54545100056 
 1622   6427.78438255042 
 1623   6448.13314219806 
 1624   6505.47222419322 
 1625   6551.94060704289 
 1626   6629.86603389352 
 1627   6685.48357483433 
 1628   6760.84278951352 
 1629   6843.80883528558 
 1630   6972.16218918632 
 1631   7120.97157077824 
 1632   7405.08232417903 
 1633   7707.8086873731 
 1634   8108.73487460832 
 1635   8642.25612338344 
 1636   9259.96015734102 
 1637   9857.24227290167 
 1638   10431.761937401 
 1639   10987.2356922192 
 1640   11402.1773394772 
 1641   11646.5608163694 
 1642   11762.7081025093 
 1643   11642.4566659538 
 1644   11324.5894503713 
 1645   10993.7011378151 
 1646   10451.6620131018 
 1647   9847.81485487832 
 1648   9319.62924369308 
 1649   8744.94415620711 
 1650   8155.02830168276 
 1651   7729.6398577978 
 1652   7378.52097065929 
 1653   7054.97694711203 
 1654   6837.00576628438 
 1655   6620.2975767931 
 1656   6447.81892973969 
 1657   6370.56801950853 
 1658   6281.65844547953 
 1659   6187.61192711881 
 1660   6142.60435548957 
 1661   6086.28360887984 
 1662   6056.51865321089 
 1663   6011.11632642537 
 1664   5946.93560021264 
 1665   5883.86221621592 
 1666   5841.39819942701 
 1667   5781.9142650419 
 1668   5749.46074774156 
 1669   5713.05965918303 
 1670   5657.59774358515 
 1671   5638.20792861313 
 1672   5631.09342146115 
 1673   5599.62141304717 
 1674   5557.14204819585 
 1675   5545.83296853994 
 1676   5503.45677612338 
 1677   5495.16415436186 
 1678   5486.12078879752 
 1679   5463.31811206003 
 1680   5442.38378268757 
 1681   5413.98841228121 
 1682   5411.24598983836 
 1683   5379.22128682589 
 1684   5353.6830791616 
 1685   5287.4721948809 
 1686   5261.59365483155 
 1687   5213.64915528064 
 1688   5233.43472847914 
 1689   5196.85032330481 
 1690   5184.02219710938 
 1691   5167.56515690143 
 1692   5182.44570828666 
 1693   5160.00707617133 
 1694   5151.85653692135 
 1695   5104.29821601366 
 1696   5029.6313665879 
 1697   5000.33016392409 
 1698   4961.059949328 
 1699   4928.91606102104 
 1700   4890.95436200028 
 1701   4888.07162034824 
 1702   4874.5683613617 
 1703   4876.86153057204 
 1704   4878.79350767057 
 1705   4885.38135071368 
 1706   4896.66379700825 
 1707   4888.97309572558 
 1708   4833.56827853423 
 1709   4794.44319073731 
 1710   4795.80303250507 
 1711   4759.3340622573 
 1712   4700.62534695666 
 1713   4637.37544241794 
 1714   4607.27006905865 
 1715   4606.58303416711 
 1716   4583.39458449898 
 1717   4542.53924697558 
 1718   4502.42350700886 
 1719   4490.42222592341 
 1720   4492.36936703899 
 1721   4473.55431918017 
 1722   4467.7760302928 
 1723   4478.09051402312 
 1724   4466.30264825798 
 1725   4461.19732561882 
 1726   4451.94765395451 
 1727   4412.56523943504 
 1728   4392.17770332241 
 1729   4359.52443501894 
 1730   4306.2612243497 
 1731   4286.5298962119 
 1732   4262.39333675703 
 1733   4231.31222230993 
 1734   4214.10987492983 
 1735   4195.41428685213 
 1736   4185.00626094607 
 1737   4214.05963630673 
 1738   4206.05540815839 
 1739   4184.89464485482 
 1740   4172.68430990976 
 1741   4173.22059898844 
 1742   4153.73887837539 
 1743   4137.09833516515 
 1744   4088.52308740295 
 1745   4057.0571883288 
 1746   4063.38791458923 
 1747   4066.17703428492 
 1748   4032.17170000125 
 1749   4023.47506374441 
 1750   4003.37950539443 
 1751   3997.46688065664 
 1752   3989.86916002765 
 1753   3966.13031084791 
 1754   3914.4991064355 
 1755   3902.19160129186 
 1756   3885.93419463309 
 1757   3866.1221318521 
 1758   3841.88169752339 
 1759   3817.20545877212 
 1760   3822.78126803735 
 1761   3844.01119780301 
 1762   3837.8233056868 
 1763   3823.42584361594 
 1764   3825.44738979204 
 1765   3817.36713050507 
 1766   3822.37166328358 
 1767   3800.76676867993 
 1768   3803.1983496092 
 1769   3792.44698700499 
 1770   3792.73624301094 
 1771   3752.04066630035 
 1772   3724.86083480582 
 1773   3705.14720991938 
 1774   3687.55555855272 
 1775   3675.52779502812 
 1776   3710.570894357 
 1777   3742.65041741409 
 1778   3789.71106752188 
 1779   3853.1197175594 
 1780   3916.84332776788 
 1781   3956.92456705332 
 1782   3983.9135265237 
 1783   3958.66524946965 
 1784   3910.48180481073 
 1785   3868.32108852048 
 1786   3811.78896580587 
 1787   3742.15512904813 
 1788   3662.53546438546 
 1789   3560.36858565848 
 1790   3511.09593429036 
 1791   3497.39236494253 
 1792   3466.51153376973 
 1793   3433.9937656539 
 1794   3415.48759620039 
 1795   3393.55988380753 
 1796   3411.64363527985 
 1797   3395.18437694593 
 1798   3386.00290848946 
 1799   3404.13588266146 
 1800   3399.24305866206 
 1801   3415.75592412038 
 1802   3422.88077250099 
 1803   3410.51027750921 
 1804   3419.11524116777 
 1805   3366.89761909441 
 1806   3327.90842601729 
 1807   3309.7135204963 
 1808   3268.49731662907 
 1809   3269.05594165127 
 1810   3266.05500871519 
 1811   3255.96946068747 
 1812   3295.3119948758 
 1813   3288.05737790574 
 1814   3296.70979270335 
 1815   3306.20012399318 
 1816   3272.5883311554 
 1817   3258.09481992213 
 1818   3262.9853985335 
 1819   3244.19883372944 
 1820   3242.9852014376 
 1821   3224.69547196504 
 1822   3213.99980733002 
 1823   3217.00583193306 
 1824   3221.16586932544 
 1825   3234.77373018731 
 1826   3212.73873260722 
 1827   3193.65577654391 
 1828   3167.14094956863 
 1829   3142.68370586504 
 1830   3139.24058162542 
 1831   3149.96549185876 
 1832   3106.60323693436 
 1833   3102.90169058623 
 1834   3097.75232756634 
 1835   3114.63325072341 
 1836   3107.45514698736 
 1837   3080.27658849969 
 1838   3054.8675542495 
 1839   3053.07367332811 
 1840   3056.3931393903 
 1841   3011.86037151853 
 1842   2974.49362834659 
 1843   2971.04530955905 
 1844   2963.47251539809 
 1845   2953.5577845246 
 1846   2911.10039519876 
 1847   2889.41591731608 
 1848   2916.666155587 
 1849   2943.66989755647 
 1850   2947.14585365255 
 1851   2936.02196265593 
 1852   2952.9815899488 
 1853   2972.63714957108 
 1854   2984.808554542 
 1855   2977.07239106307 
 1856   2963.57935485891 
 1857   2948.43235643927 
 1858   2946.30276617725 
 1859   2941.0844880733 
 1860   2938.66068104801 
 1861   2947.54422783399 
 1862   2939.99613388288 
 1863   2937.53196318797 
 1864   2968.5169130265 
 1865   2972.54990047244 
 1866   2978.90326316011 
 1867   2963.06803088284 
 1868   2941.57481112332 
 1869   2938.3018565155 
 1870   2918.99310026549 
 1871   2897.54722574057 
 1872   2875.70841459015 
 1873   2873.5600149222 
 1874   2879.04128608884 
 1875   2881.81645873259 
 1876   2874.30278013829 
 1877   2864.99032190578 
 1878   2852.16390662765 
 1879   2855.61672182336 
 1880   2858.1207709191 
 1881   2851.12426486532 
 1882   2791.57999387187 
 1883   2794.34802818214 
 1884   2776.64017879727 
 1885   2803.16389943882 
 1886   2798.44713890526 
 1887   2775.92543488876 
 1888   2786.15168310802 
 1889   2804.80785584522 
 1890   2811.30665198628 
 1891   2790.52135440649 
 1892   2745.39306658875 
 1893   2729.07460220236 
 1894   2745.73034921029 
 1895   2752.16938581734 
 1896   2728.0242177878 
 1897   2708.94333549382 
 1898   2726.4446059999 
 1899   2721.98357726847 
 1900   2712.6564487043 
 1901   2697.35975085967 
 1902   2707.51086576275 
 1903   2712.23926351616 
 1904   2726.4965339026 
 1905   2700.04886146332 
 1906   2706.29830186676 
 1907   2689.4354854554 
 1908   2650.05134535204 
 1909   2646.86232436844 
 1910   2602.2071397759 
 1911   2601.95546471507 
 1912   2605.60844518163 
 1913   2547.69651817036 
 1914   2549.5874030977 
 1915   2543.14361762268 
 1916   2540.46663741167 
 1917   2516.33560661981 
 1918   2471.4636015295 
 1919   2471.60294642457 
 1920   2483.80188492819 
 1921   2469.51441278021 
 1922   2457.03998756633 
 1923   2407.90219112535 
 1924   2421.53956380158 
 1925   2402.05947148898 
 1926   2391.62382355916 
 1927   2360.07517387226 
 1928   2324.49550402058 
 1929   2322.20036607189 
 1930   2321.20851288325 
 1931   2301.07630938322 
 1932   2285.20484671269 
 1933   2284.76076961579 
 1934   2303.09130133065 
 1935   2309.60091532971 
 1936   2320.18151197455 
 1937   2334.33680435022 
 1938   2339.06266570676 
 1939   2325.49464232345 
 1940   2300.88275542615 
 1941   2277.80524391446 
 1942   2266.96730066869 
 1943   2236.8283445836 
 1944   2224.74184233381 
 1945   2206.09155953775 
 1946   2202.12550174523 
 1947   2166.55426307228 
 1948   2119.26688513057 
 1949   2123.98087005299 
 1950   2139.82403362295 
 1951   2159.55804605575 
 1952   2177.66621672354 
 1953   2211.11761128101 
 1954   2246.91328180437 
 1955   2255.40586011933 
 1956   2216.2838713519 
 1957   2176.67483591356 
 1958   2150.34063596593 
 1959   2115.76058533582 
 1960   2093.14235717296 
 1961   2097.69246133822 
 1962   2096.72760966855 
 1963   2102.48275376435 
 1964   2085.46853166657 
 1965   2085.62920269218 
 1966   2066.06350724714 
 1967   2047.12612771357 
 1968   2032.77459034888 
 1969   2019.62098133493 
 1970   2026.64098609149 
 1971   2018.35213235729 
 1972   1998.94289320418 
 1973   1996.85201289646 
 1974   1990.71436850447 
 1975   1997.80662259457 
 1976   1977.37898907566 
 1977   1981.77544652289 
 1978   1980.55431619569 
 1979   1991.85514585464 
 1980   1994.09658619639 
 1981   1974.81888045264 
 1982   1943.58393821004 
 1983   1905.14822184308 
 1984   1886.88402963554 
 1985   1894.76899508037 
 1986   1877.01483220766 
 1987   1885.00803963501 
 1988   1879.2099533829 
 1989   1885.99044325903 
 1990   1896.00051747728 
 1991   1879.31800747495 
 1992   1848.65230760959 
 1993   1825.81656958852 
 1994   1798.00147338101 
 1995   1813.85513902174 
 1996   1801.32927654272 
 1997   1781.71216910866 
 1998   1776.16260019082 
 1999   1778.15485443297 
 2000   1777.02144151717 
 2001   1766.47074193167 
 2002   1756.15677230034 
 2003   1756.34132993749 
 2004   1737.70448191053 
 2005   1720.12393483247 
 2006   1714.70176351779 
 2007   1701.84468373609 
 2008   1703.33432045808 
 2009   1685.13120012612 
 2010   1670.81023542131 
 2011   1687.40602586009 
 2012   1668.64916224065 
 2013   1648.32959067421 
 2014   1637.2497220219 
 2015   1649.6122941411 
 2016   1642.37258933872 
 2017   1633.75276408628 
 2018   1609.1861255416 
 2019   1645.24343728989 
 2020   1615.13135352698 
 2021   1568.77258307498 
 2022   1507.6837330271 
 2023   1494.23994261302 
 2024   1487.81968680709 
 2025   1477.47412064537 
 2026   1487.41968727042 
 2027   1526.06544355658 
 2028   1535.3988916208 
 2029   1563.014740909 
 2030   1538.61666797061 
 2031   1534.26554115973 
 2032   1514.63366419117 
 2033   1479.38017144617 
 2034   1468.71058558738 
 2035   1465.85086622946 
 2036   1470.46420455567 
 2037   1475.01031720467 
 2038   1482.85105374663 
 2039   1455.42799691957 
 2040   1464.04303446151 
 2041   1459.66140160735 
 2042   1465.93982770214 
 2043   1451.44927990564 
 2044   1406.5152766782 
 2045   1419.25519755256 
 2046   1409.77373916565 
 2047   1393.22601637404 
 2048   1369.08224043058 
 2049   1353.09981725915 
 2050   1358.71639654521 
 2051   1336.92140841917 
 2052   1333.38892314936 
 2053   1341.93578855408 
 2054   1335.87242603768 
 2055   1325.64188339178 
 2056   1336.59274203916 
 2057   1370.66126044529 
 2058   1380.49084038716 
 2059   1361.65063850647 
 2060   1349.0830369156 
 2061   1347.82087186664 
 2062   1367.62730193078 
 2063   1336.24179622928 
 2064   1306.02249149919 
 2065   1309.99161086271 
 2066   1304.12509571965 
 2067   1315.75448390695 
 2068   1302.11919143909 
 2069   1293.919065176 
 2070   1291.32080969431 
 2071   1281.02010736751 
 2072   1296.0145245946 
 2073   1294.38160715675 
 2074   1279.51859230156 
 2075   1265.52527301712 
 2076   1271.90674758364 
 2077   1245.89641803046 
 2078   1245.34179141167 
 2079   1231.24513425795 
 2080   1262.01495204292 
 2081   1266.56425069907 
 2082   1260.47532458213 
 2083   1296.07265097577 
 2084   1290.32650181178 
 2085   1285.28204378837 
 2086   1261.20280428925 
 2087   1230.31921665655 
 2088   1253.66952015654 
 2089   1232.49480232327 
 2090   1220.51635697233 
 2091   1237.35099696394 
 2092   1261.5644407199 
 2093   1246.57117199694 
 2094   1231.50333297224 
 2095   1220.69753782592 
 2096   1230.83442558024 
 2097   1193.05371831285 
 2098   1198.74634183449 
 2099   1211.71183267305 
 2100   1204.4068789392 
 2101   1211.37658331305 
 2102   1202.05173603368 
 2103   1258.45409658177 
 2104   1238.45376981691 
 2105   1219.49174834094 
 2106   1221.60329993255 
 2107   1198.05534368315 
 2108   1174.60216112614 
 2109   1153.92491194041 
 2110   1153.10538336987 
 2111   1120.26703416002 
 2112   1104.80246895296 
 2113   1115.0699824431 
 2114   1077.15899276941 
 2115   1091.58577606129 
 2116   1067.06957938649 
 2117   1063.5732789713 
 2118   1078.6713509078 
 2119   1093.39105976347 
 2120   1091.99003089957 
 2121   1100.09287365604 
 2122   1100.88408218032 
 2123   1101.22269992635 
 2124   1136.4142438145 
 2125   1074.88454649361 
 2126   1086.31223401439 
 2127   1069.21583947507 
 2128   1068.76161605094 
 2129   1052.93700786331 
 2130   1037.12467588903 
 2131   1033.8488210175 
 2132   1021.92144557636 
 2133   1003.7516693996 
 2134   1003.4211223583 
 2135   1002.25186840118 
 2136   992.401769527626 
 2137   996.679408167741 
 2138   1018.37074768888 
 2139   1050.11314731153 
 2140   1023.77231854871 
 2141   1038.19236968906 
 2142   1016.16236148028 
 2143   998.84117535694 
 2144   978.572224823795 
 2145   965.777134282526 
 2146   964.477213448426 
 2147   958.66161192073 
 2148   969.692989428821 
 2149   986.183869125237 
 2150   985.271446514175 
 2151   968.602860941052 
 2152   966.803879197944 
 2153   954.895558008702 
 2154   935.588313444337 
 2155   1088.04091044479 
 2156   1857.16428597184 
 2157   2156.3776802216 
 2158   2110.30567249391 
 2159   2115.77313288908 
 2160   2111.82855562581 
 2161   2048.77805175163 
 2162   1312.15527964419 
 2163   924.794567108731 
 2164   973.94451338138 
 2165   977.171003488563 
 2166   958.733555193664 
 2167   958.273703847116 
 2168   929.876624244119 
 2169   915.376804555833 
 2170   903.246513220418 
 2171   871.533318514327 
 2172   912.406731857196 
 2173   897.200992602381 
 2174   896.742359175008 
 2175   885.673911505465 
 2176   900.463839554441 
 2177   925.712854893952 
 2178   906.489981306041 
 2179   893.772171289592 
 2180   893.425472690036 
 2181   911.667759284452 
 2182   893.736520809473 
 2183   886.916567735577 
 2184   877.036290686342 
 2185   869.399149074678 
 2186   878.5481091452 
 2187   858.224175512494 
 2188   855.766253718166 
 2189   847.286817960503 
 2190   861.128973275654 
 2191   851.968732753688 
 2192   858.036942580364 
 2193   866.958515003395 
 2194   870.214341912155 
 2195   858.031076315233 
 2196   810.661861595407 
 2197   806.094824679011 
 2198   782.641842404456 
 2199   762.891469217022 
 2200   772.025786419314 
 2201   777.845667828097 
 2202   816.753066723283 
 2203   824.675545915093 
 2204   833.813823470679 
 2205   826.51023491448 
 2206   825.96763972658 
 2207   851.375201884072 
 2208   857.544816335832 
 2209   847.431438774679 
 2210   825.906035472542 
 2211   837.663552086298 
 2212   806.760191574606 
 2213   757.731627214107 
 2214   744.952074297922 
 2215   734.329539966909 
 2216   731.843026239458 
 2217   738.814940712949 
 2218   745.320738342441 
 2219   763.534575037035 
 2220   744.508569734183 
 2221   792.924737844481 
 2222   823.818026971558 
 2223   793.555018385122 
 2224   802.638760327118 
 2225   798.644513276262 
 2226   804.009060425368 
 2227   748.737685439303 
 2228   713.931954781705 
 2229   726.231638309209 
 2230   715.234475120096 
 2231   704.89259270999 
 2232   711.751666521554 
 2233   729.831405621114 
 2234   740.779244099371 
 2235   735.811434431611 
 2236   731.552705104965 
 2237   718.205478619074 
 2238   693.228885363197 
 2239   685.8503294963 
 2240   684.240332673271 
 2241   684.060923202329 
 2242   674.347170170456 
 2243   671.487619622668 
 2244   677.737174536616 
 2245   673.194250583595 
 2246   673.324953210241 
 2247   687.997840792297 
 2248   692.061920904984 
 2249   691.519284826136 
 2250   690.297136894266 
 2251   713.468482557584 
 2252   710.206863906122 
 2253   692.019699761398 
 2254   664.29376064599 
 2255   677.666004429564 
 2256   696.903089268647 
 2257   667.828325052941 
 2258   657.947781076056 
 2259   676.348686378385 
 2260   700.347343552651 
 2261   696.685321146383 
 2262   674.213768019154 
 2263   667.546920442791 
 2264   657.833643853451 
 2265   659.328443312569 
 2266   677.003101147609 
 2267   679.453316337121 
 2268   670.194482016503 
 2269   676.41388191169 
 2270   656.311938271759 
 2271   639.1531970197 
 2272   637.973845971329 
 2273   641.927574506895 
 2274   628.241065762056 
 2275   632.008164434131 
 2276   642.017727494654 
 2277   617.989158106542 
 2278   605.839333892749 
 2279   613.560965326858 
 2280   637.417221535192 
 2281   639.15447093754 
 2282   641.481860780486 
 2283   665.581121362882 
 2284   665.23931148367 
 2285   628.656673830703 
 2286   629.249494436205 
 2287   640.37440527457 
 2288   655.761855630106 
 2289   648.496138195111 
 2290   646.291453926897 
 2291   659.883420462366 
 2292   637.706431790732 
 2293   630.684611663159 
 2294   607.803079917876 
 2295   614.590580743738 
 2296   602.903327045569 
 2297   607.949381150845 
 2298   638.01159182928 
 2299   651.707687419261 
 2300   658.219045740173 
 2301   641.928765016822 
 2302   655.722783325093 
 2303   661.509534225506 
 2304   628.126611579314 
 2305   615.821146298798 
 2306   611.429669798342 
 2307   612.860229840914 
 2308   602.231912433363 
 2309   563.951603983756 
 2310   570.190748552476 
 2311   553.162267436257 
 2312   560.835434346103 
 2313   558.730460064815 
 2314   565.319697473622 
 2315   561.873546998725 
 2316   539.424410724781 
 2317   528.481051674096 
 2318   524.14353369743 
 2319   520.104703378707 
 2320   509.956266059409 
 2321   547.43001664601 
 2322   574.524972275389 
 2323   593.057752699701 
 2324   598.435359192121 
 2325   623.27214240501 
 2326   621.19206147673 
 2327   598.622463948453 
 2328   593.166677570141 
 2329   583.9621501463 
 2330   531.286369617659 
 2331   507.554379172269 
 2332   498.775259930242 
 2333   478.633951884351 
 2334   471.495835586926 
 2335   485.599819587814 
 2336   510.004142009898 
 2337   502.127022879522 
 2338   499.594722647066 
 2339   544.828082604608 
