05-29-2020  12:55:00
Wavenumber (cm-1)  CCD Output
 251   4658.92507331553 
 252   4777.91379555088 
 253   4899.86858203876 
 254   5012.60903271955 
 255   5089.90781652711 
 256   5153.06943146416 
 257   5255.3975212588 
 258   5368.16964573109 
 259   5459.28242931858 
 260   5525.90785025118 
 261   5594.29641564799 
 262   5672.6881188943 
 263   5734.73470380807 
 264   5781.98133977322 
 265   5836.59278074028 
 266   5926.58994683382 
 267   6018.14100752337 
 268   6068.66922319864 
 269   6083.10231696039 
 270   6107.28776208856 
 271   6166.9413351481 
 272   6200.23600616348 
 273   6233.13124362696 
 274   6317.43251815219 
 275   6392.58874813677 
 276   6446.87496271995 
 277   6509.91631861926 
 278   6572.40491464792 
 279   6632.84740436961 
 280   6696.91083658123 
 281   6743.70186951105 
 282   6776.0993328569 
 283   6813.84268421418 
 284   6815.1342979413 
 285   6777.66149566709 
 286   6752.84617003532 
 287   6726.42955065615 
 288   6686.89750411832 
 289   6653.52261956006 
 290   6631.78005177774 
 291   6622.36267434829 
 292   6624.14532930906 
 293   6612.52597048902 
 294   6584.02614851354 
 295   6580.54822138792 
 296   6596.07512229234 
 297   6607.22792273804 
 298   6607.94371101864 
 299   6623.91016076049 
 300   6666.6104157637 
 301   6690.23227028187 
 302   6694.32634718395 
 303   6709.2047459548 
 304   6760.90607393906 
 305   6824.36853495874 
 306   6861.61381665013 
 307   6884.55734583388 
 308   6919.001587338 
 309   6970.53716293794 
 310   6982.40012107939 
 311   6968.43022744557 
 312   6977.62978000307 
 313   6980.69874539011 
 314   6970.56416800911 
 315   6961.95956847076 
 316   6942.90686895139 
 317   6929.34082918431 
 318   6943.44333322839 
 319   6929.41117263061 
 320   6897.25897002351 
 321   6914.08780868001 
 322   6969.0193535236 
 323   7033.90962683857 
 324   7088.94743228082 
 325   7140.10884279691 
 326   7199.49289991284 
 327   7271.02199785723 
 328   7327.11190835228 
 329   7380.51544499492 
 330   7478.23035637199 
 331   7583.97592946878 
 332   7669.24898923367 
 333   7738.64659626872 
 334   7783.26624922074 
 335   7818.02377371507 
 336   7878.92234884768 
 337   7943.64493580456 
 338   7997.02542942696 
 339   8051.70385127173 
 340   8105.62045574421 
 341   8151.49063028615 
 342   8184.94427488426 
 343   8216.95452624031 
 344   8268.95835964066 
 345   8359.30768619957 
 346   8454.93333536034 
 347   8549.87529051418 
 348   8682.45733366086 
 349   8829.59052399149 
 350   8961.61994896288 
 351   9074.10893525403 
 352   9194.69535864382 
 353   9336.73211790915 
 354   9480.26186599917 
 355   9595.81564504664 
 356   9691.69667553863 
 357   9812.16862902169 
 358   9922.49551443492 
 359   10001.3694179342 
 360   10075.4655807031 
 361   10155.8220127734 
 362   10230.4899474733 
 363   10276.0636591851 
 364   10316.4671807313 
 365   10374.2444880501 
 366   10452.6390607829 
 367   10559.1164488103 
 368   10678.2558839624 
 369   10786.1037964868 
 370   10952.5289617137 
 371   11175.6262504136 
 372   11375.5474925177 
 373   11634.2799524967 
 374   11974.0942381328 
 375   12321.1459321366 
 376   12696.3534295566 
 377   13113.7065535357 
 378   13555.629702858 
 379   14022.9554355879 
 380   14515.01854251 
 381   15016.2525399306 
 382   15480.957674749 
 383   15891.6296213529 
 384   16261.0943675006 
 385   16590.2811853769 
 386   16871.5331537179 
 387   17090.9527751262 
 388   17231.0544259097 
 389   17284.5718273951 
 390   17254.5580846261 
 391   17148.8663074042 
 392   16991.9947790431 
 393   16805.7738015691 
 394   16574.1705354886 
 395   16337.2730138663 
 396   16130.4634187028 
 397   15869.8999806725 
 398   15583.3120117971 
 399   15347.2117563375 
 400   15150.6159338753 
 401   14991.0417034253 
 402   14870.1412360901 
 403   14782.3247506389 
 404   14826.8491747124 
 405   15026.1695462027 
 406   15185.8806445592 
 407   15449.149510008 
 408   15975.9595466676 
 409   16658.8903257927 
 410   17471.935340143 
 411   18405.8547793478 
 412   19406.2994427272 
 413   20434.8341550433 
 414   21455.719935204 
 415   22415.1999028743 
 416   23201.235297177 
 417   23747.7791748265 
 418   24059.1965265039 
 419   24095.5822383844 
 420   23822.7865231703 
 421   23239.8855716349 
 422   22393.1345231732 
 423   21358.1855187315 
 424   20204.1102776101 
 425   18925.8904118068 
 426   17619.8381175967 
 427   16418.1337638726 
 428   15277.7149465944 
 429   14217.5118982881 
 430   13290.2461268019 
 431   12474.30309041 
 432   11870.7866044334 
 433   11510.0787103629 
 434   11132.1633438964 
 435   10796.094397218 
 436   10618.5159486161 
 437   10484.8638869009 
 438   10316.3330224376 
 439   10127.3625487241 
 440   10017.1705822686 
 441   9986.71361028159 
 442   9970.15800620847 
 443   9891.43464041015 
 444   9794.96135842549 
 445   9708.18169708679 
 446   9606.01674137917 
 447   9492.0533651015 
 448   9416.17548940509 
 449   9418.04665421482 
 450   9398.64444228829 
 451   9344.86913590686 
 452   9312.16915443737 
 453   9308.02433168881 
 454   9333.89884538681 
 455   9385.22779775857 
 456   9446.89416477208 
 457   9545.88862175072 
 458   9690.88392206868 
 459   9830.92764748743 
 460   9982.54782917837 
 461   10164.6062375454 
 462   10361.5364157053 
 463   10582.2902065768 
 464   10801.0016370995 
 465   10965.3011429993 
 466   11114.3348032313 
 467   11238.5603157857 
 468   11302.7579859268 
 469   11392.2913140327 
 470   11459.6877680732 
 471   11410.3981107211 
 472   11315.1578411996 
 473   11192.5332713942 
 474   11031.5076674756 
 475   10851.6542042633 
 476   10665.7527883271 
 477   10478.0208040692 
 478   10285.278135302 
 479   10075.8022808672 
 480   9870.94076738928 
 481   9712.58659710243 
 482   9549.80742414386 
 483   9380.43367324282 
 484   9254.03087619288 
 485   9161.679250035 
 486   9088.83459479409 
 487   9033.62290493543 
 488   9008.2425014515 
 489   8981.35020505406 
 490   8936.97115246231 
 491   8924.85883402825 
 492   8926.76564888446 
 493   8913.03911897847 
 494   8885.40038313986 
 495   8855.0837416545 
 496   8827.44073280984 
 497   8797.87603416031 
 498   8759.1909139371 
 499   8731.75151104739 
 500   8734.21126804313 
 501   8723.17095883593 
 502   8696.89664796212 
 503   8670.58271591001 
 504   8633.32580766826 
 505   8604.70086389417 
 506   8600.2223640845 
 507   8604.99782505874 
 508   8595.98947475649 
 509   8579.0388836507 
 510   8577.72500830793 
 511   8559.67119524576 
 512   8545.46335801838 
 513   8580.67905216543 
 514   8635.06765091643 
 515   8689.72716801633 
 516   8733.94235442493 
 517   8751.40566144967 
 518   8769.61265056629 
 519   8795.35933714283 
 520   8805.17249209086 
 521   8889.90413530703 
 522   9036.94128139678 
 523   9147.71134276984 
 524   9297.4937002788 
 525   9508.56169471943 
 526   9748.86544740228 
 527   10013.5880657404 
 528   10300.065894748 
 529   10625.4762157566 
 530   11014.2252000149 
 531   11341.4459652825 
 532   11575.7836230648 
 533   11816.3406354594 
 534   12002.7668792866 
 535   12063.4117771909 
 536   12003.729762568 
 537   11949.6357888841 
 538   11871.2098376578 
 539   11698.9208506722 
 540   11478.9206421605 
 541   11278.2297008076 
 542   11105.1481789845 
 543   10908.8639518602 
 544   10717.0976875393 
 545   10571.8906458921 
 546   10486.4632008113 
 547   10416.6068063025 
 548   10350.8932709146 
 549   10303.0327670756 
 550   10280.535294528 
 551   10260.4135622298 
 552   10242.7541034221 
 553   10257.9755890671 
 554   10277.1343963809 
 555   10282.8718465371 
 556   10286.1997733847 
 557   10306.8425112303 
 558   10344.6777652609 
 559   10375.726412722 
 560   10367.2181875849 
 561   10356.020159017 
 562   10353.9072786342 
 563   10325.937348209 
 564   10299.8828966729 
 565   10282.9210871581 
 566   10257.3690863795 
 567   10219.3393820994 
 568   10177.5442018515 
 569   10156.4560465278 
 570   10191.5613460438 
 571   10288.5606057326 
 572   10432.5179431544 
 573   10628.4721217727 
 574   10969.5884852969 
 575   11368.286947477 
 576   11748.0060047414 
 577   12316.8054890419 
 578   13034.1181835927 
 579   13789.229823802 
 580   14556.8087584249 
 581   15328.3407023074 
 582   16096.0404450734 
 583   16830.5726971059 
 584   17456.2747054709 
 585   17955.4262097902 
 586   18321.2244618738 
 587   18503.4351141706 
 588   18462.7911883524 
 589   18223.0971744384 
 590   17846.7013373936 
 591   17320.240860946 
 592   16664.9604063111 
 593   15925.0796311495 
 594   15126.317826022 
 595   14338.9053657831 
 596   13585.2975017219 
 597   12833.456446255 
 598   12173.9090764281 
 599   11625.6316352743 
 600   11141.5509010383 
 601   10722.1873152008 
 602   10416.3339478311 
 603   10190.9575115676 
 604   9917.98073179169 
 605   9710.58458143871 
 606   9613.75086387058 
 607   9556.07808193591 
 608   9501.61547060042 
 609   9442.93856826007 
 610   9392.12000116516 
 611   9361.20597760415 
 612   9306.68822068837 
 613   9292.35486733855 
 614   9401.54545219664 
 615   9435.67181092909 
 616   9407.93230765104 
 617   9410.09115260137 
 618   9406.17769433937 
 619   9412.42261860429 
 620   9431.74941667879 
 621   9440.04796359866 
 622   9444.91508852423 
 623   9449.11021715686 
 624   9454.56776242869 
 625   9470.91502380403 
 626   9489.06581923204 
 627   9507.90104658257 
 628   9539.95080494937 
 629   9590.25728706208 
 630   9657.56673878215 
 631   9750.88214911202 
 632   9898.15768106997 
 633   10101.986132661 
 634   10338.4298650479 
 635   10591.2247610644 
 636   10910.6677593826 
 637   11248.6272939979 
 638   11544.4061528642 
 639   11832.3401910015 
 640   12146.0792579386 
 641   12454.6374849374 
 642   12688.9047221171 
 643   12849.1961385124 
 644   12984.481776814 
 645   13114.1685457081 
 646   13210.1327582271 
 647   13397.4361305699 
 648   13704.742576703 
 649   14093.2652223823 
 650   14682.0333388179 
 651   15458.0958723403 
 652   16505.1446629525 
 653   18058.8637480024 
 654   19899.4603886367 
 655   21913.2805399185 
 656   24076.6722039031 
 657   26187.8270099614 
 658   28488.3872003773 
 659   31058.585350727 
 660   33558.8030006696 
 661   35857.0320406009 
 662   37872.7612099398 
 663   39562.1662519677 
 664   40899.5984869764 
 665   41523.834741581 
 666   41684.4145258509 
 667   41977.5227427816 
 668   41703.9611589396 
 669   40815.8996407383 
 670   39659.4982613954 
 671   38328.2819989617 
 672   36824.6827122797 
 673   35178.2796996197 
 674   33448.7235740224 
 675   31664.6770613449 
 676   29848.0738193718 
 677   28033.0466448971 
 678   26263.1532613291 
 679   24552.9709253185 
 680   22899.6737604673 
 681   21318.9726037615 
 682   19879.1237808598 
 683   18664.9042489085 
 684   17600.5547592389 
 685   16470.3854206842 
 686   15202.6411741377 
 687   14364.0484328501 
 688   14170.2076101871 
 689   14014.6580409133 
 690   13916.0644878021 
 691   13883.9760203027 
 692   13802.5558443372 
 693   13641.2560126733 
 694   13606.4088419669 
 695   13795.772174646 
 696   13976.0005063453 
 697   13640.8594218164 
 698   13033.3647849088 
 699   12533.8539434026 
 700   12085.7377375812 
 701   11674.2580350563 
 702   11295.5035850484 
 703   10962.0683154363 
 704   10722.8772389555 
 705   10552.9141628002 
 706   10428.4163355966 
 707   10358.136920917 
 708   10345.7131512765 
 709   10345.3833667722 
 710   10315.9802968488 
 711   10265.2786856865 
 712   10227.1901136457 
 713   10188.1453029676 
 714   10164.5437686348 
 715   10205.868253036 
 716   9914.06216301978 
 717   9443.69539312408 
 718   9407.82938044254 
 719   9722.85820128603 
 720   8679.73847635741 
 721   6802.6233590748 
 722   6752.40838036635 
 723   6964.26221161303 
 724   6850.21189428758 
 725   6900.83696694083 
 726   7353.86596983874 
 727   7658.98634813812 
 728   7431.71256648987 
 729   7422.84809586779 
 730   9264.17315436706 
 731   10375.4464788205 
 732   10064.6131796896 
 733   10075.0915148896 
 734   10100.1713599805 
 735   10080.2191696603 
 736   10098.424886912 
 737   10108.7051846453 
 738   10122.6681345165 
 739   10121.355242059 
 740   10103.985154452 
 741   10112.2317021475 
 742   10111.0205117446 
 743   10102.5499980891 
 744   10104.5075914775 
 745   10100.7597353917 
 746   10123.2279876871 
 747   10151.9675555873 
 748   10157.1631311846 
 749   10195.1131763712 
 750   10226.3417161553 
 751   10247.8760983967 
 752   10298.9746984214 
 753   10333.9467494218 
 754   10372.4980246391 
 755   10427.4992511093 
 756   10477.9675324372 
 757   10552.4924320507 
 758   10620.1266210366 
 759   10658.0076251052 
 760   10691.8144299236 
 761   10695.9319244777 
 762   10699.334020861 
 763   10734.5101833822 
 764   10779.0946703032 
 765   10842.1743818506 
 766   10895.8439080807 
 767   10929.2062276298 
 768   11007.0897509153 
 769   11110.1719003975 
 770   11231.6093876922 
 771   11380.5707803242 
 772   11528.668582092 
 773   11654.2068463145 
 774   11774.8810134403 
 775   11924.9590237759 
 776   12099.1779701107 
 777   12272.6142027676 
 778   12448.7833658213 
 779   12648.6133284471 
 780   12851.5511548608 
 781   13053.8157869277 
 782   13263.4355659162 
 783   13478.1967573292 
 784   13670.1289214932 
 785   13860.1861499272 
 786   14058.5295587958 
 787   14240.5008425842 
 788   14410.1152108718 
 789   14570.8956862898 
 790   14715.6191870809 
 791   14831.4530298694 
 792   14921.9858139359 
 793   15031.401487817 
 794   15149.8733621151 
 795   15204.6884916345 
 796   15248.4007611002 
 797   15294.0902768109 
 798   15307.4283939054 
 799   15273.3522335828 
 800   15271.8013823434 
 801   15280.1510889328 
 802   15264.8629150621 
 803   15271.9119297072 
 804   15294.9676204994 
 805   15341.7531676602 
 806   15411.2428475674 
 807   15487.1443996225 
 808   15635.8329539504 
 809   15852.3344128261 
 810   16116.8947801951 
 811   16460.4864866929 
 812   16868.0252244147 
 813   17398.4417217574 
 814   18125.4459975369 
 815   19057.74679641 
 816   20193.8945256409 
 817   21647.659558418 
 818   23340.3942772815 
 819   24977.4484705134 
 820   26867.3163241558 
 821   28973.5769591336 
 822   31090.3145377487 
 823   33171.856066517 
 824   35070.6893932877 
 825   36717.5309938792 
 826   38061.1601866898 
 827   39013.751856225 
 828   39567.3166741144 
 829   39688.7976883868 
 830   39348.5788912135 
 831   38563.9796051487 
 832   37390.7007338503 
 833   35938.5204916023 
 834   34299.4250645487 
 835   32508.7993126887 
 836   30601.5960250207 
 837   28691.6129689287 
 838   26836.8685260735 
 839   25032.2778048593 
 840   23385.833687062 
 841   21892.6523970909 
 842   20528.1939352979 
 843   19285.8876264559 
 844   18117.7033286754 
 845   17138.7736145724 
 846   16314.4607924849 
 847   15653.0111511952 
 848   15595.6997174384 
 849   15717.7220549203 
 850   15726.1275836945 
 851   15658.5850542154 
 852   15421.6029854943 
 853   15201.8835594808 
 854   15024.6323861415 
 855   14831.0814312989 
 856   14676.3349497325 
 857   14199.5829441328 
 858   13478.8483313721 
 859   12860.6224773034 
 860   12477.4591800968 
 861   12360.5773486257 
 862   12372.134523802 
 863   12396.9176745466 
 864   12462.0579697538 
 865   12560.0533528631 
 866   12675.132045627 
 867   12807.9344668366 
 868   12969.3291948443 
 869   13148.3194206828 
 870   13335.8627623391 
 871   13528.152581422 
 872   13726.8514864878 
 873   13938.6228337883 
 874   14160.9478678697 
 875   14364.3466373748 
 876   14530.3424149192 
 877   14698.2390652128 
 878   14907.2894651971 
 879   15149.1674623141 
 880   15391.3200457252 
 881   15640.6151014914 
 882   15989.1877150706 
 883   16384.0040148831 
 884   16809.8544217446 
 885   17366.3983626229 
 886   17999.3066982556 
 887   18621.6975798982 
 888   19245.0564764858 
 889   19922.8426759046 
 890   20592.123964746 
 891   21297.032772458 
 892   22002.129200094 
 893   22632.7853525365 
 894   23206.7560305594 
 895   23654.0628542386 
 896   23996.9630845459 
 897   24271.5038322606 
 898   24472.560610472 
 899   24716.5861252949 
 900   24779.7447666442 
 901   24581.677453896 
 902   24314.7110182364 
 903   23954.4177861446 
 904   23556.9948986077 
 905   23074.7920935939 
 906   22464.0973029767 
 907   21874.5871964722 
 908   21230.3734858265 
 909   20547.9441185949 
 910   19895.302780879 
 911   19261.128509749 
 912   18634.4327849746 
 913   17997.7555264624 
 914   17388.7976810238 
 915   16862.5467996768 
 916   16374.8629538952 
 917   15919.8027849202 
 918   15509.2124444378 
 919   15146.4492187501 
 920   14825.1051857029 
 921   14550.3149014617 
 922   14334.505857964 
 923   14138.1910038164 
 924   13934.7195226039 
 925   13877.9791053776 
 926   13867.6047253943 
 927   13853.982534594 
 928   13893.428449154 
 929   13946.4807996423 
 930   13984.2642088378 
 931   14025.5151013308 
 932   14077.2981289245 
 933   14108.2927454946 
 934   14126.7321966491 
 935   14108.7831363439 
 936   14061.3213695842 
 937   14005.2252593204 
 938   13904.6139446573 
 939   13786.5726636266 
 940   13632.5536734528 
 941   13446.3121021576 
 942   13282.9288683293 
 943   13067.3466834364 
 944   12851.8023940744 
 945   12655.7798081581 
 946   12436.6211876907 
 947   12235.5340286792 
 948   12066.6817374996 
 949   11931.144562308 
 950   11801.9002867525 
 951   11646.6681357184 
 952   11524.0354920079 
 953   11425.8088768144 
 954   11327.9619891002 
 955   11242.8185000265 
 956   11194.36100673 
 957   11135.4636832059 
 958   11066.8467866256 
 959   11021.0052258283 
 960   11008.9695213281 
 961   11022.0527421829 
 962   11029.229651858 
 963   11022.56085118 
 964   11011.2456352091 
 965   10998.6225952703 
 966   11023.6102909337 
 967   11075.3620416544 
 968   11124.0917641324 
 969   11161.002934705 
 970   11192.0189698638 
 971   11237.2673475889 
 972   11315.7921468062 
 973   11399.7572587199 
 974   11443.5181325273 
 975   11524.1585004837 
 976   11580.5132811337 
 977   11621.7307065068 
 978   11719.7982759543 
 979   11825.6873063369 
 980   11963.2790331031 
 981   12134.5587391574 
 982   12378.7104744905 
 983   12758.1965445822 
 984   13216.708288038 
 985   13732.8049802804 
 986   14302.8040121427 
 987   14934.1224281397 
 988   15620.4694706844 
 989   16289.2200084263 
 990   17048.5000462187 
 991   17882.667630689 
 992   18687.3684269355 
 993   19499.819806519 
 994   20258.2087185045 
 995   20997.7610691783 
 996   21681.9067525099 
 997   22241.0628634886 
 998   22808.2199735244 
 999   23337.3032923347 
 1000   23744.276518351 
 1001   24081.9003187028 
 1002   24431.2343058454 
 1003   24611.3446653502 
 1004   24673.6749262473 
 1005   24650.5646311923 
 1006   24494.6680390398 
 1007   24230.6737629991 
 1008   24003.6818874392 
 1009   23577.2726058131 
 1010   22940.8904396809 
 1011   22299.4830114982 
 1012   21663.8716042275 
 1013   20999.2811121842 
 1014   20309.3538585918 
 1015   19657.9408694054 
 1016   19091.319717307 
 1017   18577.8031803745 
 1018   18153.4886862572 
 1019   17836.5074935136 
 1020   17560.3113762406 
 1021   17291.4890562249 
 1022   17138.1389830289 
 1023   17001.0140558724 
 1024   16855.0714086178 
 1025   16739.601510077 
 1026   16676.6689965093 
 1027   16654.4653500679 
 1028   16568.824441359 
 1029   16437.5749836907 
 1030   16351.4786964213 
 1031   16328.1048054813 
 1032   16280.9444616427 
 1033   16216.2954954969 
 1034   16140.8372040238 
 1035   16022.6769847456 
 1036   15850.8798860988 
 1037   15706.5747283257 
 1038   15628.8046229855 
 1039   15469.8888474417 
 1040   15208.8715193373 
 1041   14993.0242260389 
 1042   14743.3742357348 
 1043   14507.9410378718 
 1044   14305.115996394 
 1045   14109.7749015341 
 1046   13915.8623761929 
 1047   13747.8002843634 
 1048   13656.8569034467 
 1049   13588.993324561 
 1050   13532.0142559136 
 1051   13543.3113931289 
 1052   13564.2904734136 
 1053   13616.2020970991 
 1054   13733.7413652606 
 1055   13920.9513070508 
 1056   14146.1520462767 
 1057   14381.8004981171 
 1058   14719.2308656047 
 1059   15170.3058388786 
 1060   15626.0118052076 
 1061   16105.615944854 
 1062   16884.7062874884 
 1063   17789.2170844639 
 1064   18707.3992826556 
 1065   19709.2721113264 
 1066   20816.4110292135 
 1067   21858.9950209713 
 1068   22827.2080286036 
 1069   23770.6784339083 
 1070   24830.3066613723 
 1071   25750.0922371134 
 1072   25886.0037445863 
 1073   25742.3882181682 
 1074   25391.6275491499 
 1075   24787.5009651787 
 1076   24023.0932158083 
 1077   23098.7572185831 
 1078   21817.8154916443 
 1079   20399.4350819104 
 1080   19217.4383942105 
 1081   18320.69613884 
 1082   17463.0373471903 
 1083   16653.6799958982 
 1084   15924.985321912 
 1085   15325.5109864804 
 1086   14833.233882085 
 1087   14376.7436323561 
 1088   13965.1810155158 
 1089   13599.2946665118 
 1090   13291.7046701716 
 1091   12997.915993919 
 1092   12717.3508339452 
 1093   12553.6193071216 
 1094   12415.6419234742 
 1095   12329.7577384872 
 1096   12251.0106911813 
 1097   12159.3300552337 
 1098   12150.1787313034 
 1099   12172.1203873423 
 1100   12201.6912311063 
 1101   12264.2456013672 
 1102   12367.2892770784 
 1103   12505.9931275917 
 1104   12722.0657381741 
 1105   13026.4270435384 
 1106   13482.9933319589 
 1107   14071.0345402247 
 1108   14742.3800633173 
 1109   15499.5260519711 
 1110   16226.2183134763 
 1111   17144.8931919702 
 1112   18169.2233414151 
 1113   19146.3677799619 
 1114   20078.456528036 
 1115   20763.1757683156 
 1116   21316.540498139 
 1117   21694.4267693034 
 1118   21807.1176132909 
 1119   21635.3840517106 
 1120   21170.3736460735 
 1121   20478.2053895292 
 1122   19581.6357215552 
 1123   18594.5554374266 
 1124   17588.177538026 
 1125   16535.646795106 
 1126   15509.9773574369 
 1127   14563.4352267845 
 1128   13730.8602653597 
 1129   13037.1960696747 
 1130   12477.525852855 
 1131   12021.1663726051 
 1132   11670.8383165703 
 1133   11421.8552703134 
 1134   11233.0037439147 
 1135   11065.9726173759 
 1136   10926.5510534643 
 1137   10839.8489537267 
 1138   10776.1286215351 
 1139   10729.7120980059 
 1140   10700.5510644323 
 1141   10678.8198477893 
 1142   10663.1559299802 
 1143   10677.6718964932 
 1144   10749.1519719587 
 1145   10841.6025854192 
 1146   10901.9154319724 
 1147   10939.2362601724 
 1148   11001.6909838897 
 1149   11047.2529025142 
 1150   11087.8374580034 
 1151   11113.6080499645 
 1152   11102.0516345377 
 1153   11055.5585709279 
 1154   10992.4699290429 
 1155   10935.5243243112 
 1156   10858.8897494252 
 1157   10764.1867257637 
 1158   10664.8115614852 
 1159   10565.5621165093 
 1160   10500.5466049248 
 1161   10468.9684770847 
 1162   10442.6269196076 
 1163   10453.6946994136 
 1164   10536.1781776222 
 1165   10649.6328304627 
 1166   10755.003310968 
 1167   10874.5404845361 
 1168   11018.7916676729 
 1169   11177.9299799356 
 1170   11334.8300655263 
 1171   11467.9515472576 
 1172   11555.085954625 
 1173   11597.0196721641 
 1174   11659.0418821297 
 1175   11723.0370873544 
 1176   11725.8800999332 
 1177   11678.6203796828 
 1178   11593.3876370089 
 1179   11525.5318829161 
 1180   11450.7480795164 
 1181   11377.9394892854 
 1182   11310.3809331494 
 1183   11209.1698760008 
 1184   11169.6299525905 
 1185   11094.6863396441 
 1186   11028.9632442593 
 1187   10950.5799199314 
 1188   10819.7806514451 
 1189   10722.0191299047 
 1190   10601.7116398877 
 1191   10494.3865863258 
 1192   10366.4779597765 
 1193   10255.6951069203 
 1194   10189.5306954361 
 1195   10102.2128950252 
 1196   10050.83322546 
 1197   10015.2973356045 
 1198   9956.54583837837 
 1199   9915.0148374401 
 1200   9903.46148563469 
 1201   9879.43039241767 
 1202   9884.51216395792 
 1203   9858.06836143654 
 1204   9848.23506353743 
 1205   9853.33552843068 
 1206   9864.91068813008 
 1207   9891.04841803206 
 1208   9870.51929381676 
 1209   9874.89534912566 
 1210   9815.58072375469 
 1211   9811.64399029958 
 1212   9894.61742917681 
 1213   9934.69079063134 
 1214   9967.83865179141 
 1215   10010.9861362842 
 1216   10076.2094271621 
 1217   10159.1351919191 
 1218   10270.4788410103 
 1219   10411.3721841359 
 1220   10564.5146774875 
 1221   10748.6671053605 
 1222   10925.0925320878 
 1223   11156.8773176007 
 1224   11443.0258282874 
 1225   11759.1602167478 
 1226   12084.1773341098 
 1227   12338.5623662177 
 1228   12611.4474141252 
 1229   12801.5146030192 
 1230   12911.9395426763 
 1231   12958.5726192025 
 1232   12963.8023611414 
 1233   12966.3840635764 
 1234   12795.5372975852 
 1235   12622.6835056506 
 1236   12386.9677545419 
 1237   12108.1790794228 
 1238   11847.9497932871 
 1239   11582.846393454 
 1240   11363.2815124966 
 1241   11131.847436063 
 1242   10992.5434697309 
 1243   10892.9923482988 
 1244   10809.3944874358 
 1245   10761.771081644 
 1246   10709.1282797339 
 1247   10707.6719317735 
 1248   10681.5792086013 
 1249   10688.8057243724 
 1250   10694.1445071553 
 1251   10686.1874777079 
 1252   10710.0191401311 
 1253   10722.8043928767 
 1254   10752.4889531846 
 1255   10777.1929660805 
 1256   10837.1788799759 
 1257   10899.0787280831 
 1258   10941.5927415162 
 1259   10988.3061181218 
 1260   11002.4704117526 
 1261   11047.4984785883 
 1262   11060.6449499803 
 1263   11172.3705179215 
 1264   11333.7166435076 
 1265   11466.9388577385 
 1266   11641.8324784445 
 1267   11785.8110294543 
 1268   11970.5042334708 
 1269   12134.2407147417 
 1270   12332.7174445841 
 1271   12482.6494329986 
 1272   12524.3382294427 
 1273   12569.6255284284 
 1274   12558.1631023266 
 1275   12480.4396577027 
 1276   12407.7315592552 
 1277   12347.3396109126 
 1278   12275.8620622821 
 1279   12217.3670525235 
 1280   12197.2158436791 
 1281   12190.4253159398 
 1282   12239.7704080727 
 1283   12311.8307272364 
 1284   12414.0750757085 
 1285   12533.5333075624 
 1286   12643.4873907405 
 1287   12768.5407256 
 1288   12934.9950062558 
 1289   13112.1236788436 
 1290   13309.7994338811 
 1291   13568.42187464 
 1292   13818.7991165736 
 1293   14078.1523736637 
 1294   14420.0396719085 
 1295   14753.7475110832 
 1296   15108.5809756314 
 1297   15474.0507985749 
 1298   15813.6142798778 
 1299   16141.4069721708 
 1300   16455.3206436683 
 1301   16724.855188106 
 1302   16937.6030788618 
 1303   17066.6720505641 
 1304   17137.5682673124 
 1305   17170.1179842635 
 1306   17121.7278414993 
 1307   17005.2090944376 
 1308   16885.6836649139 
 1309   16757.2192080706 
 1310   16577.5530358075 
 1311   16409.5561206091 
 1312   16196.2339025062 
 1313   15943.7140892504 
 1314   15726.9097609644 
 1315   15529.8121056702 
 1316   15310.8517304889 
 1317   15126.7554584489 
 1318   14979.8511096753 
 1319   14841.7534402668 
 1320   14738.4564932548 
 1321   14654.7470941562 
 1322   14572.7472893304 
 1323   14521.7637568421 
 1324   14489.3487905479 
 1325   14408.5542614343 
 1326   14337.1998222158 
 1327   14253.9766775815 
 1328   14202.2764811871 
 1329   14176.6997300036 
 1330   14173.8694909405 
 1331   14165.8896413179 
 1332   14148.3156260316 
 1333   14226.370279378 
 1334   14281.4219070909 
 1335   14368.3818766711 
 1336   14461.5799906483 
 1337   14569.0681625399 
 1338   14688.5087797614 
 1339   14819.4554977904 
 1340   14984.8531729773 
 1341   15188.4594520292 
 1342   15651.2432328181 
 1343   16286.1535827541 
 1344   17030.9933911925 
 1345   17804.8735556226 
 1346   18635.1635016731 
 1347   19573.2789991687 
 1348   20557.8095928205 
 1349   21528.8017415888 
 1350   22282.8865763328 
 1351   22857.1950152626 
 1352   23292.6822812067 
 1353   23579.2256315737 
 1354   23719.0405799333 
 1355   23811.7553008971 
 1356   23881.0633726606 
 1357   23783.2425554392 
 1358   23651.1912886639 
 1359   23484.4862519486 
 1360   23258.3449082534 
 1361   23099.0670157485 
 1362   22973.2103109959 
 1363   22699.7029668675 
 1364   22289.838891363 
 1365   21902.0460898669 
 1366   21512.6152659043 
 1367   21108.3727315587 
 1368   20747.0284173459 
 1369   20393.0473419726 
 1370   20072.4482304284 
 1371   19863.3850132524 
 1372   19736.1331329074 
 1373   19604.1467249836 
 1374   19494.0449218751 
 1375   19460.054270936 
 1376   19479.1493864524 
 1377   19527.6386333347 
 1378   19687.5667155494 
 1379   19929.7437313678 
 1380   20245.4133816284 
 1381   20706.7213274419 
 1382   21227.6096518815 
 1383   21747.76065798 
 1384   22499.2415933099 
 1385   23338.5384566722 
 1386   24205.2883905529 
 1387   25124.0521915229 
 1388   26044.4500409099 
 1389   26899.6838594874 
 1390   27672.9909207338 
 1391   28323.095188244 
 1392   28776.6554671255 
 1393   29019.4805105088 
 1394   28987.3885466887 
 1395   28826.5505794526 
 1396   28505.6434667042 
 1397   27952.235565139 
 1398   27215.5455212334 
 1399   26370.4071168887 
 1400   25497.3906293776 
 1401   24636.3639485704 
 1402   23713.9533863211 
 1403   22824.5833448607 
 1404   22103.4316719261 
 1405   21409.191632592 
 1406   20796.0745297013 
 1407   20329.5079186655 
 1408   19952.4972359394 
 1409   19682.2554822555 
 1410   19399.9596146088 
 1411   19134.8147577094 
 1412   18860.1664442317 
 1413   18687.9373983638 
 1414   18519.0427281008 
 1415   18311.8371879723 
 1416   18105.408398511 
 1417   17890.0983405017 
 1418   17665.3498596094 
 1419   17464.1533191873 
 1420   17296.6545146957 
 1421   17121.52811755 
 1422   17008.3478269204 
 1423   16885.8113215185 
 1424   16768.8360802274 
 1425   16729.5289100435 
 1426   16742.3333116819 
 1427   16694.2686977655 
 1428   16600.6444195718 
 1429   16618.4133664523 
 1430   16683.0013485795 
 1431   16782.6537599068 
 1432   16892.3963502589 
 1433   17032.4126892699 
 1434   17218.1415015009 
 1435   17538.5160211061 
 1436   17897.3629458039 
 1437   18165.1396106292 
 1438   18443.7471786465 
 1439   18776.0573171458 
 1440   19176.4969345714 
 1441   19573.7363765182 
 1442   19976.7305400633 
 1443   20381.7422762785 
 1444   20821.3459416473 
 1445   21247.4108330985 
 1446   21649.7349188542 
 1447   22026.2087329878 
 1448   22357.2214996703 
 1449   22707.2752211047 
 1450   23054.6329545675 
 1451   23422.286333257 
 1452   23739.1187993887 
 1453   24113.4512438502 
 1454   24535.1087748283 
 1455   24972.7290524308 
 1456   25432.4524194619 
 1457   25915.4858118336 
 1458   26401.9121454339 
 1459   26871.2685963558 
 1460   27318.3888147093 
 1461   27688.2670064392 
 1462   27942.3577864637 
 1463   28128.296504522 
 1464   28182.0926971696 
 1465   28037.7141292864 
 1466   27736.3263606948 
 1467   27358.7181030256 
 1468   26868.0391170384 
 1469   26252.1690505381 
 1470   25567.8920894187 
 1471   24789.0221545686 
 1472   24027.9746612205 
 1473   23266.7203969848 
 1474   22461.0894611671 
 1475   21675.5111410242 
 1476   20920.6326313425 
 1477   20206.5528237057 
 1478   19519.1405596891 
 1479   18880.1935638542 
 1480   18290.6591579941 
 1481   17741.0027051191 
 1482   17277.5552963746 
 1483   16847.4964021691 
 1484   16483.3046844717 
 1485   16148.8732444728 
 1486   15841.2692191772 
 1487   15606.1598719549 
 1488   15390.4730529144 
 1489   15203.9440143266 
 1490   15005.2323216902 
 1491   14774.9876291022 
 1492   14566.7571052832 
 1493   14393.0200005189 
 1494   14247.1241678154 
 1495   14094.9879119703 
 1496   13947.8109967283 
 1497   13764.7261594902 
 1498   13613.3437191947 
 1499   13485.1915141992 
 1500   13346.7809127971 
 1501   13190.7757997595 
 1502   13007.633796405 
 1503   12817.3299144582 
 1504   12648.8805976708 
 1505   12490.2447617127 
 1506   12337.4985983109 
 1507   12195.7268730711 
 1508   12033.9010655467 
 1509   11894.2849022074 
 1510   11770.0383372775 
 1511   11674.8347910636 
 1512   11611.4974194803 
 1513   11528.2363203304 
 1514   11384.4925186469 
 1515   11286.4919824252 
 1516   11228.1324074566 
 1517   11158.1508676331 
 1518   11094.4006567011 
 1519   10983.5093523231 
 1520   10869.8826373052 
 1521   10813.3517278495 
 1522   10822.471738651 
 1523   10745.7903455985 
 1524   10694.0941652369 
 1525   10631.7544968741 
 1526   10578.4474589227 
 1527   10554.1861431075 
 1528   10509.3025225953 
 1529   10455.8355428829 
 1530   10413.2859746069 
 1531   10366.9698978426 
 1532   10331.4334770593 
 1533   10304.4450306927 
 1534   10279.1726377858 
 1535   10308.3353049454 
 1536   10453.5215409482 
 1537   10619.4698486085 
 1538   10873.4553649666 
 1539   11092.3022638117 
 1540   11328.6266424647 
 1541   11598.2907273721 
 1542   11839.428212784 
 1543   12007.4210430741 
 1544   12097.5495914145 
 1545   12050.3105643738 
 1546   11885.3111259956 
 1547   11694.9188371666 
 1548   11415.8219367323 
 1549   11097.5466336605 
 1550   10781.2951192038 
 1551   10505.9454732532 
 1552   10223.7732528267 
 1553   10085.8303983458 
 1554   9951.85913403987 
 1555   9917.20807141217 
 1556   9902.84204916428 
 1557   9875.12733435005 
 1558   9844.86904415577 
 1559   9831.62474527349 
 1560   9843.34515616492 
 1561   9859.85635385395 
 1562   9872.74653276171 
 1563   9886.34592655059 
 1564   9956.74491178734 
 1565   10029.600108505 
 1566   10090.4181129952 
 1567   10163.4121629733 
 1568   10258.8777788568 
 1569   10374.2297568471 
 1570   10430.9800155556 
 1571   10491.8334397113 
 1572   10589.3239523664 
 1573   10646.9224463517 
 1574   10719.4837112848 
 1575   10771.2746214683 
 1576   10795.5951001971 
 1577   10859.5508499701 
 1578   10913.4260661751 
 1579   10898.8305393404 
 1580   10854.4846270121 
 1581   10847.2572721729 
 1582   10799.0179794918 
 1583   10723.0450984637 
 1584   10618.6186528258 
 1585   10521.1660339168 
 1586   10439.0981883786 
 1587   10350.6170002191 
 1588   10250.1337393815 
 1589   10112.2209078502 
 1590   10001.3377089207 
 1591   9917.89368981537 
 1592   9807.33592224155 
 1593   9693.13532617802 
 1594   9626.20088892461 
 1595   9545.21056732227 
 1596   9462.33087801761 
 1597   9439.403320812 
 1598   9386.49351752074 
 1599   9335.6363437287 
 1600   9346.1942039724 
 1601   9316.9724450036 
 1602   9317.88615514407 
 1603   9360.63434132622 
 1604   9364.96080983934 
 1605   9379.15445254617 
 1606   9434.46806310203 
 1607   9497.87904387803 
 1608   9511.93453272108 
 1609   9519.67818215034 
 1610   9523.44152156407 
 1611   9560.50856974074 
 1612   9624.82157199073 
 1613   9673.93976743708 
 1614   9673.97414681695 
 1615   9713.98379150551 
 1616   9811.05797169945 
 1617   9885.54727288738 
 1618   9924.71096975383 
 1619   9941.80630081474 
 1620   9992.8114556054 
 1621   10045.3777584123 
 1622   10150.7165288457 
 1623   10293.2414308666 
 1624   10455.444790765 
 1625   10667.8422144967 
 1626   10987.9028269407 
 1627   11328.9438476038 
 1628   11837.5378686904 
 1629   12454.4075898581 
 1630   13187.1994129017 
 1631   14084.1445895189 
 1632   15165.3373911795 
 1633   16235.2881059772 
 1634   17559.9858204407 
 1635   19030.4492595958 
 1636   20515.4495815466 
 1637   21869.221921729 
 1638   23024.4766115903 
 1639   23931.771138873 
 1640   24475.1940651832 
 1641   24588.295602641 
 1642   24228.255823419 
 1643   23468.5916630857 
 1644   22367.5902809983 
 1645   21043.2779193763 
 1646   19576.3878093863 
 1647   18041.8294239973 
 1648   16537.5877484414 
 1649   15267.7974802392 
 1650   13996.0518198344 
 1651   13012.4579928178 
 1652   12212.6925250639 
 1653   11497.2915032366 
 1654   10923.0400283693 
 1655   10491.4090640285 
 1656   10128.2831484292 
 1657   9865.7222039121 
 1658   9636.65322122312 
 1659   9407.6982499713 
 1660   9269.7429484186 
 1661   9143.89036885071 
 1662   9039.45019459713 
 1663   8915.70576542152 
 1664   8768.43968665397 
 1665   8644.08276691135 
 1666   8539.43028359511 
 1667   8441.7081225835 
 1668   8351.67973099149 
 1669   8245.26549174909 
 1670   8149.36885618429 
 1671   8106.71768152174 
 1672   8057.26407640557 
 1673   7997.55076378853 
 1674   7936.90040255568 
 1675   7870.80903013165 
 1676   7834.36006825697 
 1677   7782.94128669732 
 1678   7743.87705921548 
 1679   7660.09766733019 
 1680   7618.12573444819 
 1681   7586.19942622842 
 1682   7582.44391282356 
 1683   7506.67885886717 
 1684   7453.79332148072 
 1685   7369.18010084204 
 1686   7370.20591131466 
 1687   7369.47133507541 
 1688   7323.84215153718 
 1689   7258.90967614109 
 1690   7244.11474474904 
 1691   7221.30098928641 
 1692   7198.88725725461 
 1693   7163.89384458371 
 1694   7097.25492334378 
 1695   7079.01064626285 
 1696   7034.59815910413 
 1697   6968.20803920258 
 1698   6938.18817203345 
 1699   6904.59296948633 
 1700   6783.91172019914 
 1701   6766.89550406612 
 1702   6599.78889999247 
 1703   7278.03079461724 
 1704   7509.00424407535 
 1705   7381.30473588967 
 1706   7402.57378420769 
 1707   7404.87948779243 
 1708   7421.44151759289 
 1709   7118.69624149127 
 1710   6586.0619312 
 1711   6406.38705675581 
 1712   6392.62129615864 
 1713   6316.32476915711 
 1714   6305.92337164049 
 1715   6276.13017503201 
 1716   6218.18786002488 
 1717   6164.04014747896 
 1718   6103.66492967051 
 1719   6086.05604719953 
 1720   6060.40115793513 
 1721   6001.70517442689 
 1722   5978.47492580038 
 1723   5989.74693506538 
 1724   6006.96491728994 
 1725   6007.97947438425 
 1726   5981.25596885351 
 1727   5954.77158338856 
 1728   5931.0022569449 
 1729   5884.53046833897 
 1730   5842.28943692537 
 1731   5815.80883345318 
 1732   5778.91904200546 
 1733   5767.77958805945 
 1734   5735.18144307867 
 1735   5707.09323491404 
 1736   5714.38301970807 
 1737   5707.23136089934 
 1738   5664.99577936316 
 1739   5630.47585776003 
 1740   5596.97051834025 
 1741   5586.487640547 
 1742   5578.44691212263 
 1743   5532.64723726502 
 1744   5492.79845612954 
 1745   5450.42910912195 
 1746   5413.27249737575 
 1747   5367.2213107357 
 1748   5350.94558009256 
 1749   5318.535556816 
 1750   5289.95733755378 
 1751   5281.42712108157 
 1752   5269.43492994012 
 1753   5241.04083258752 
 1754   5241.2641148028 
 1755   5207.19137148348 
 1756   5160.39345483418 
 1757   5135.14920336175 
 1758   5093.02193065231 
 1759   5075.29375778576 
 1760   5061.67438437076 
 1761   5025.26323921473 
 1762   4973.41738943394 
 1763   4974.43520573182 
 1764   4968.77224554187 
 1765   4939.20469146201 
 1766   4927.39145337343 
 1767   4911.71451179154 
 1768   4919.37320519279 
 1769   4914.09999880369 
 1770   4879.46393915667 
 1771   4856.74488326617 
 1772   4835.96079858764 
 1773   4823.9556943035 
 1774   4844.04813587998 
 1775   4867.39848181987 
 1776   4897.41841169187 
 1777   4952.86743897605 
 1778   4999.55651282922 
 1779   5062.43786348572 
 1780   5138.5402703894 
 1781   5177.65260847845 
 1782   5196.9682216881 
 1783   5208.70877721174 
 1784   5160.68379036391 
 1785   5093.90002664668 
 1786   5026.17672688765 
 1787   4940.58160733996 
 1788   4845.44696346182 
 1789   4736.33100398719 
 1790   4661.51485663638 
 1791   4622.23556389968 
 1792   4586.63869302352 
 1793   4536.34511534653 
 1794   4510.79011562362 
 1795   4484.04787433177 
 1796   4462.76609650229 
 1797   4431.86784238593 
 1798   4324.11178675051 
 1799   4278.56807338543 
 1800   4282.97506257287 
 1801   4266.49441114204 
 1802   4262.30235679739 
 1803   4242.22180402998 
 1804   4251.47050708672 
 1805   4328.27538285393 
 1806   4362.8762771329 
 1807   4357.02123948204 
 1808   4366.88847979915 
 1809   4380.61068266078 
 1810   4360.90181525496 
 1811   4347.79674485938 
 1812   4365.00428452624 
 1813   4333.93420806953 
 1814   4310.36218013045 
 1815   4255.81693952918 
 1816   4234.88327006916 
 1817   4254.2277087225 
 1818   4246.98019994142 
 1819   4217.46130769418 
 1820   4218.65113411383 
 1821   4210.29063959591 
 1822   4205.08628800797 
 1823   4207.22148101361 
 1824   4194.06515742929 
 1825   4199.35284587165 
 1826   4208.31606417019 
 1827   4189.68726932213 
 1828   4161.75536047612 
 1829   4105.25626215878 
 1830   4080.70295507475 
 1831   4089.10528474378 
 1832   4067.86508752096 
 1833   4032.75079061976 
 1834   3997.42176349372 
 1835   4019.17637115071 
 1836   4043.40874107225 
 1837   4000.8233717337 
 1838   3949.07296859489 
 1839   3905.00321819572 
 1840   3903.69334189439 
 1841   3901.50956477392 
 1842   3868.11799204718 
 1843   3869.84971604702 
 1844   3874.78700615689 
 1845   3887.83216917313 
 1846   3823.98837755964 
 1847   3798.05446393914 
 1848   3797.02091159411 
 1849   3803.84029684882 
 1850   3784.1365127971 
 1851   3783.92595829511 
 1852   3761.16906798974 
 1853   3808.01542736962 
 1854   3814.06784835781 
 1855   3813.49202520142 
 1856   3800.25946386758 
 1857   3823.53863080542 
 1858   3817.15870648114 
 1859   3855.79021425812 
 1860   3875.06991625898 
 1861   3859.59752041993 
 1862   3851.29635592068 
 1863   3850.42089138824 
 1864   3852.91528748503 
 1865   3842.71691660417 
 1866   3812.84648898783 
 1867   3795.29837870319 
 1868   3775.09959972022 
 1869   3760.94148528511 
 1870   3742.73958539865 
 1871   3705.2949682954 
 1872   3668.26363900562 
 1873   3653.12612852899 
 1874   3618.57982713778 
 1875   3630.08098488459 
 1876   3621.96731870146 
 1877   3609.97641259225 
 1878   3616.65492357861 
 1879   3627.12638419459 
 1880   3599.31657872625 
 1881   3609.05752166901 
 1882   3537.12272316195 
 1883   3531.53291012815 
 1884   3522.84851580583 
 1885   3503.68804426626 
 1886   3502.60933552849 
 1887   3511.01315949264 
 1888   3518.89012034462 
 1889   3543.84535815192 
 1890   3528.94185665238 
 1891   3495.46725630191 
 1892   3460.80089760896 
 1893   3437.4375818339 
 1894   3415.44095342984 
 1895   3407.74477352921 
 1896   3371.95995978013 
 1897   3361.87047564883 
 1898   3405.36306211881 
 1899   3415.33089605317 
 1900   3424.17576250548 
 1901   3429.26105726027 
 1902   3450.85331071948 
 1903   3473.97610497425 
 1904   3457.35899707883 
 1905   3442.09433296235 
 1906   3422.79626963637 
 1907   3380.42423898485 
 1908   3337.7363903357 
 1909   3307.063775751 
 1910   3286.3576123789 
 1911   3264.94052723085 
 1912   3259.17223761208 
 1913   3255.71278767557 
 1914   3255.53670506733 
 1915   3245.51866944323 
 1916   3253.29004808187 
 1917   3217.12554767463 
 1918   3156.07488983413 
 1919   3139.17993206786 
 1920   3137.46312847592 
 1921   3145.93559367509 
 1922   3129.99939769438 
 1923   3055.74454450168 
 1924   3092.6221295666 
 1925   3096.73690979901 
 1926   3059.77265024065 
 1927   3010.24768799305 
 1928   2956.16108484241 
 1929   2944.90488563384 
 1930   2938.94552418657 
 1931   2904.14718793365 
 1932   2878.90480108547 
 1933   2891.32127685395 
 1934   2893.13585180733 
 1935   2877.54276286301 
 1936   2883.3082310124 
 1937   2912.31109409872 
 1938   2942.84651193371 
 1939   2936.67994152699 
 1940   2905.56766262759 
 1941   2906.59453645551 
 1942   2902.51658979266 
 1943   2883.88827165831 
 1944   2867.86710542084 
 1945   2840.71557225755 
 1946   2804.95917688428 
 1947   2952.59294939366 
 1948   3025.35893550777 
 1949   2983.36556979393 
 1950   2966.22247588404 
 1951   2980.12697959741 
 1952   2972.49105746732 
 1953   2974.72373223644 
 1954   2749.47545362192 
 1955   2750.35209892963 
 1956   2761.48870269407 
 1957   2755.94843941368 
 1958   2732.22224059185 
 1959   2698.76885299953 
 1960   2677.16711650297 
 1961   2674.43378591815 
 1962   2646.39195852953 
 1963   2631.11058397309 
 1964   2623.94955231651 
 1965   2588.40472326531 
 1966   2587.68526361727 
 1967   2573.10375020459 
 1968   2578.6727808566 
 1969   2545.94160834586 
 1970   2527.52228485554 
 1971   2523.23648762698 
 1972   2517.60353638056 
 1973   2511.25460857966 
 1974   2522.64742006787 
 1975   2520.32564333972 
 1976   2495.91467416331 
 1977   2494.23124949257 
 1978   2484.65154765634 
 1979   2488.39252095042 
 1980   2464.55739396209 
 1981   2458.01182586601 
 1982   2424.85445495564 
 1983   2423.51603251067 
 1984   2415.17585380088 
 1985   2414.28850390611 
 1986   2386.27102656622 
 1987   2352.46633496478 
 1988   2344.70180835311 
 1989   2353.67040580626 
 1990   2324.70600907585 
 1991   2299.79496413456 
 1992   2292.37274693555 
 1993   2308.48433090902 
 1994   2315.67255419662 
 1995   2295.68810155578 
 1996   2279.10083917488 
 1997   2271.73454081864 
 1998   2253.25588776787 
 1999   2230.02746265016 
 2000   2206.38027720789 
 2001   2205.40894734816 
 2002   2211.11206521474 
 2003   2226.4266120532 
 2004   2219.10205601629 
 2005   2197.58369222579 
 2006   2160.37698997756 
 2007   2168.54264520484 
 2008   2144.13715184133 
 2009   2110.12017087491 
 2010   2101.81299399255 
 2011   2115.77320457283 
 2012   2130.83727674314 
 2013   2097.2679161126 
 2014   2088.77980980383 
 2015   2097.68596925176 
 2016   2081.1560047858 
 2017   2052.21273364157 
 2018   2052.29858346638 
 2019   2004.1662912151 
 2020   2468.18570381118 
 2021   3210.41079004214 
 2022   3068.98071166289 
 2023   3061.06252612587 
 2024   3048.93228630242 
 2025   3009.01409240785 
 2026   3021.5524510967 
 2027   1946.26600271166 
 2028   1965.38556736997 
 2029   1963.00084229427 
 2030   1963.39834761779 
 2031   1960.75225669242 
 2032   1976.71268120797 
 2033   1958.6840651289 
 2034   1941.23809713378 
 2035   1919.24823442036 
 2036   1934.84399067421 
 2037   1917.64658181447 
 2038   1875.86701981141 
 2039   1837.96500302634 
 2040   1837.81861836953 
 2041   1851.16071712169 
 2042   1848.97973215327 
 2043   1799.63011879451 
 2044   1809.92810590876 
 2045   1786.49787165752 
 2046   1790.79890521559 
 2047   1786.30387369904 
 2048   1733.40165517756 
 2049   1761.33808509725 
 2050   1767.14442330405 
 2051   1745.10544928059 
 2052   1733.87050427368 
 2053   1720.1481671629 
 2054   1740.31298411703 
 2055   1720.61171758525 
 2056   1712.5883122246 
 2057   1726.20949567362 
 2058   1748.49609205859 
 2059   1722.58254141138 
 2060   1684.30882774988 
 2061   1672.32225417181 
 2062   1701.86419294327 
 2063   1699.67301585776 
 2064   1672.35473795171 
 2065   1672.21301514906 
 2066   1675.73249488034 
 2067   1665.35338114368 
 2068   1650.94494941962 
 2069   1621.86832995708 
 2070   1642.24344372494 
 2071   1632.46745620733 
 2072   1642.57258652902 
 2073   1647.40920686547 
 2074   1627.92961864545 
 2075   1628.08839030188 
 2076   1612.06749587607 
 2077   1624.0241163779 
 2078   1614.83629515639 
 2079   1612.15090583175 
 2080   1665.99262763281 
 2081   1669.37490366381 
 2082   1656.95044112724 
 2083   1649.15192844465 
 2084   1639.5664564451 
 2085   1641.38609085965 
 2086   1580.75787787732 
 2087   1537.24553265545 
 2088   1540.7798034428 
 2089   1513.26334510769 
 2090   1476.0218955453 
 2091   1462.75530626088 
 2092   1467.20672077783 
 2093   1479.96480329983 
 2094   1454.72954368123 
 2095   1460.69847102731 
 2096   1480.62990087792 
 2097   1471.0579155329 
 2098   1497.7193669937 
 2099   1479.78090883136 
 2100   1474.02893684304 
 2101   1493.24131887264 
 2102   1467.30560724604 
 2103   1457.87338546024 
 2104   1432.77489714287 
 2105   1398.65549827985 
 2106   1405.14963815135 
 2107   1390.2931810885 
 2108   1419.83423284305 
 2109   1438.17307041062 
 2110   1456.78895362256 
 2111   1451.15927030599 
 2112   1467.30729687854 
 2113   1458.99988980789 
 2114   1424.43617862356 
 2115   1398.80042304399 
 2116   1386.11604375523 
 2117   1382.06663827744 
 2118   1392.96738452173 
 2119   1372.17100845389 
 2120   1361.66570741464 
 2121   1363.50533926789 
 2122   1340.70830428527 
 2123   1317.45495044638 
 2124   1298.60848666742 
 2125   1260.11964118967 
 2126   1280.72736491609 
 2127   1258.92910845657 
 2128   1250.00470979506 
 2129   1268.83791882578 
 2130   1247.990252365 
 2131   1271.48115018781 
 2132   1265.13953091607 
 2133   1264.41053173139 
 2134   1303.52627520241 
 2135   1280.33259000609 
 2136   1278.79157614775 
 2137   1275.36794718438 
 2138   1258.50267259939 
 2139   1266.21666399929 
 2140   1229.36888647639 
 2141   1243.15743470062 
 2142   1266.59257840673 
 2143   1276.03902292116 
 2144   1254.10462272583 
 2145   1250.21144623589 
 2146   1231.73609336248 
 2147   1216.80200289843 
 2148   1209.37210997895 
 2149   1190.26670183337 
 2150   1185.62850911652 
 2151   1166.35050480548 
 2152   1158.75043066524 
 2153   1150.93154803065 
 2154   1159.42626893444 
 2155   1096.93137108799 
 2156   1780.18948892989 
 2157   2545.36313385201 
 2158   2450.99574364047 
 2159   2488.05170348834 
 2160   2487.33094603342 
 2161   2507.8877737344 
 2162   2339.57840460858 
 2163   1544.69260005818 
 2164   1231.93212818345 
 2165   1273.79771999274 
 2166   1255.35254562177 
 2167   1213.30050514273 
 2168   1185.79476538465 
 2169   1168.56566359371 
 2170   1190.19463649962 
 2171   1157.68519673623 
 2172   1156.96233508325 
 2173   1175.9423273313 
 2174   1170.66884806562 
 2175   1176.91908715884 
 2176   1162.64990259669 
 2177   1184.99500948717 
 2178   1175.19465525471 
 2179   1167.63846583121 
 2180   1149.90930181633 
 2181   1152.12664436264 
 2182   1128.52776038191 
 2183   1120.97660152345 
 2184   1110.90700381401 
 2185   1104.03650852866 
 2186   1097.13385110935 
 2187   1073.19038206467 
 2188   1071.1413763515 
 2189   1045.32696072843 
 2190   1027.45745637696 
 2191   1005.13074809587 
 2192   1013.97910734793 
 2193   1018.29548183899 
 2194   1029.26119937756 
 2195   1021.58395284647 
 2196   1004.89958218738 
 2197   1009.83026666361 
 2198   993.336249687648 
 2199   1001.84416478931 
 2200   998.215853252827 
 2201   1023.91093803573 
 2202   1077.27317081251 
 2203   1092.13372904398 
 2204   1111.8253749338 
 2205   1070.5150126918 
 2206   1074.04339770115 
 2207   1044.38163811498 
 2208   1035.94570836994 
 2209   1008.82366161872 
 2210   996.543644120463 
 2211   1035.13826303655 
 2212   996.157965254111 
 2213   992.624038999561 
 2214   985.636484227476 
 2215   995.084768444014 
 2216   973.990472828998 
 2217   957.539435357749 
 2218   964.017945049863 
 2219   956.454709218909 
 2220   956.732594720771 
 2221   974.772665223119 
 2222   980.66111966931 
 2223   965.366818183315 
 2224   972.406117022278 
 2225   986.897760674189 
 2226   975.568014668774 
 2227   932.433297833054 
 2228   918.363179475457 
 2229   933.245404263837 
 2230   936.972811885079 
 2231   984.364220144874 
 2232   704.134258504725 
 2233   2472.09062942785 
 2234   3385.27421677775 
 2235   3286.85664498498 
 2236   3276.31862590622 
 2237   3233.71552175248 
 2238   3515.86480689382 
 2239   1614.76790403975 
 2240   843.304604616492 
 2241   916.718445985562 
 2242   917.209157790527 
 2243   913.431843081941 
 2244   916.737255468942 
 2245   909.391501202343 
 2246   900.803006371143 
 2247   897.879528340352 
 2248   887.442144635551 
 2249   870.195423352828 
 2250   884.351462484252 
 2251   919.701909627755 
 2252   920.622066959421 
 2253   906.057669297645 
 2254   885.078846094232 
 2255   868.252435176165 
 2256   849.884999249775 
 2257   842.218374526313 
 2258   848.111737114229 
 2259   866.95403349617 
 2260   892.624455375571 
 2261   898.787912013443 
 2262   901.703038469648 
 2263   929.94043681057 
 2264   915.698113255399 
 2265   899.027110706435 
 2266   911.45133845902 
 2267   922.95300819131 
 2268   896.385584288307 
 2269   864.96529817818 
 2270   903.137094024353 
 2271   887.747147857773 
 2272   878.727884913737 
 2273   873.929447542409 
 2274   883.517635052474 
 2275   873.562745328729 
 2276   840.787433720853 
 2277   847.521839141302 
 2278   833.528444130018 
 2279   844.276808784003 
 2280   845.30780625991 
 2281   846.391565079368 
 2282   857.659605243473 
 2283   880.125213591362 
 2284   860.449754607546 
 2285   849.850881551333 
 2286   845.806376120016 
 2287   855.216969123968 
 2288   854.38425395181 
 2289   844.092498960366 
 2290   859.446774417508 
 2291   853.801661028418 
 2292   854.781414900087 
 2293   866.513365208426 
 2294   839.813679553288 
 2295   831.01765558532 
 2296   805.351126690397 
 2297   799.426557580251 
 2298   798.119948546903 
 2299   783.732331262738 
 2300   789.609425873119 
 2301   777.730305713256 
 2302   798.348860738257 
 2303   785.717438976356 
 2304   770.919811034602 
 2305   746.078661301437 
 2306   737.64551215413 
 2307   753.975183218284 
 2308   765.949226928666 
 2309   766.556484846398 
 2310   748.365607392413 
 2311   776.786119416792 
 2312   784.435243117551 
 2313   756.270080551726 
 2314   749.637355836845 
 2315   733.873635062438 
 2316   732.034983546246 
 2317   690.730202243741 
 2318   686.045286600677 
 2319   679.902245356708 
 2320   669.069485936752 
 2321   692.80707425838 
 2322   686.813747015597 
 2323   694.063958360541 
 2324   687.60250848257 
 2325   706.428877358079 
 2326   711.256309466844 
 2327   707.237589389557 
 2328   726.469120081598 
 2329   714.230907354346 
 2330   709.659348701962 
 2331   695.650871548158 
 2332   673.668190457518 
 2333   651.591165820924 
 2334   652.891451834549 
 2335   662.708762055069 
 2336   657.250631071926 
 2337   668.149422718307 
 2338   679.330232901673 
 2339   707.195102885098 
