05-29-2020  13:18:06
Wavenumber (cm-1)  CCD Output
 251   3864.62671582148 
 252   4066.57627275978 
 253   4273.90237110536 
 254   4483.36429420426 
 255   4693.75618313236 
 256   4909.65738967762 
 257   5137.77540414282 
 258   5370.4850245848 
 259   5579.77326466359 
 260   5728.06121324534 
 261   5831.59472010996 
 262   5914.81921529225 
 263   5983.77220474456 
 264   6020.2168113627 
 265   6016.10802208109 
 266   5993.68883123355 
 267   5953.9186668701 
 268   5886.51903825454 
 269   5785.39693831126 
 270   5673.40124598803 
 271   5577.55371282763 
 272   5496.82352865067 
 273   5438.03553321707 
 274   5407.75816056649 
 275   5390.67361960108 
 276   5386.48652466697 
 277   5407.15889930535 
 278   5456.61650718982 
 279   5537.59489153747 
 280   5648.42388860944 
 281   5769.49389355487 
 282   5894.45308200345 
 283   6028.51974759216 
 284   6148.88231874735 
 285   6249.19683736956 
 286   6347.94928463558 
 287   6444.2126338961 
 288   6535.20743042586 
 289   6619.39121024092 
 290   6664.77170516399 
 291   6667.91405078197 
 292   6676.54173667425 
 293   6682.99301885901 
 294   6667.92252756196 
 295   6635.49115874019 
 296   6598.7252866957 
 297   6556.51906271324 
 298   6479.97751105033 
 299   6378.17246918991 
 300   6281.9704760842 
 301   6216.61066615899 
 302   6147.76825287671 
 303   6041.57962571521 
 304   5939.93720872496 
 305   5842.69961308301 
 306   5728.91932657841 
 307   5611.27825057907 
 308   5514.83150986183 
 309   5447.00680797943 
 310   5355.98320454606 
 311   5230.96114791997 
 312   5095.62327310928 
 313   4960.95026666505 
 314   4845.36556187645 
 315   4757.59968815575 
 316   4651.33972036126 
 317   4538.51299320474 
 318   4465.89547267665 
 319   4390.67814413182 
 320   4306.70910108144 
 321   4252.84623203922 
 322   4237.05378594822 
 323   4254.19210593202 
 324   4291.4719480568 
 325   4327.81915430484 
 326   4381.10018454909 
 327   4489.40773580612 
 328   4597.77678181168 
 329   4693.38513491001 
 330   4826.85971720109 
 331   5003.62318595509 
 332   5208.46705767612 
 333   5422.75862253751 
 334   5648.27462572273 
 335   5896.76130912545 
 336   6171.4280626698 
 337   6413.49857082735 
 338   6601.3802135572 
 339   6783.73843636427 
 340   7020.6255605508 
 341   7307.23487590653 
 342   7571.98904539716 
 343   7825.29825257817 
 344   8090.85374829787 
 345   8367.99733621826 
 346   8625.51450423165 
 347   8828.94081272788 
 348   8987.86193458189 
 349   9295.45704650393 
 350   9725.71694397179 
 351   9970.9387583196 
 352   10122.7193655396 
 353   10297.6816083998 
 354   10464.9536069049 
 355   10593.8363881392 
 356   10692.410683047 
 357   10801.1675825307 
 358   10893.799223531 
 359   10928.4986461995 
 360   10888.3533899899 
 361   10835.6109827655 
 362   10797.3093891411 
 363   10728.1548488707 
 364   10597.7952605765 
 365   10423.6693394268 
 366   10265.2265856457 
 367   10140.0387546872 
 368   10029.0432582838 
 369   9906.05470522667 
 370   9836.30456387226 
 371   9834.59804694592 
 372   9845.3595877595 
 373   9897.85569161267 
 374   10036.4519739178 
 375   10274.672500178 
 376   10544.1066982832 
 377   10806.3056781097 
 378   11083.0871577614 
 379   11416.3365444031 
 380   11788.7379484662 
 381   12133.707925781 
 382   12440.2716401182 
 383   12705.2624661493 
 384   12915.2128872771 
 385   13042.7907124993 
 386   13089.2592736838 
 387   13084.5960302296 
 388   13056.8250323114 
 389   12973.3568006656 
 390   12790.7764509503 
 391   12581.9221568634 
 392   12357.2497146986 
 393   12087.2764647273 
 394   11814.3476574772 
 395   11553.4130092012 
 396   11301.5234723848 
 397   11080.6445612327 
 398   10867.6388253476 
 399   10637.2399138564 
 400   10430.8732735469 
 401   10242.0828281589 
 402   10051.1023498442 
 403   9880.37157857759 
 404   9720.93484884403 
 405   9546.89501473003 
 406   9341.66665473288 
 407   9113.67364957649 
 408   8873.28472830163 
 409   8615.67096163105 
 410   8348.33943259811 
 411   8070.71832530219 
 412   7769.9041131577 
 413   7491.45267987769 
 414   7250.93205332205 
 415   7000.98204087561 
 416   6750.00467464705 
 417   6525.10052551103 
 418   6345.09309236583 
 419   6201.07771438623 
 420   6075.23241864405 
 421   5957.17013295994 
 422   5867.83542030996 
 423   5786.75235259421 
 424   5667.21086052032 
 425   5533.52508137282 
 426   5418.73330738913 
 427   5323.49570922848 
 428   5177.30425307102 
 429   4995.59570748568 
 430   4826.54924327148 
 431   4629.33589098338 
 432   4436.43335574067 
 433   4287.09604104947 
 434   4128.95297968845 
 435   3986.24990943834 
 436   3886.72416904229 
 437   3782.86385052102 
 438   3647.99667523464 
 439   3501.71248959474 
 440   3404.39930521347 
 441   3355.84025656107 
 442   3328.13843899769 
 443   3296.34821975754 
 444   3272.48254794704 
 445   3255.34632651322 
 446   3223.72499497944 
 447   3184.65050526612 
 448   3181.03596944132 
 449   3239.93797876809 
 450   3261.11951013446 
 451   3238.27744562844 
 452   3229.63620715182 
 453   3224.93273542743 
 454   3219.32847102537 
 455   3218.2573531385 
 456   3226.61859194016 
 457   3251.06410460219 
 458   3291.33604725734 
 459   3339.00954125776 
 460   3420.41830215967 
 461   3538.9046009493 
 462   3661.84377401551 
 463   3842.38652619609 
 464   4094.61182875277 
 465   4372.84039165254 
 466   4701.09497812101 
 467   5052.49559344182 
 468   5387.75121702402 
 469   5820.26673824907 
 470   6315.54508451965 
 471   6771.86780153389 
 472   7237.11807813812 
 473   7655.40931504833 
 474   7961.65279855008 
 475   8206.86178241995 
 476   8362.28237819548 
 477   8447.32524417975 
 478   8570.19949596266 
 479   8560.44131192243 
 480   8357.69971422447 
 481   8114.95890679837 
 482   7812.2818638575 
 483   7475.8567169397 
 484   7189.92957606453 
 485   6936.16127034521 
 486   6725.14545899849 
 487   6588.39279281925 
 488   6520.05313203234 
 489   6526.5172157743 
 490   6616.34022955739 
 491   6785.86269226867 
 492   7047.79766240002 
 493   7381.39832901283 
 494   7718.9753425795 
 495   8046.90298576357 
 496   8370.14453637721 
 497   8689.27450854822 
 498   8988.66168438585 
 499   9254.96233950334 
 500   9474.93980096275 
 501   9624.97527588729 
 502   9708.83171210424 
 503   9720.87462868889 
 504   9618.52691892055 
 505   9485.44139057035 
 506   9360.92534324254 
 507   9154.1635799277 
 508   8895.26699220302 
 509   8620.61921745413 
 510   8329.25980003375 
 511   8033.28312612792 
 512   7719.84952937466 
 513   7386.91912177748 
 514   7113.25917141428 
 515   6887.04923039837 
 516   6661.10766957053 
 517   6441.78890941141 
 518   6249.49810119719 
 519   6082.15647970073 
 520   5917.07912181452 
 521   5801.6661906746 
 522   5736.19685631276 
 523   5673.80515779215 
 524   5638.20337799502 
 525   5614.47580531993 
 526   5578.93831980462 
 527   5572.32565154764 
 528   5584.66322953369 
 529   5599.26706678401 
 530   5630.54808719786 
 531   5643.436724176 
 532   5638.5007628969 
 533   5658.00988160717 
 534   5662.78519036161 
 535   5649.27594062573 
 536   5648.52726434876 
 537   5659.17625041978 
 538   5667.83639023294 
 539   5668.39909512071 
 540   5671.00731555485 
 541   5663.27934293214 
 542   5643.03098021835 
 543   5626.07924568824 
 544   5599.64752250435 
 545   5556.96528106187 
 546   5500.29424350359 
 547   5423.40066728683 
 548   5323.62040015645 
 549   5205.98413126833 
 550   5082.85992096616 
 551   4958.78687882966 
 552   4826.37813252772 
 553   4676.12699129434 
 554   4532.8775080484 
 555   4402.13513223575 
 556   4275.26321005577 
 557   4170.39496000908 
 558   4083.26796962756 
 559   4005.21440095092 
 560   3946.52465025012 
 561   3906.43652509244 
 562   3871.62707161895 
 563   3829.72426088988 
 564   3805.19095022588 
 565   3798.88949823446 
 566   3789.89306335257 
 567   3772.76898458061 
 568   3776.06563248997 
 569   3806.82162857341 
 570   3824.22190316767 
 571   3862.62053648902 
 572   3952.79061106432 
 573   4087.59457562634 
 574   4245.40623345099 
 575   4421.69497803217 
 576   4651.1766386313 
 577   5005.32067488928 
 578   5436.13925327067 
 579   5910.68467568959 
 580   6463.30956149448 
 581   7004.06145045614 
 582   7586.02209029935 
 583   8341.28548181639 
 584   9189.16036893891 
 585   10072.6140907559 
 586   10976.2919429375 
 587   11888.5715734782 
 588   12753.3697763045 
 589   13539.1015373739 
 590   14241.7478249045 
 591   14807.1712795504 
 592   15225.2639536624 
 593   15453.3153709421 
 594   15362.3590541303 
 595   15207.9158126316 
 596   15050.8345525591 
 597   14605.151198799 
 598   14047.3481735958 
 599   13486.3439519513 
 600   12908.7534334497 
 601   12374.6717943376 
 602   11917.720909073 
 603   11487.7608062795 
 604   11015.6297284841 
 605   10765.6908654252 
 606   10780.8039338357 
 607   10872.6505346334 
 608   11009.7780619504 
 609   11153.5031818779 
 610   11263.3104624687 
 611   11329.2355701109 
 612   11354.0521978286 
 613   11396.235109801 
 614   11455.7302863882 
 615   11246.3298935179 
 616   10833.4307692331 
 617   10394.9881857847 
 618   9900.4425627739 
 619   9397.85553467448 
 620   8917.48873517669 
 621   8445.10003555309 
 622   7998.22917600868 
 623   7597.65588816009 
 624   7304.3181889224 
 625   7207.27484021867 
 626   7137.4612975322 
 627   7081.41275177827 
 628   7203.18425319001 
 629   7402.4304391586 
 630   7622.7538401495 
 631   7868.95447347568 
 632   8140.03392551436 
 633   8408.20831264299 
 634   8609.97350984254 
 635   8710.52265464817 
 636   8826.86122423189 
 637   8883.95925024903 
 638   8782.79929215442 
 639   8607.56667805087 
 640   8404.69126289614 
 641   8173.11024550747 
 642   7893.98376302201 
 643   7581.21341083855 
 644   7283.40526168874 
 645   7005.9267660818 
 646   6690.17409635909 
 647   6427.29348741648 
 648   6255.30562917004 
 649   6132.36016600617 
 650   6053.48521705172 
 651   6015.37689175662 
 652   6030.99609301687 
 653   6118.36252084449 
 654   6205.91226223975 
 655   6322.80693491334 
 656   6547.08685389833 
 657   6829.92576681199 
 658   7105.77876937565 
 659   7377.25415842773 
 660   7706.13011103096 
 661   8061.08896016013 
 662   8445.31650740938 
 663   8900.01362289872 
 664   9449.86396812365 
 665   10055.4209983905 
 666   10696.9938251575 
 667   11418.7494989585 
 668   12306.1872196039 
 669   13341.7678213158 
 670   14503.6746784444 
 671   15854.1861501548 
 672   17388.5800333328 
 673   19141.2705044141 
 674   21180.1687319207 
 675   23517.9295107231 
 676   26145.4069879301 
 677   29097.015013567 
 678   32416.8640483753 
 679   35956.1360649897 
 680   39691.4976120545 
 681   43508.5514875198 
 682   46962.8824597606 
 683   50012.1415525936 
 684   52811.4372568503 
 685   55134.3127879305 
 686   55863.819517609 
 687   56276.1495724679 
 688   57345.388559239 
 689   57914.8980083517 
 690   57945.9512672683 
 691   57782.110237671 
 692   57669.9759925976 
 693   57510.5919088052 
 694   56680.8760691292 
 695   55444.57819964 
 696   54384.1510598779 
 697   51899.7871924987 
 698   48335.4044799561 
 699   44627.5559247228 
 700   40696.5135506091 
 701   36584.7883179775 
 702   32280.7317192647 
 703   27932.8489836363 
 704   24132.8965603912 
 705   21174.5044884359 
 706   18869.8099283125 
 707   16839.8383707139 
 708   15148.7103458283 
 709   13736.5294744333 
 710   12506.3574670336 
 711   11458.3946152461 
 712   10588.3327333932 
 713   9832.00956848022 
 714   9156.9885921928 
 715   8622.86036272392 
 716   8091.11048666335 
 717   7566.20353357499 
 718   7158.35242102157 
 719   6769.63481941063 
 720   6399.42649072076 
 721   6096.88244937613 
 722   5876.2480165163 
 723   5680.51034828976 
 724   5495.06667207264 
 725   5351.01205699086 
 726   5271.89309566435 
 727   5177.10258174466 
 728   5060.86264213927 
 729   4972.48953627502 
 730   4903.05174266956 
 731   4776.43428963067 
 732   4613.76715772128 
 733   4494.25069964031 
 734   4369.32931257225 
 735   4250.43126632762 
 736   4134.45703092278 
 737   3985.00380834366 
 738   3847.57454726983 
 739   3728.58688122416 
 740   3616.9362837642 
 741   3517.57772987119 
 742   3416.63432004118 
 743   3317.82773775176 
 744   3227.11884846848 
 745   3134.86216113957 
 746   3072.15613186218 
 747   3043.17540218277 
 748   3017.57409868619 
 749   2973.27900145987 
 750   2941.96421151668 
 751   2925.15721254668 
 752   2893.3464621418 
 753   2866.30926124659 
 754   2851.57088224665 
 755   2839.31099008174 
 756   2823.83302952382 
 757   2834.96397285606 
 758   2857.01660831362 
 759   2863.24291412501 
 760   2859.07970997664 
 761   2873.73362540098 
 762   2895.37717230914 
 763   2902.9462986237 
 764   2910.82631568128 
 765   2943.23018898665 
 766   2962.38713197935 
 767   2951.15212263542 
 768   2991.40362346171 
 769   3054.65441566306 
 770   3123.98674941493 
 771   3206.05147527796 
 772   3277.01443787247 
 773   3350.35931908666 
 774   3446.62634061403 
 775   3567.64811821509 
 776   3692.84053146084 
 777   3824.1787248129 
 778   3979.4440775939 
 779   4170.94068846344 
 780   4388.18491637297 
 781   4654.71985349326 
 782   5000.89748645047 
 783   5437.05218704281 
 784   5954.38108452648 
 785   6584.03445701213 
 786   7362.08850296663 
 787   8294.65353806285 
 788   9357.18905007492 
 789   10532.1212543393 
 790   11789.8440563173 
 791   13071.7217602559 
 792   14304.5508543085 
 793   15436.0409348452 
 794   16427.6063388776 
 795   17229.6564656711 
 796   17759.01743553 
 797   17995.1165137846 
 798   17920.789791136 
 799   17513.7059311354 
 800   16911.5167493987 
 801   16135.8745545897 
 802   15214.7686103192 
 803   14286.1731449323 
 804   13363.2106209644 
 805   12494.1195316253 
 806   11742.1847113671 
 807   11162.9843352201 
 808   10916.4165020814 
 809   10972.2225239328 
 810   11118.0769655317 
 811   11218.4804103563 
 812   11650.8513205829 
 813   12415.4297107548 
 814   13355.6998397676 
 815   14548.6717055945 
 816   16041.7384913816 
 817   17817.6702285202 
 818   19818.8359778672 
 819   22019.1673020307 
 820   24540.0287319387 
 821   27406.0951990856 
 822   30513.6876127899 
 823   33732.4178388528 
 824   37068.1241179401 
 825   40416.2380239106 
 826   43621.7039300288 
 827   46603.225106408 
 828   49363.858003024 
 829   51835.1991556989 
 830   53553.6426378167 
 831   54154.1823996385 
 832   54835.7320912587 
 833   55011.7302601236 
 834   54071.9458902824 
 835   52607.7889370437 
 836   50683.3978242009 
 837   48262.4225494647 
 838   45437.0183226867 
 839   42424.3911372586 
 840   39385.7670505471 
 841   36355.4572079062 
 842   33441.6138029805 
 843   30725.9881951628 
 844   27962.4621912243 
 845   25413.3401412201 
 846   23234.0460602269 
 847   21293.6685703382 
 848   19561.5507293223 
 849   17968.2116451061 
 850   16507.0913012647 
 851   15219.9622670238 
 852   14112.8127666047 
 853   13258.5901963557 
 854   12569.5296781372 
 855   11932.1099035 
 856   11397.7820791005 
 857   10830.5683070041 
 858   10394.3764853766 
 859   10228.0525589954 
 860   10100.0700135564 
 861   9999.88333374216 
 862   9922.02849131094 
 863   9865.94023337281 
 864   9845.16701801773 
 865   9759.84784118748 
 866   9636.59223897189 
 867   9498.59334343165 
 868   9304.43529301835 
 869   9087.96442861364 
 870   8833.05963598886 
 871   8555.19496520407 
 872   8297.16952767425 
 873   8044.6984694776 
 874   7863.47991310645 
 875   7767.46941918009 
 876   7715.73011146169 
 877   7706.96367926464 
 878   7779.81628420835 
 879   7870.02207115906 
 880   7973.21314046766 
 881   8238.54258850156 
 882   8597.80785490255 
 883   9002.15606258995 
 884   9519.02048100382 
 885   10205.6149759698 
 886   10868.7270271428 
 887   11651.8805197777 
 888   12641.02307947 
 889   13727.4704270511 
 890   14914.0060168771 
 891   16236.3166895714 
 892   17669.5809854444 
 893   19137.4649234589 
 894   20574.0347125664 
 895   21933.6043404509 
 896   23160.2096252682 
 897   24181.6817990229 
 898   24936.1152512964 
 899   25415.9395198161 
 900   25562.0155895745 
 901   25370.4234158142 
 902   24900.6685517417 
 903   24154.3883267353 
 904   23273.5828354785 
 905   22301.372692028 
 906   21241.971624367 
 907   20252.4405960245 
 908   19369.9409058684 
 909   18598.3216309222 
 910   17946.9692154773 
 911   17423.4303351895 
 912   17015.3878451769 
 913   16650.0398417309 
 914   16291.4848644072 
 915   15941.8966220768 
 916   15531.5059188127 
 917   14999.1662795539 
 918   14415.7895994605 
 919   13838.0000000001 
 920   13165.9041815839 
 921   12444.2058273389 
 922   11717.5037754047 
 923   11043.1278076477 
 924   10478.0230741856 
 925   9965.0311027158 
 926   9526.47535898342 
 927   9115.46708221372 
 928   8707.41645137336 
 929   8465.29754940571 
 930   8325.17351716938 
 931   8221.26530413828 
 932   8168.91356220774 
 933   8194.57800697828 
 934   8224.39887070149 
 935   8246.97619642986 
 936   8275.48926136919 
 937   8304.00451774473 
 938   8316.8092122997 
 939   8307.34711842668 
 940   8241.06698332733 
 941   8098.96553141629 
 942   7917.24913675219 
 943   7734.31218988699 
 944   7550.83735346845 
 945   7354.02517316984 
 946   7134.66100287608 
 947   6893.57424702962 
 948   6681.84576329882 
 949   6515.54396827714 
 950   6375.04129247561 
 951   6244.94661164406 
 952   6129.72542550015 
 953   6041.08450828408 
 954   5973.51706163489 
 955   5928.70786721072 
 956   5939.69917276685 
 957   5963.1750617666 
 958   5978.64219087656 
 959   6016.25723647665 
 960   6104.63732899607 
 961   6197.44367409535 
 962   6281.43578381884 
 963   6351.8286282707 
 964   6402.97554751472 
 965   6443.64119281128 
 966   6483.38087840172 
 967   6542.99723132398 
 968   6604.41260627253 
 969   6627.77393197658 
 970   6651.59540661299 
 971   6756.51620108138 
 972   6937.70046867979 
 973   7154.94211029238 
 974   7425.43589958959 
 975   7776.0980154785 
 976   8172.01562256247 
 977   8625.47791846553 
 978   9187.73419792032 
 979   9834.64230170593 
 980   10489.829331893 
 981   11142.4414056358 
 982   11807.451821916 
 983   12458.5584123863 
 984   13050.1357718437 
 985   13658.8574031581 
 986   14241.1695506481 
 987   14731.1276855214 
 988   15199.8398165854 
 989   15697.0648577841 
 990   16220.2848518918 
 991   16775.9180436141 
 992   17386.6782211513 
 993   18050.7435554026 
 994   18742.9165588814 
 995   19482.7628904559 
 996   20190.2359566395 
 997   20745.160226177 
 998   21228.572308087 
 999   21723.6395184108 
 1000   22161.7064690093 
 1001   22501.281252832 
 1002   22787.5928220414 
 1003   22942.118681951 
 1004   23031.5253419055 
 1005   23166.2482341977 
 1006   23274.0669705139 
 1007   23193.9030402318 
 1008   23145.5572388742 
 1009   22913.7060161491 
 1010   22427.4168035959 
 1011   21827.1548178249 
 1012   21090.7477525552 
 1013   20126.8584099053 
 1014   18999.7050905451 
 1015   17763.4965289384 
 1016   16417.6806366419 
 1017   15016.5281775352 
 1018   13640.675867819 
 1019   12380.5400679571 
 1020   11171.4140248972 
 1021   9965.80923006404 
 1022   8987.12431073319 
 1023   8161.55030562371 
 1024   7444.30635328627 
 1025   6861.81957020862 
 1026   6420.44882855546 
 1027   6066.08161089888 
 1028   5725.17309520871 
 1029   5471.67469678045 
 1030   5302.80616334793 
 1031   5118.66819502802 
 1032   5000.41024501416 
 1033   4927.28498712609 
 1034   4874.11885340408 
 1035   4830.94246375806 
 1036   4789.7579665196 
 1037   4763.49338919674 
 1038   4758.46026466079 
 1039   4736.84048037667 
 1040   4688.46299183214 
 1041   4639.96782512091 
 1042   4571.61354886101 
 1043   4523.40953146128 
 1044   4376.46290382023 
 1045   4507.11233745004 
 1046   5194.5136693952 
 1047   5224.38889481512 
 1048   5135.74137130214 
 1049   5161.72654460632 
 1050   5169.67430834828 
 1051   5201.4424292236 
 1052   5216.73484894827 
 1053   5386.13313107675 
 1054   5091.00027736253 
 1055   4580.89186099074 
 1056   4776.43999661949 
 1057   4936.18711840923 
 1058   5086.99787584406 
 1059   5276.44672479017 
 1060   5431.95645918134 
 1061   5571.05478429219 
 1062   5793.7147745788 
 1063   6061.42913223625 
 1064   6350.2945828868 
 1065   6701.41823744946 
 1066   7134.89299628954 
 1067   7600.20315257823 
 1068   8156.93165491553 
 1069   8805.77803648258 
 1070   9468.4494814969 
 1071   10146.457362033 
 1072   10955.4795874342 
 1073   11790.9323046414 
 1074   12583.8948213401 
 1075   13349.1658305572 
 1076   14094.7048994131 
 1077   14782.0040603077 
 1078   15433.7526884561 
 1079   16110.3668980706 
 1080   16694.062504572 
 1081   17134.2672646013 
 1082   17589.3024001555 
 1083   18103.2563264298 
 1084   18649.3460532308 
 1085   19163.3319754264 
 1086   19657.7320590553 
 1087   20187.73600437 
 1088   20695.5725361068 
 1089   21112.836525112 
 1090   21408.6451562666 
 1091   21543.9703739191 
 1092   21398.1582121976 
 1093   20920.5973437834 
 1094   20476.3234826075 
 1095   19799.7685785522 
 1096   18843.1052760943 
 1097   17806.8267085947 
 1098   16714.6588206072 
 1099   15618.4445650963 
 1100   14518.5504783734 
 1101   13593.4297132024 
 1102   12809.7434693052 
 1103   12012.3652155248 
 1104   11442.7511466308 
 1105   11008.7668527156 
 1106   10683.6150741806 
 1107   10443.8687803957 
 1108   10250.6335468346 
 1109   10118.4550327901 
 1110   9993.85721392466 
 1111   9864.45346450086 
 1112   9721.63966373483 
 1113   9515.65651784318 
 1114   9325.8138947638 
 1115   9470.31779563092 
 1116   9738.6930891836 
 1117   9615.42440021794 
 1118   9163.6532277327 
 1119   8757.15214504056 
 1120   8319.65326369379 
 1121   7875.90758168699 
 1122   7476.7605965935 
 1123   6869.7967300907 
 1124   5947.81353731185 
 1125   5122.31792644859 
 1126   4794.19821769279 
 1127   4574.31769431409 
 1128   4342.19485649582 
 1129   4172.64013704379 
 1130   4046.70713286737 
 1131   3910.08713792275 
 1132   3813.30360795055 
 1133   3728.60129467447 
 1134   3675.98263495795 
 1135   3650.96367485635 
 1136   3618.12312257576 
 1137   3622.15100552564 
 1138   3624.62123111583 
 1139   3652.534372501 
 1140   3685.04902026453 
 1141   3713.53919672277 
 1142   3787.80124423486 
 1143   3858.19768847068 
 1144   3952.99818049563 
 1145   4077.11404697155 
 1146   4209.6295025094 
 1147   4359.23441369976 
 1148   4555.46840743092 
 1149   4772.82534170686 
 1150   5044.43018664852 
 1151   5353.99361999452 
 1152   5646.56271497738 
 1153   5917.45357806223 
 1154   6204.28846930073 
 1155   6448.7638177121 
 1156   6694.0167721035 
 1157   6895.31383207778 
 1158   6992.99820686726 
 1159   7020.01627210808 
 1160   6991.06623678658 
 1161   6909.84628805191 
 1162   6728.43749540389 
 1163   6511.27713463297 
 1164   6293.25788060336 
 1165   6012.0022965203 
 1166   5758.52158002528 
 1167   5506.65321446233 
 1168   5284.35749845956 
 1169   5111.99881648339 
 1170   5002.84886079143 
 1171   4968.45448660056 
 1172   4925.02283144076 
 1173   4936.79178663327 
 1174   4979.30677127956 
 1175   5068.71399355559 
 1176   5223.65900015277 
 1177   5372.34896799933 
 1178   5552.74917314645 
 1179   5766.83104532337 
 1180   6003.56914823897 
 1181   6281.79533064206 
 1182   6621.09683451143 
 1183   6992.32561933055 
 1184   7353.54289292854 
 1185   7749.85186985427 
 1186   8159.80479385118 
 1187   8590.90248340478 
 1188   9045.88087600375 
 1189   9460.63453445718 
 1190   9861.30901047889 
 1191   10266.4914189827 
 1192   10643.7370398511 
 1193   10985.5958054014 
 1194   11315.9441516504 
 1195   11621.5410686637 
 1196   11865.4275695956 
 1197   12132.6321768753 
 1198   12378.8073966189 
 1199   12591.4890737779 
 1200   12820.4332897 
 1201   13055.0772021577 
 1202   13237.1668384626 
 1203   13375.6061183189 
 1204   13509.2460612874 
 1205   13619.4081268008 
 1206   13668.9491463637 
 1207   13666.153452746 
 1208   13635.8781438845 
 1209   13564.4819121641 
 1210   13446.6617390339 
 1211   13348.0281414585 
 1212   13306.595569544 
 1213   13265.4060643556 
 1214   13187.8289360398 
 1215   13176.0618190735 
 1216   13186.4723951814 
 1217   13211.9605629661 
 1218   13307.7379709129 
 1219   13445.6678457947 
 1220   13536.9797783643 
 1221   13656.9116074172 
 1222   13871.7194573678 
 1223   14107.4543481183 
 1224   14329.2589616739 
 1225   14580.6941367126 
 1226   14841.081528768 
 1227   15024.3968597328 
 1228   15219.5129717506 
 1229   15329.3849728451 
 1230   15357.3330247375 
 1231   15329.3526709959 
 1232   15223.0967943499 
 1233   15023.4825302946 
 1234   14683.7353039082 
 1235   14355.5884951292 
 1236   14001.7820943524 
 1237   13631.0133727236 
 1238   13286.0509769591 
 1239   12942.6480387356 
 1240   12621.3158575704 
 1241   12325.5210202361 
 1242   12080.2463929498 
 1243   11853.9999164203 
 1244   11623.0014070549 
 1245   11370.7306885431 
 1246   11074.2702597185 
 1247   10772.9424784857 
 1248   10439.4446668084 
 1249   10093.040506553 
 1250   9761.53368658277 
 1251   9426.21805596789 
 1252   9081.36379369368 
 1253   8803.63140424478 
 1254   8638.6692411973 
 1255   8466.47368424424 
 1256   8381.4314334636 
 1257   8388.15604323827 
 1258   8459.98233525106 
 1259   8668.67748912195 
 1260   9013.06766058211 
 1261   9479.22712111853 
 1262   9996.39582293207 
 1263   10615.7758980723 
 1264   11345.8790647001 
 1265   12113.6862828977 
 1266   12870.724546505 
 1267   13599.8837329985 
 1268   14279.7517237206 
 1269   14805.5787838481 
 1270   15233.1791742872 
 1271   15565.4318672989 
 1272   15731.3026322593 
 1273   15761.3047674515 
 1274   15740.1166696682 
 1275   15695.9015209498 
 1276   15614.4300982625 
 1277   15503.6933395058 
 1278   15453.6146786781 
 1279   15512.7648784369 
 1280   15649.4421754127 
 1281   15890.5514027813 
 1282   16207.0654449604 
 1283   16488.5838049039 
 1284   16881.0939968197 
 1285   17368.3879122971 
 1286   17802.2220595076 
 1287   18190.3599558008 
 1288   18556.14499372 
 1289   18856.3029172444 
 1290   19109.7414374126 
 1291   19375.4613035381 
 1292   19495.4867910078 
 1293   19418.3752843344 
 1294   19274.7873486657 
 1295   19027.1155087853 
 1296   18674.8754857671 
 1297   18196.8353880122 
 1298   17739.0589293038 
 1299   17110.9140286634 
 1300   16303.230869217 
 1301   15509.3694517361 
 1302   14674.9197609324 
 1303   13894.5643055254 
 1304   13118.8690162183 
 1305   12440.0631145563 
 1306   11847.8166286664 
 1307   11330.2717692072 
 1308   10842.8787213453 
 1309   10380.3727939399 
 1310   10124.8723586968 
 1311   9930.088179298 
 1312   9778.64642705932 
 1313   9709.97795815245 
 1314   9722.33489108189 
 1315   9781.58465281629 
 1316   9898.12152470618 
 1317   10091.1911277586 
 1318   10276.1680767145 
 1319   10483.0589321095 
 1320   10736.270757159 
 1321   10984.7446617167 
 1322   11231.9094110907 
 1323   11500.9558978797 
 1324   11749.8499462254 
 1325   11961.7374149802 
 1326   12190.8537772534 
 1327   12419.5218974009 
 1328   12685.1173290009 
 1329   12985.6019419464 
 1330   13258.9147268757 
 1331   13699.4495941698 
 1332   14366.9815689504 
 1333   14754.0964063682 
 1334   15134.0283941423 
 1335   15543.5972849388 
 1336   15898.8643682171 
 1337   16175.2416897315 
 1338   16408.0744767191 
 1339   16419.2162330035 
 1340   16157.8050806079 
 1341   16114.1234949584 
 1342   16050.2077238941 
 1343   15913.6083592392 
 1344   15772.5559965763 
 1345   15629.2528832387 
 1346   15591.6769518122 
 1347   15659.583431928 
 1348   15736.184143778 
 1349   16015.7906287788 
 1350   16368.4164465223 
 1351   16787.0326435207 
 1352   17317.8398446998 
 1353   17996.6355880384 
 1354   18734.4169700709 
 1355   19433.7781733305 
 1356   20116.1725687468 
 1357   20787.0829184863 
 1358   21413.1016365596 
 1359   22015.6568723532 
 1360   22539.2941624305 
 1361   22897.3904179527 
 1362   23226.3164520592 
 1363   23459.3591736075 
 1364   23481.511413183 
 1365   23527.8423921078 
 1366   23442.8226003003 
 1367   23274.8077191313 
 1368   23054.6357209086 
 1369   22721.7979186873 
 1370   22347.7310019748 
 1371   22040.7809142194 
 1372   21793.8045663554 
 1373   21550.8605699253 
 1374   21310.7695312502 
 1375   21138.0556671672 
 1376   21038.2390841611 
 1377   21080.6134200234 
 1378   21211.0871105425 
 1379   21421.8319726441 
 1380   21660.9699219349 
 1381   21946.7875211938 
 1382   22443.9648464426 
 1383   23013.9157074448 
 1384   23667.4612777347 
 1385   24422.0312899426 
 1386   25212.0102806507 
 1387   26019.8600396066 
 1388   26843.7694528989 
 1389   27645.9394287156 
 1390   28433.8983535873 
 1391   29229.3290749953 
 1392   29889.7369779426 
 1393   30299.3136246348 
 1394   30558.0222402841 
 1395   30564.0559669153 
 1396   30332.0972724431 
 1397   30108.0181469605 
 1398   29706.1351975418 
 1399   28852.650714282 
 1400   27905.9850849027 
 1401   26953.0391840481 
 1402   25809.471499828 
 1403   24728.7023389182 
 1404   23749.2186901353 
 1405   22775.6476958387 
 1406   21872.3536832821 
 1407   21130.4534887463 
 1408   20525.4765882814 
 1409   20103.5137011542 
 1410   19912.4801163378 
 1411   19656.8839641257 
 1412   19519.044427727 
 1413   19543.0329014813 
 1414   19669.3709155612 
 1415   19901.9217364461 
 1416   20157.7086548487 
 1417   20354.4931410747 
 1418   20568.0003536235 
 1419   20838.0546933492 
 1420   21077.6050216867 
 1421   21245.9789348042 
 1422   21335.5270349239 
 1423   21325.0204585724 
 1424   21292.6844593849 
 1425   21312.0575323821 
 1426   21211.7543811067 
 1427   21394.9040457397 
 1428   22370.3987659842 
 1429   23152.5373277794 
 1430   23219.8780372326 
 1431   23373.1779607314 
 1432   23574.4608254445 
 1433   23974.7490564453 
 1434   23763.9643317087 
 1435   23455.7964484558 
 1436   23722.6568874874 
 1437   24062.1836616112 
 1438   24476.6696442534 
 1439   25273.6644489912 
 1440   26134.3696662342 
 1441   27054.1978337621 
 1442   28019.6547944365 
 1443   29012.6722795815 
 1444   30008.5090308684 
 1445   30876.4498704782 
 1446   31582.9962021115 
 1447   32189.2773996365 
 1448   32682.5052519099 
 1449   33048.4264268626 
 1450   33294.3879923974 
 1451   33414.0560087788 
 1452   33430.8438126773 
 1453   33461.2905526352 
 1454   33346.2319714636 
 1455   33135.7263430755 
 1456   32907.0943312371 
 1457   32633.1744540149 
 1458   32267.7587024787 
 1459   31783.760888225 
 1460   31264.0995245462 
 1461   30666.69906398 
 1462   29928.1037008879 
 1463   29199.8454437895 
 1464   28312.2890040294 
 1465   27283.1957398527 
 1466   26275.4505356902 
 1467   25257.147161479 
 1468   24192.3194758402 
 1469   23166.347585558 
 1470   22174.5515756691 
 1471   21181.1282638778 
 1472   20251.2094416359 
 1473   19359.7739387707 
 1474   18491.3704543894 
 1475   17694.8697234226 
 1476   16911.7980163503 
 1477   16162.1527206671 
 1478   15459.7411723554 
 1479   14785.5486856219 
 1480   14155.612551252 
 1481   13597.2672934187 
 1482   13077.3795689028 
 1483   12537.3937560672 
 1484   12063.5153570179 
 1485   11559.3951793352 
 1486   11138.2944760042 
 1487   10740.7965278679 
 1488   10354.6383012927 
 1489   9985.27326609904 
 1490   9621.66122615456 
 1491   9286.69193093486 
 1492   8996.37555572718 
 1493   8722.461083169 
 1494   8452.60647839418 
 1495   8217.97995620116 
 1496   8015.07606334873 
 1497   7836.16264829337 
 1498   7689.69670242064 
 1499   7550.65381829091 
 1500   7414.42148351848 
 1501   7294.81993095623 
 1502   7174.14506919854 
 1503   7073.05674779909 
 1504   6978.76427278298 
 1505   6886.15010173479 
 1506   6837.49289506042 
 1507   6758.57507026154 
 1508   6680.71715393897 
 1509   6612.10615274878 
 1510   6558.68610617941 
 1511   6493.22297644845 
 1512   6460.66090602978 
 1513   6382.09967239312 
 1514   6268.35365677134 
 1515   6200.01861603997 
 1516   6142.43031385474 
 1517   6090.16556161514 
 1518   6056.4901362247 
 1519   5988.41178607996 
 1520   5940.35005714314 
 1521   5918.41516306053 
 1522   5927.10708491859 
 1523   5901.76356435093 
 1524   5922.06696969477 
 1525   5891.03677633578 
 1526   5853.32405217487 
 1527   5827.91516570433 
 1528   5806.48032404589 
 1529   5799.06529007097 
 1530   5795.4608064268 
 1531   5774.0734892578 
 1532   5739.35291761792 
 1533   5723.24850160293 
 1534   5728.35078619709 
 1535   5733.61998733621 
 1536   5729.70303493117 
 1537   5715.54231780461 
 1538   5704.43252856024 
 1539   5661.44632217111 
 1540   5643.41177144262 
 1541   5648.38535447273 
 1542   5618.42391348605 
 1543   5581.25415504597 
 1544   5567.06250603695 
 1545   5582.94038185584 
 1546   5642.86520952472 
 1547   5706.80794523256 
 1548   5741.74640973497 
 1549   5781.57997664264 
 1550   5860.40865334078 
 1551   5931.61140694019 
 1552   5958.35248398173 
 1553   5971.73837597632 
 1554   5959.70734310644 
 1555   5989.21940996827 
 1556   6037.26193438365 
 1557   6045.69555239916 
 1558   6043.48665290414 
 1559   6056.89051629516 
 1560   6055.16949559157 
 1561   6074.72877358881 
 1562   6109.40375502939 
 1563   6098.34917973076 
 1564   6132.48666135933 
 1565   6160.78646424929 
 1566   6169.68696167629 
 1567   6225.29479111046 
 1568   6277.64099936836 
 1569   6280.55208933435 
 1570   6300.27922091976 
 1571   6288.49315633213 
 1572   6266.99891407194 
 1573   6236.49932613092 
 1574   6188.95493930735 
 1575   6165.12323178611 
 1576   6158.41639724955 
 1577   6156.18318241813 
 1578   6155.11685379866 
 1579   6092.67353147841 
 1580   5999.30671029359 
 1581   5973.22176663922 
 1582   5940.41521337611 
 1583   5876.88380687396 
 1584   5819.20554640824 
 1585   5735.70220137365 
 1586   5732.05749724329 
 1587   5746.78087899621 
 1588   5732.73328578788 
 1589   5697.0238392178 
 1590   5667.85524446382 
 1591   5674.73558205778 
 1592   5676.33995956786 
 1593   5681.44829864541 
 1594   5722.34251481008 
 1595   5761.24314531823 
 1596   5811.7045919222 
 1597   5888.63285221408 
 1598   5950.4331474697 
 1599   6041.06611481253 
 1600   6152.90777077526 
 1601   6219.42631744209 
 1602   6307.70320843034 
 1603   6479.89108459917 
 1604   6619.27120673261 
 1605   6818.13791260001 
 1606   7001.24164613787 
 1607   7194.20657208383 
 1608   7390.12760030598 
 1609   7596.14370693622 
 1610   7772.64407282616 
 1611   7971.69733003224 
 1612   8135.71035953144 
 1613   8275.74307872406 
 1614   8425.96371279147 
 1615   8580.78435148161 
 1616   8757.12529481677 
 1617   8902.19757268354 
 1618   9003.18739779761 
 1619   9118.91759869499 
 1620   9228.50243174919 
 1621   9313.25745235673 
 1622   9409.43818652802 
 1623   9544.61501327832 
 1624   9722.92987042537 
 1625   9985.76315613916 
 1626   10292.5605100098 
 1627   10675.6619643444 
 1628   11192.4697319709 
 1629   11866.0622145982 
 1630   12673.1288124534 
 1631   13598.9313500051 
 1632   14727.9742947762 
 1633   16017.0197455204 
 1634   17417.6075312999 
 1635   18921.8593251334 
 1636   20439.2475688231 
 1637   21852.0919693795 
 1638   23110.9445041842 
 1639   24180.4869020252 
 1640   24954.4361621612 
 1641   25351.2412249093 
 1642   25364.7580300133 
 1643   24993.2746884844 
 1644   24304.8081836499 
 1645   23389.4859849387 
 1646   22212.8553693133 
 1647   20776.0002728704 
 1648   19286.3067243919 
 1649   17861.5689431422 
 1650   16410.3178148181 
 1651   15056.49363721 
 1652   13757.8628495395 
 1653   12526.286313911 
 1654   11525.8277490074 
 1655   10642.111998439 
 1656   9900.04368946307 
 1657   9231.15693202652 
 1658   8550.68118549275 
 1659   8017.56268890855 
 1660   7618.26815605489 
 1661   7212.8089643368 
 1662   6869.6071310136 
 1663   6556.32010731391 
 1664   6258.80033825804 
 1665   5999.53404910089 
 1666   5771.41423489295 
 1667   5556.80370119356 
 1668   5344.99280565095 
 1669   5156.81845676148 
 1670   4986.99049340006 
 1671   4827.00202853399 
 1672   4705.20670789543 
 1673   4585.51838536659 
 1674   4433.15579674756 
 1675   4326.01045129955 
 1676   4243.23275582893 
 1677   4129.81540560306 
 1678   4056.21312856295 
 1679   3982.98458485753 
 1680   3904.80698144912 
 1681   3835.00170290235 
 1682   3833.80031316165 
 1683   3763.79918801607 
 1684   3721.70238042758 
 1685   3636.7329217445 
 1686   3578.710144624 
 1687   3512.16217543596 
 1688   3457.96002252662 
 1689   3403.43347265259 
 1690   3363.85397473803 
 1691   3321.25926644434 
 1692   3314.32699343401 
 1693   3263.24882093702 
 1694   3217.63306986226 
 1695   3194.84614455329 
 1696   3172.6570689748 
 1697   3155.79215752448 
 1698   3135.29051201365 
 1699   3082.68503563839 
 1700   3064.03754088075 
 1701   3023.90249414245 
 1702   3298.53025129875 
 1703   3725.51645696017 
 1704   3774.82850719111 
 1705   3709.14625461009 
 1706   3699.41573401614 
 1707   3683.66215135581 
 1708   3613.76531039397 
 1709   3694.94555370138 
 1710   3052.68527751465 
 1711   2651.8777309275 
 1712   2695.01116687726 
 1713   2610.51002301417 
 1714   2591.98002239589 
 1715   2565.41360863023 
 1716   2534.36766312277 
 1717   2508.25860680236 
 1718   2465.86412460382 
 1719   2455.45217532043 
 1720   2455.60403089306 
 1721   2425.0232509705 
 1722   2406.38441967325 
 1723   2407.00810786027 
 1724   2392.59094621162 
 1725   2375.51163863966 
 1726   2369.8610170952 
 1727   2351.49768447904 
 1728   2357.67836279051 
 1729   2354.36931531837 
 1730   2315.6410362475 
 1731   2299.83341194961 
 1732   2284.50971606417 
 1733   2255.41902997051 
 1734   2233.72262121067 
 1735   2210.64482666908 
 1736   2205.6455781755 
 1737   2206.68463519731 
 1738   2183.8523099283 
 1739   2172.36450342862 
 1740   2145.59074031514 
 1741   2146.01634596095 
 1742   2137.32951464692 
 1743   2117.87097710268 
 1744   2128.77426636366 
 1745   2116.55543084387 
 1746   2090.76096297945 
 1747   2086.63826798616 
 1748   2077.25289474808 
 1749   2080.65942373582 
 1750   2041.40737710456 
 1751   2017.45639391568 
 1752   2024.74630585979 
 1753   2008.30485601382 
 1754   1998.79355216715 
 1755   1982.65773135216 
 1756   1961.13852934878 
 1757   1956.60269774572 
 1758   1927.27755852013 
 1759   1920.25277429046 
 1760   1955.99927598799 
 1761   1943.07509388931 
 1762   1931.36587701795 
 1763   1909.18349033327 
 1764   1900.59719334934 
 1765   1898.75966344956 
 1766   1873.69335644686 
 1767   1836.32181064347 
 1768   1817.133249932 
 1769   1797.13598920678 
 1770   1791.96754643998 
 1771   1788.0039337003 
 1772   1778.39436238932 
 1773   1779.32686152662 
 1774   1766.15663064186 
 1775   1776.75455974782 
 1776   1775.7750487294 
 1777   1779.77395358689 
 1778   1773.24602581044 
 1779   1772.96573517021 
 1780   1790.18689557486 
 1781   1803.87915171661 
 1782   1802.32056243677 
 1783   1806.70009539289 
 1784   1793.66201405828 
 1785   1777.59576300501 
 1786   1761.71558992843 
 1787   1733.77054533336 
 1788   1710.90377384408 
 1789   1691.35871450313 
 1790   1675.87915045603 
 1791   1683.96070216958 
 1792   1687.76689044716 
 1793   1665.32718310091 
 1794   1656.69104087734 
 1795   1638.7044640481 
 1796   1641.01867088854 
 1797   1658.05319600616 
 1798   1550.12298786092 
 1799   1489.55569018713 
 1800   1502.73091846494 
 1801   1503.53926490831 
 1802   1511.15735648605 
 1803   1495.02276694944 
 1804   1469.83880095273 
 1805   1570.41460641985 
 1806   1595.0738001795 
 1807   1597.83815900116 
 1808   1588.36075906511 
 1809   1599.50641537601 
 1810   1577.84742771219 
 1811   1555.14200925137 
 1812   1571.91809931 
 1813   1597.53994813577 
 1814   1580.28562016973 
 1815   1591.8059186161 
 1816   1558.81249812553 
 1817   1598.33425406598 
 1818   1619.80205136661 
 1819   1603.58164304647 
 1820   1598.27919167591 
 1821   1600.44333802346 
 1822   1586.83500939161 
 1823   1606.36149184352 
 1824   1589.12695716701 
 1825   1594.06209927355 
 1826   1582.92745811602 
 1827   1571.22503339531 
 1828   1557.3408095484 
 1829   1551.51197362961 
 1830   1538.92338495235 
 1831   1510.87701037578 
 1832   1511.12167665958 
 1833   1473.68119531263 
 1834   1463.64875161612 
 1835   1460.97093411922 
 1836   1455.8536246653 
 1837   1465.06166353373 
 1838   1465.8883302763 
 1839   1469.37274529649 
 1840   1494.61947849718 
 1841   1485.09621114911 
 1842   1484.14361975793 
 1843   1482.01825064719 
 1844   1467.67443198911 
 1845   1449.8573138665 
 1846   1428.08664042967 
 1847   1403.22584944167 
 1848   1418.16041481269 
 1849   1422.13452426675 
 1850   1390.16986710766 
 1851   1382.19995479162 
 1852   1383.94764748252 
 1853   1368.97964394242 
 1854   1395.05094350492 
 1855   1366.27625576087 
 1856   1360.88208354815 
 1857   1367.11273117034 
 1858   1398.8309761785 
 1859   1425.06255565326 
 1860   1416.99967721555 
 1861   1409.58006997847 
 1862   1408.57261124879 
 1863   1392.1369831358 
 1864   1434.64120784115 
 1865   1414.54579753529 
 1866   1402.2230661071 
 1867   1410.67887453732 
 1868   1394.22246326011 
 1869   1413.92849853862 
 1870   1416.40616379714 
 1871   1372.57040169056 
 1872   1352.8218986991 
 1873   1339.96499370556 
 1874   1337.73120206373 
 1875   1345.84836284981 
 1876   1329.02846731615 
 1877   1325.16610486193 
 1878   1335.55226034687 
 1879   1330.44594629758 
 1880   1321.3458340384 
 1881   1317.47333575559 
 1882   1294.56636798665 
 1883   1279.72506096477 
 1884   1283.4510436145 
 1885   1280.43854111562 
 1886   1273.58337013563 
 1887   1269.63128075918 
 1888   1254.30409088835 
 1889   1257.67532289358 
 1890   1273.14557945725 
 1891   1264.19485712306 
 1892   1246.34770597223 
 1893   1260.57090588834 
 1894   1269.59493729003 
 1895   1253.48292290144 
 1896   1233.79007837943 
 1897   1213.36039170507 
 1898   1226.03958931039 
 1899   1218.56742563159 
 1900   1214.70109194432 
 1901   1191.83102148307 
 1902   1222.09578755568 
 1903   1219.4324238042 
 1904   1194.82038151193 
 1905   1177.28824177215 
 1906   1174.99413065643 
 1907   1155.38819241237 
 1908   1165.61831612973 
 1909   1158.65343651481 
 1910   1166.63569947495 
 1911   1170.0701954644 
 1912   1150.06844587442 
 1913   1153.3514344971 
 1914   1174.75295989905 
 1915   1166.60791536294 
 1916   1176.70914629302 
 1917   1149.33863916125 
 1918   1149.96934743925 
 1919   1171.288893274 
 1920   1148.30678813712 
 1921   1128.9228077115 
 1922   1109.13033321329 
 1923   1084.78597633973 
 1924   1061.92186375246 
 1925   1053.04986086402 
 1926   1054.31263109254 
 1927   1043.17360595266 
 1928   1013.33251511456 
 1929   1043.1286639124 
 1930   1058.37631738612 
 1931   1041.5057041018 
 1932   1020.07335034261 
 1933   1021.31371689277 
 1934   1043.6997766268 
 1935   1032.60889070157 
 1936   1058.66173287265 
 1937   1052.93820445284 
 1938   1086.8633864112 
 1939   1087.84844040986 
 1940   1041.20080899004 
 1941   1028.07851874564 
 1942   1033.77267033711 
 1943   1018.34844851051 
 1944   1022.95503681238 
 1945   1006.70901973409 
 1946   996.496104413883 
 1947   1084.50443585893 
 1948   1128.02716070811 
 1949   1123.1823609383 
 1950   1133.36102837508 
 1951   1119.36370337323 
 1952   1124.16456137353 
 1953   1144.04373601618 
 1954   1043.50059784703 
 1955   1051.96222335776 
 1956   1019.59493625706 
 1957   985.79805281992 
 1958   995.340768975778 
 1959   991.624299768679 
 1960   986.068499247675 
 1961   994.807494931715 
 1962   969.19807062115 
 1963   990.959392685258 
 1964   995.757665808562 
 1965   962.144488841306 
 1966   937.73297856579 
 1967   919.358913105793 
 1968   877.193691561196 
 1969   895.997121623991 
 1970   879.449961228801 
 1971   885.817577117354 
 1972   910.481893628814 
 1973   902.596924057765 
 1974   902.757273464967 
 1975   900.950504478351 
 1976   893.472155140273 
 1977   895.376689453295 
 1978   867.425267972801 
 1979   870.733179979505 
 1980   856.692488356606 
 1981   901.816803645366 
 1982   896.31671225584 
 1983   868.415196539856 
 1984   878.701808322322 
 1985   893.553782305265 
 1986   908.303872558718 
 1987   896.30936640445 
 1988   884.375478238841 
 1989   886.300184678817 
 1990   872.863823335798 
 1991   854.986771563538 
 1992   836.126924016294 
 1993   849.436685345823 
 1994   842.210110537593 
 1995   846.703179941909 
 1996   839.551903285438 
 1997   843.223792848394 
 1998   844.186097631055 
 1999   823.212636443863 
 2000   833.986253227243 
 2001   832.708168504174 
 2002   837.829566188987 
 2003   825.81044578015 
 2004   802.665420597824 
 2005   755.152121133933 
 2006   779.858204536251 
 2007   734.191953210924 
 2008   731.208128198287 
 2009   726.387836105425 
 2010   749.097996506957 
 2011   793.739657182169 
 2012   795.743005350728 
 2013   782.513302491481 
 2014   795.345867922491 
 2015   819.007312226486 
 2016   803.261008142452 
 2017   794.181654937763 
 2018   757.590212958944 
 2019   902.66763938544 
 2020   1562.25415465834 
 2021   1876.05866960135 
 2022   1807.03269584697 
 2023   1788.55524362361 
 2024   1789.4848777185 
 2025   1726.34268238926 
 2026   1752.20199297315 
 2027   665.684751904041 
 2028   686.499437497329 
 2029   683.000768207144 
 2030   684.579163644226 
 2031   691.42454269581 
 2032   694.235805785003 
 2033   676.163032433693 
 2034   663.042366910413 
 2035   645.969243803953 
 2036   658.082169790371 
 2037   636.006002010587 
 2038   620.305789677708 
 2039   618.191415172545 
 2040   625.398724128106 
 2041   638.916627683161 
 2042   647.860822134626 
 2043   623.231269452898 
 2044   610.045236769447 
 2045   586.680713510956 
 2046   592.99157792801 
 2047   557.278954231315 
 2048   536.056122194666 
 2049   532.464918188186 
 2050   533.113759381058 
 2051   531.29558320379 
 2052   528.011135430899 
 2053   549.420915684486 
 2054   569.796278090025 
 2055   551.586047219526 
 2056   561.587792259086 
 2057   590.214449825064 
 2058   596.944595689526 
 2059   562.619379194892 
 2060   540.771857430132 
 2061   557.450275354271 
 2062   602.54836541417 
 2063   595.337401036219 
 2064   574.474319628775 
 2065   592.226961349089 
 2066   608.464835581001 
 2067   602.126205728884 
 2068   597.061762421862 
 2069   557.127137733581 
 2070   560.277791700867 
 2071   553.134960965416 
 2072   552.923162550897 
 2073   545.546229979863 
 2074   522.21371784835 
 2075   528.401390246549 
 2076   544.830563035109 
 2077   526.133682232755 
 2078   540.206631440685 
 2079   550.085423354043 
 2080   570.281575627317 
 2081   589.391237350774 
 2082   586.074655816844 
 2083   612.928740827304 
 2084   597.529348923691 
 2085   574.160263629855 
 2086   551.063694885198 
 2087   515.368172451816 
 2088   496.656885198078 
 2089   494.062228079546 
 2090   478.715569075583 
 2091   502.143932077487 
 2092   519.579822870943 
 2093   513.886266403595 
 2094   519.554556372217 
 2095   503.730547490025 
 2096   496.817203973371 
 2097   471.492947880947 
 2098   446.290031896489 
 2099   436.203524348902 
 2100   442.650174495143 
 2101   455.977012585798 
 2102   453.984472502042 
 2103   474.424480827444 
 2104   495.142682953992 
 2105   499.844909882233 
 2106   500.313858883639 
 2107   498.450328770501 
 2108   543.913331134297 
 2109   538.682516318159 
 2110   531.701146997847 
 2111   514.615193244142 
 2112   507.319865151415 
 2113   486.450569943848 
 2114   462.731611862363 
 2115   445.010954661663 
 2116   446.518228956598 
 2117   443.761041722384 
 2118   479.446696966693 
 2119   500.395315234225 
 2120   490.468794313218 
 2121   510.871575233359 
 2122   492.347961590898 
 2123   486.143615463432 
 2124   480.875747752829 
 2125   455.466734678827 
 2126   460.841825608624 
 2127   436.103738104125 
 2128   434.134744100849 
 2129   442.699714167342 
 2130   435.566787245455 
 2131   414.592026208146 
 2132   405.986152142337 
 2133   420.906557688528 
 2134   434.276917841555 
 2135   443.98157429598 
 2136   445.55829797011 
 2137   459.122454022936 
 2138   459.625396733822 
 2139   445.866990052674 
 2140   441.09303378388 
 2141   443.06513470734 
 2142   430.74253554564 
 2143   425.012161143447 
 2144   418.009748711481 
 2145   428.031320347282 
 2146   421.284711554116 
 2147   399.900314103871 
 2148   410.182654913865 
 2149   418.693528959792 
 2150   425.105879969548 
 2151   423.364478402263 
 2152   438.556606874801 
 2153   452.995269334924 
 2154   439.493423954883 
 2155   448.699325087851 
 2156   422.404706289604 
 2157   445.68441687329 
 2158   430.186466801287 
 2159   430.272225184999 
 2160   432.669111925856 
 2161   435.229609842112 
 2162   494.132800386111 
 2163   495.52046488372 
 2164   504.915687936069 
 2165   519.422534143245 
 2166   632.413689296264 
 2167   639.104106814727 
 2168   600.164829780359 
 2169   592.147786203782 
 2170   603.786152034214 
 2171   581.552893910117 
 2172   510.297483071589 
 2173   491.670026720484 
 2174   491.484483656644 
 2175   475.498752903942 
 2176   427.992419150636 
 2177   443.976818482884 
 2178   423.643433009809 
 2179   416.174268339048 
 2180   418.508909601058 
 2181   420.734095115279 
 2182   452.385529649032 
 2183   447.415141150889 
 2184   439.511448707073 
 2185   441.057000275549 
 2186   455.094801313472 
 2187   442.129100662547 
 2188   422.84588186606 
 2189   412.965568990871 
 2190   403.167161137366 
 2191   399.524480204132 
 2192   411.606482662581 
 2193   422.90371058716 
 2194   441.612919382535 
 2195   430.298115171739 
 2196   425.710652916043 
 2197   420.368650567555 
 2198   389.526459905284 
 2199   392.499692326902 
 2200   390.304192101943 
 2201   414.267340198882 
 2202   423.194582378829 
 2203   433.275998687757 
 2204   461.46779985003 
 2205   455.378798812429 
 2206   460.770080097534 
 2207   434.500833558245 
 2208   439.708961692834 
 2209   413.610708320288 
 2210   379.364692677158 
 2211   371.979768840166 
 2212   337.51136172493 
 2213   346.906540171621 
 2214   350.518681371409 
 2215   356.902124048115 
 2216   367.353210531106 
 2217   365.866458199226 
 2218   380.496624745586 
 2219   387.108008048391 
 2220   377.017825554517 
 2221   399.096768197799 
 2222   425.725041784999 
 2223   415.297324481447 
 2224   441.466118087871 
 2225   418.988986696466 
 2226   400.888805670197 
 2227   369.050642091348 
 2228   353.808057320968 
 2229   368.932989623983 
 2230   345.959743748536 
 2231   400.533996614737 
 2232   171.430546896522 
 2233   1934.49909372598 
 2234   2816.72163159628 
 2235   2734.49361301249 
 2236   2727.80707392947 
 2237   2685.48325055653 
 2238   2946.84686014651 
 2239   1058.44095070359 
 2240   300.223147470753 
 2241   334.688258323709 
 2242   366.508303459257 
 2243   357.222939720661 
 2244   356.068991326404 
 2245   354.926187496465 
 2246   358.153687108215 
 2247   346.779318652843 
 2248   335.482465046969 
 2249   340.345641471842 
 2250   348.124320860333 
 2251   377.519722880526 
 2252   408.029433827435 
 2253   430.417091085682 
 2254   390.353212138777 
 2255   389.80555611804 
 2256   392.512798439739 
 2257   400.265924780752 
 2258   373.753523481958 
 2259   393.067580390909 
 2260   412.736917689066 
 2261   422.439034569509 
 2262   425.360679980638 
 2263   399.669105563708 
 2264   390.996159730464 
 2265   406.285226012564 
 2266   420.358010650988 
 2267   412.126029260982 
 2268   386.916818400352 
 2269   393.465067852556 
 2270   373.122922991555 
 2271   351.53778346986 
 2272   351.467605974059 
 2273   360.228722774464 
 2274   364.785022431076 
 2275   354.533287679841 
 2276   375.023109800731 
 2277   372.935083937545 
 2278   380.087013492462 
 2279   405.4072461879 
 2280   406.51083021352 
 2281   429.666489692891 
 2282   435.756687434154 
 2283   437.472110285353 
 2284   428.036610471791 
 2285   417.09745883806 
 2286   428.149488411182 
 2287   416.583020617471 
 2288   415.559776528872 
 2289   420.135869475744 
 2290   429.999786934711 
 2291   430.227617454251 
 2292   422.961703230488 
 2293   444.552471929512 
 2294   431.552110534282 
 2295   431.875813766665 
 2296   391.679278650909 
 2297   373.382333703691 
 2298   387.498017698258 
 2299   373.309514143441 
 2300   394.745767076732 
 2301   379.372106130968 
 2302   416.922610524096 
 2303   425.253490417731 
 2304   408.140238933124 
 2305   391.291527115189 
 2306   382.028138813723 
 2307   408.460109457199 
 2308   404.408921544776 
 2309   405.16203779737 
 2310   427.980675152839 
 2311   442.400925053586 
 2312   453.039875347626 
 2313   462.263586413333 
 2314   453.947807187872 
 2315   441.373025365134 
 2316   423.892856845283 
 2317   415.545427888192 
 2318   408.614648868496 
 2319   379.41638634622 
 2320   373.05225528641 
 2321   382.646459580472 
 2322   390.016442017623 
 2323   389.941052669674 
 2324   381.546759390821 
 2325   403.163263184204 
 2326   421.902573010422 
 2327   416.425319158114 
 2328   417.028778034568 
 2329   406.082960484884 
 2330   400.553721270083 
 2331   373.920306021081 
 2332   380.089549345183 
 2333   357.421621583401 
 2334   346.523605199118 
 2335   356.781740679477 
 2336   389.396350702469 
 2337   384.246359444349 
 2338   386.155359608079 
 2339   427.233952165087 
