05-29-2020  13:58:27
Wavenumber (cm-1)  CCD Output
 251   1620.21580525116 
 252   1647.26155009269 
 253   1674.46030312835 
 254   1678.82788215973 
 255   1679.16565551519 
 256   1697.12869990649 
 257   1740.24929174086 
 258   1783.87098433367 
 259   1813.54950393979 
 260   1837.02615844148 
 261   1859.02135175586 
 262   1878.92935725934 
 263   1891.79060355475 
 264   1899.94987755777 
 265   1908.99503776829 
 266   1924.10230978264 
 267   1945.75182431739 
 268   1966.69337857043 
 269   1971.85545695295 
 270   1975.70919947942 
 271   1994.26980038942 
 272   2007.78521017828 
 273   2018.86144787353 
 274   2039.68956435913 
 275   2058.57103563078 
 276   2078.00206634579 
 277   2106.66551015084 
 278   2128.01305780796 
 279   2149.08497364628 
 280   2191.23703971814 
 281   2232.49485268699 
 282   2265.67192158943 
 283   2303.82668885047 
 284   2334.72648654084 
 285   2360.21413503226 
 286   2399.92545018973 
 287   2436.5807960464 
 288   2461.80295515422 
 289   2491.52774814289 
 290   2519.96909295471 
 291   2551.61421326532 
 292   2610.69329649896 
 293   2664.31760010692 
 294   2690.81558056107 
 295   2723.91194006805 
 296   2762.34882043232 
 297   2789.1032143359 
 298   2796.31844874227 
 299   2802.78190271164 
 300   2818.96474444813 
 301   2812.8942210066 
 302   2779.02599051944 
 303   2734.59005908716 
 304   2703.86259765971 
 305   2681.09330038809 
 306   2648.6232499061 
 307   2609.76689977344 
 308   2580.46344715435 
 309   2566.97709044373 
 310   2534.17204247828 
 311   2492.53199486923 
 312   2470.55742983031 
 313   2433.54876964227 
 314   2393.47951547114 
 315   2383.04780988572 
 316   2349.36950305879 
 317   2300.38396365901 
 318   2286.20003876855 
 319   2265.07886073012 
 320   2231.49881583817 
 321   2221.73120754024 
 322   2228.90557198326 
 323   2239.71367354623 
 324   2247.91888827585 
 325   2258.79284108153 
 326   2282.18221869489 
 327   2321.7190057241 
 328   2348.20107253099 
 329   2361.21050209838 
 330   2392.16394681585 
 331   2432.21511463717 
 332   2469.47735908391 
 333   2505.57741184688 
 334   2557.82748184768 
 335   2627.8432533833 
 336   2693.06788463573 
 337   2728.60305444609 
 338   2729.85324240061 
 339   2723.65174348212 
 340   2768.45084906492 
 341   2870.42119799328 
 342   2972.38247437957 
 343   3082.62766212223 
 344   3225.26062503711 
 345   3406.79223920419 
 346   3587.29087496552 
 347   3760.49723457807 
 348   3984.07636109856 
 349   4323.72332853245 
 350   4720.15267790137 
 351   4999.79168201814 
 352   5237.52905215965 
 353   5515.48575100736 
 354   5807.90605693845 
 355   6052.64105388739 
 356   6257.25585573877 
 357   6499.12339399899 
 358   6693.28182291955 
 359   6803.92204775859 
 360   6910.92985288656 
 361   7011.67723208274 
 362   7078.47411983454 
 363   7091.57420140178 
 364   7044.73158363255 
 365   6955.84347322398 
 366   6859.66647113616 
 367   6754.83125413956 
 368   6631.69178909821 
 369   6491.00331015896 
 370   6363.31851811415 
 371   6251.29203718493 
 372   6128.70976641956 
 373   6028.03376727815 
 374   5983.04183079003 
 375   6003.18851854568 
 376   6069.10046395308 
 377   6158.73846719835 
 378   6267.96252832509 
 379   6443.08368562005 
 380   6698.19719650856 
 381   7008.33772391264 
 382   7371.62976294347 
 383   7782.13941104319 
 384   8221.07152646892 
 385   8660.08865109613 
 386   9111.62444774901 
 387   9607.3664490612 
 388   10115.7442747679 
 389   10599.1916241871 
 390   11033.746425791 
 391   11417.5314468719 
 392   11744.5560586647 
 393   12006.2664708426 
 394   12203.6899898798 
 395   12317.9668217585 
 396   12323.8000020365 
 397   12219.8312049458 
 398   12010.8777975639 
 399   11706.1157309223 
 400   11320.9701631569 
 401   10865.7709940366 
 402   10350.5785375473 
 403   9793.28435765123 
 404   9218.33797131785 
 405   8648.66018651004 
 406   8096.75128108147 
 407   7561.7131207782 
 408   7056.43210452613 
 409   6620.15558740204 
 410   6237.15429588819 
 411   5905.02589984236 
 412   5664.75356301387 
 413   5456.61284894893 
 414   5232.5655795251 
 415   5014.80790901907 
 416   4815.22160261124 
 417   4637.30868107079 
 418   4478.34125042242 
 419   4323.97931907999 
 420   4155.22025954663 
 421   3966.2610788662 
 422   3806.02353218901 
 423   3642.8443896717 
 424   3409.00586658949 
 425   3214.94103465118 
 426   3083.27943942329 
 427   2952.15527724436 
 428   2821.5647590509 
 429   2703.01224894902 
 430   2605.98597609763 
 431   2534.94307907868 
 432   2484.59179389805 
 433   2445.93339238733 
 434   2414.95884453164 
 435   2397.20415644015 
 436   2397.90297551437 
 437   2406.03865395602 
 438   2359.44177907342 
 439   2261.58973079004 
 440   2225.73060487306 
 441   2221.81869399332 
 442   2207.28486768786 
 443   2194.80547263592 
 444   2185.60290296836 
 445   2170.27329451727 
 446   2137.99562147587 
 447   2099.62871087827 
 448   2100.92827523962 
 449   2170.54130976035 
 450   2202.97720772541 
 451   2183.90510695414 
 452   2166.12247949068 
 453   2144.27099919572 
 454   2127.87546161711 
 455   2126.17473578018 
 456   2118.00326756177 
 457   2106.95219500413 
 458   2098.0327869469 
 459   2078.33409582448 
 460   2067.64506778683 
 461   2074.37359580492 
 462   2074.87512916002 
 463   2065.79833970691 
 464   2049.62257437187 
 465   2031.0201583692 
 466   2029.71099874171 
 467   2034.08819851279 
 468   2020.43250606915 
 469   2025.06231640804 
 470   2031.52722798483 
 471   2007.67255678879 
 472   1996.60493500268 
 473   1997.77431594084 
 474   1993.44030774534 
 475   1993.42516352734 
 476   1991.19013831809 
 477   1985.83439170933 
 478   1993.39791026257 
 479   1999.61226184093 
 480   1997.62098716868 
 481   1999.82407513853 
 482   2004.76162334506 
 483   2008.27169633776 
 484   2009.25278083703 
 485   2012.04411917 
 486   2018.57564101642 
 487   2026.40199746035 
 488   2029.42274851473 
 489   2028.26465636791 
 490   2028.04516431392 
 491   2032.7469054141 
 492   2034.04892673773 
 493   2033.38214749898 
 494   2045.86961240863 
 495   2050.26606260365 
 496   2035.93203951705 
 497   2016.64230317891 
 498   2005.86882544673 
 499   2003.73165398481 
 500   2004.35391490805 
 501   2012.91867084854 
 502   2020.30902829702 
 503   2021.65119701933 
 504   2036.28664218365 
 505   2054.71965097489 
 506   2073.87433207075 
 507   2113.09926380621 
 508   2148.57933406044 
 509   2176.55394033253 
 510   2214.93941731872 
 511   2223.67455756203 
 512   2229.82069106196 
 513   2283.30046357262 
 514   2329.02298491415 
 515   2405.45428551126 
 516   2540.89570194679 
 517   2640.43294749308 
 518   2765.49720863747 
 519   2947.25026304478 
 520   3108.64013632819 
 521   3338.53558406418 
 522   3639.20717765293 
 523   3924.98097049259 
 524   4277.44131622405 
 525   4691.8112445166 
 526   5110.89659293972 
 527   5557.98134584717 
 528   6017.97826441022 
 529   6477.01230704392 
 530   6948.54274410335 
 531   7351.08507331983 
 532   7689.12007434627 
 533   8051.78832818142 
 534   8316.56401667838 
 535   8433.06219955236 
 536   8457.00911128495 
 537   8443.32069954699 
 538   8381.53322847292 
 539   8238.80756362191 
 540   8015.44149211954 
 541   7747.19658357556 
 542   7458.90018573507 
 543   7145.47655295911 
 544   6802.64119093379 
 545   6453.53987830139 
 546   6123.93935476534 
 547   5785.46798007843 
 548   5440.69640440991 
 549   5112.84632451845 
 550   4814.05191982408 
 551   4531.34885284712 
 552   4255.83996589399 
 553   3998.79562058152 
 554   3780.75102807192 
 555   3593.03941211751 
 556   3412.46332710102 
 557   3249.96299453295 
 558   3114.42089584959 
 559   3002.44072721423 
 560   2899.81682397148 
 561   2808.87503774444 
 562   2739.48439239583 
 563   2695.27935192064 
 564   2654.97188878055 
 565   2631.94566156025 
 566   2645.73177815644 
 567   2655.32939955648 
 568   2670.53239028883 
 569   2723.3001846215 
 570   2823.37045761083 
 571   2949.73844736632 
 572   3091.03320298099 
 573   3267.96800785543 
 574   3531.10909534129 
 575   3832.23530783581 
 576   4121.38609556307 
 577   4488.84617112599 
 578   4941.03337262648 
 579   5432.9348914848 
 580   5929.03548138913 
 581   6462.91249159725 
 582   7033.12987526358 
 583   7599.05505267218 
 584   8143.73557342761 
 585   8644.35335375973 
 586   9074.76815625882 
 587   9429.49468237619 
 588   9790.85088759625 
 589   10125.3645918025 
 590   10297.7409649689 
 591   10358.1257486419 
 592   10340.9107785524 
 593   10217.5016267504 
 594   9936.84095162457 
 595   9623.45933731674 
 596   9311.22092922705 
 597   8869.051818904 
 598   8356.72013334763 
 599   7830.01483698166 
 600   7298.31401475904 
 601   6758.79842505732 
 602   6139.00717102434 
 603   5454.22867877755 
 604   4863.06045348233 
 605   4367.75998377477 
 606   3891.8158546488 
 607   3403.92140540384 
 608   3041.26274865179 
 609   2738.86009610505 
 610   2427.31198811896 
 611   2221.37186335387 
 612   2157.56941442933 
 613   2181.95993349344 
 614   2193.96792097807 
 615   2136.27680996879 
 616   2055.10615384906 
 617   2006.38723927052 
 618   1969.44276465628 
 619   1947.74492424585 
 620   1942.28761014003 
 621   1935.35785928609 
 622   1901.03506903742 
 623   1874.68392159121 
 624   1886.09228003265 
 625   1893.34029137067 
 626   1896.56725545531 
 627   1902.69653121389 
 628   1909.49672864896 
 629   1923.17696029659 
 630   1951.84154891605 
 631   2001.21648434868 
 632   2068.70037853248 
 633   2130.24314681424 
 634   2187.50006152466 
 635   2268.22427369722 
 636   2373.00205917039 
 637   2482.56918119078 
 638   2582.06702519881 
 639   2680.41217820771 
 640   2792.33179142209 
 641   2899.66812841408 
 642   2975.76507522848 
 643   3061.82406143197 
 644   3155.46723040366 
 645   3219.61561547301 
 646   3231.71137266939 
 647   3257.81268260768 
 648   3328.04225794496 
 649   3409.96604242185 
 650   3464.65695024708 
 651   3490.90594589217 
 652   3513.29913806382 
 653   3549.90644357947 
 654   3558.34676435777 
 655   3554.4563052646 
 656   3575.74926210629 
 657   3573.09897715333 
 658   3530.13825444947 
 659   3459.81118352708 
 660   3382.94862222263 
 661   3307.85809978382 
 662   3222.22560394488 
 663   3124.20179720049 
 664   3048.25654368423 
 665   2979.64927240785 
 666   2898.39757936912 
 667   2803.32886164627 
 668   2701.20382896843 
 669   2608.40406322368 
 670   2531.9652891122 
 671   2458.01443933794 
 672   2382.15064689434 
 673   2302.15536677325 
 674   2218.13270552767 
 675   2137.77228592415 
 676   2061.48457259551 
 677   1990.38963837577 
 678   1931.28343898942 
 679   1888.98193758835 
 680   1863.45715498762 
 681   1849.64128777573 
 682   1841.69845316511 
 683   1850.99883167324 
 684   1881.83311895242 
 685   1932.13989951601 
 686   2016.25794185127 
 687   2116.74045037805 
 688   2200.2911480987 
 689   2251.67206716264 
 690   2309.36508662621 
 691   2352.51923169464 
 692   2355.86714349309 
 693   2381.14546086717 
 694   2381.84774114962 
 695   2331.27104775921 
 696   2265.62692988761 
 697   2196.24193756645 
 698   2114.2758119021 
 699   2026.72108628417 
 700   1968.70898071682 
 701   1942.96378104111 
 702   1913.78210911751 
 703   1865.63442774646 
 704   1854.33082291268 
 705   1853.99635806606 
 706   1838.66789472916 
 707   1832.31318629964 
 708   1885.77092901812 
 709   1940.98041331348 
 710   1960.20564933434 
 711   1996.40798365934 
 712   2030.10263518111 
 713   2056.33901402928 
 714   2086.6689485249 
 715   2117.3330400967 
 716   2135.40200244515 
 717   2098.47566086722 
 718   2087.39132118738 
 719   2337.2142264852 
 720   1639.42337078115 
 721   303.424082944252 
 722   259.379953811065 
 723   358.894067245198 
 724   272.892404524539 
 725   246.02993115443 
 726   140.387691801273 
 727   152.360173478308 
 728  -18.2918350197818 
 729  -53.7736224585558 
 730   1697.66108183962 
 731   2777.46827805109 
 732   2496.00317875116 
 733   2519.04234408857 
 734   2576.74655601182 
 735   2590.87009299625 
 736   2611.36355678187 
 737   2595.52528549404 
 738   2597.83383901271 
 739   2608.15756969672 
 740   2617.44550603144 
 741   2660.9716324829 
 742   2669.9845421335 
 743   2664.50645800022 
 744   2685.46618181853 
 745   2685.17822688408 
 746   2704.36730736996 
 747   2750.62435193445 
 748   2796.61433182479 
 749   2850.28649100742 
 750   2883.58855119396 
 751   2915.6991665249 
 752   2989.70376733756 
 753   3056.37281165547 
 754   3134.22821400447 
 755   3239.63588246503 
 756   3347.08542978638 
 757   3451.86925885163 
 758   3553.67525142187 
 759   3663.83232903938 
 760   3805.51007926467 
 761   3983.46064424284 
 762   4170.96846607315 
 763   4357.25155257905 
 764   4577.34067190956 
 765   4837.75973879277 
 766   5139.18331425376 
 767   5486.52822497139 
 768   5884.98873288606 
 769   6326.23217847533 
 770   6833.07420371266 
 771   7427.48915677054 
 772   8075.24666041597 
 773   8774.28151358364 
 774   9557.78791892891 
 775   10419.8493016188 
 776   11257.6764048464 
 777   12199.8848493264 
 778   13310.3648182297 
 779   14512.5467626284 
 780   15808.6473984993 
 781   17265.3397036635 
 782   18865.0154938109 
 783   20551.9688757998 
 784   22456.0398749315 
 785   24403.8736550957 
 786   26377.7332945533 
 787   28624.1956004497 
 788   31038.1268612913 
 789   33598.1747551686 
 790   36322.6598115886 
 791   39186.7650052143 
 792   42196.6861972296 
 793   45305.6535753645 
 794   48349.8188672338 
 795   51132.1142224623 
 796   53704.961268923 
 797   55918.0446958215 
 798   57702.0130579331 
 799   59165.7420641514 
 800   59955.5304429098 
 801   60000 
 802   60000 
 803   60000 
 804   60000 
 805   58927.5932877817 
 806   56218.8912144357 
 807   53135.5271875313 
 808   49658.3423625492 
 809   45765.9363731905 
 810   41617.161769954 
 811   37350.5486839658 
 812   32667.6642250971 
 813   28082.2238961828 
 814   24351.3286467425 
 815   21578.173455613 
 816   19322.8863301203 
 817   17375.4752074503 
 818   15745.8375191938 
 819   14416.29502183 
 820   13259.7016773413 
 821   12100.3058983806 
 822   10979.2550669338 
 823   10143.4137789069 
 824   9409.21610761126 
 825   8707.16308656802 
 826   8055.50770083277 
 827   7439.62758074951 
 828   6916.13578312761 
 829   6430.46971259168 
 830   5943.36488464931 
 831   5510.4330685305 
 832   5123.71821915365 
 833   4788.49498028861 
 834   4492.68906012387 
 835   4210.68779683465 
 836   3986.50174446571 
 837   3788.01831558486 
 838   3592.78066516123 
 839   3431.12966609697 
 840   3304.35904698731 
 841   3209.25170055828 
 842   3121.80803008399 
 843   3023.06478524046 
 844   2948.36548770736 
 845   2840.30557052438 
 846   2807.13745439273 
 847   2793.70285520567 
 848   2394.39452435205 
 849   3790.19834467035 
 850   5765.44492624847 
 851   5704.24725830739 
 852   5601.8316671777 
 853   5613.95451605306 
 854   5570.70971248666 
 855   5516.71134596419 
 856   5382.30195253606 
 857   5695.97845863297 
 858   4769.3641671861 
 859   2413.75143228933 
 860   2051.48353843465 
 861   2173.6085225262 
 862   2105.27409295647 
 863   2134.14696478012 
 864   2140.92036028906 
 865   2141.83122317879 
 866   2155.22402956107 
 867   2172.48605710279 
 868   2184.51116507494 
 869   2207.53761568209 
 870   2225.74624276498 
 871   2209.35604487841 
 872   2166.42276073702 
 873   2166.30428641744 
 874   2172.14456486135 
 875   2153.72917919621 
 876   2124.70863708391 
 877   2099.85380220311 
 878   2072.96222230454 
 879   2040.86268748543 
 880   2017.48686659037 
 881   2016.87455788949 
 882   1997.5434791367 
 883   1951.86180592676 
 884   1918.4354988647 
 885   1927.72153608684 
 886   1926.3912621684 
 887   1930.21101245737 
 888   1945.69491443421 
 889   1942.70537783091 
 890   1925.62818127276 
 891   1925.39811836838 
 892   1946.65870230484 
 893   1963.09264480742 
 894   1952.88632121182 
 895   1935.13943747338 
 896   1923.14163070287 
 897   1916.14241295011 
 898   1914.23462538457 
 899   1926.94114635309 
 900   1914.42757480914 
 901   1891.50697132468 
 902   1915.44456270327 
 903   1936.74449777384 
 904   1960.10273679316 
 905   1977.77879010701 
 906   1981.87776873192 
 907   2008.77808225943 
 908   2014.39282925702 
 909   2030.35352692573 
 910   2073.08988748956 
 911   2077.82052874369 
 912   2084.00352832089 
 913   2107.12177281515 
 914   2150.42689179094 
 915   2203.38031565299 
 916   2218.84234432747 
 917   2270.9444158138 
 918   2351.98310350951 
 919   2413.71435546873 
 920   2498.01001347627 
 921   2591.75440617842 
 922   2684.85448873874 
 923   2770.18446444745 
 924   2856.25205047887 
 925   3004.42283904784 
 926   3156.38542817255 
 927   3319.33108420777 
 928   3527.26817509349 
 929   3698.8957856233 
 930   3937.89833115501 
 931   4239.95328005918 
 932   4543.02578292232 
 933   4873.54230761224 
 934   5297.35585492158 
 935   5776.24258880672 
 936   6260.23951811134 
 937   6778.80762812926 
 938   7407.85789059262 
 939   8047.59280650426 
 940   8666.47499117412 
 941   9311.99039364521 
 942   9972.69145685733 
 943   10512.7996220476 
 944   11004.8693314425 
 945   11473.8797169168 
 946   11835.8013094807 
 947   12081.8680020217 
 948   12112.4710101459 
 949   12072.9910614846 
 950   12021.4491345578 
 951   11745.3083526507 
 952   11367.4019777847 
 953   10896.3133489238 
 954   10347.082810584 
 955   9784.20693780189 
 956   9200.28586826196 
 957   8591.85092306206 
 958   7985.19021665087 
 959   7412.73636209885 
 960   6898.74989556299 
 961   6469.26921428682 
 962   6070.73901450498 
 963   5684.07228072031 
 964   5331.51674488454 
 965   5014.42687307567 
 966   4761.00720001028 
 967   4560.25885926349 
 968   4396.71158904094 
 969   4254.93399338728 
 970   4086.64347586868 
 971   3967.25805060852 
 972   3899.0579748394 
 973   3825.34346501981 
 974   3744.42358781466 
 975   3692.31955302242 
 976   3647.41227893625 
 977   3621.82820799968 
 978   3642.68078809529 
 979   3661.14398192923 
 980   3664.80678694935 
 981   3673.88682972556 
 982   3716.94241908226 
 983   3795.25898357967 
 984   3869.20847904563 
 985   3972.50303911838 
 986   4074.41583024441 
 987   4167.93677480922 
 988   4331.65240104088 
 989   4510.84885608829 
 990   4707.13987427748 
 991   4938.6591934722 
 992   5221.53359397056 
 993   5584.47979892348 
 994   6000.52262832931 
 995   6480.56016100529 
 996   6976.67672350812 
 997   7479.34986534193 
 998   8191.44813319227 
 999   9031.80298593586 
 1000   9950.0158381695 
 1001   10949.4438316784 
 1002   11998.506637619 
 1003   13065.705903463 
 1004   14161.7445061399 
 1005   15232.3726886215 
 1006   16198.6661113638 
 1007   17034.5858235814 
 1008   17725.5558607942 
 1009   18245.1509205826 
 1010   18592.0165887904 
 1011   18797.8149009093 
 1012   18876.9570952535 
 1013   18773.9995103784 
 1014   18639.7553314992 
 1015   18527.1036057443 
 1016   18371.6139636832 
 1017   18231.2578913342 
 1018   18157.6207891386 
 1019   18178.7576115274 
 1020   18255.4574901181 
 1021   18359.6012324623 
 1022   18562.7796233031 
 1023   18794.8663525486 
 1024   19022.6850389813 
 1025   19253.4478356206 
 1026   19463.3591787474 
 1027   19586.9115800904 
 1028   19617.3354887896 
 1029   19488.7322529556 
 1030   19278.8918347433 
 1031   19099.8106234412 
 1032   18747.5189715768 
 1033   18388.1579878514 
 1034   17959.2107712434 
 1035   17378.13460094 
 1036   16736.6207820097 
 1037   16029.4180700545 
 1038   15416.5789963376 
 1039   14729.5231579861 
 1040   13868.7780321814 
 1041   13025.7573251372 
 1042   12201.0028309111 
 1043   11379.658969374 
 1044   10557.815348891 
 1045   9908.84822861335 
 1046   9594.48411818924 
 1047   9292.70700402695 
 1048   8775.86712302369 
 1049   8192.29972345139 
 1050   7683.37058255634 
 1051   7190.00749615899 
 1052   6769.08140665707 
 1053   6512.02092052923 
 1054   5809.8289632875 
 1055   4907.61903154985 
 1056   4678.8947474865 
 1057   4468.35323567106 
 1058   4285.38975592322 
 1059   4140.85109933818 
 1060   3968.25087837522 
 1061   3796.32124703241 
 1062   3683.80785230745 
 1063   3588.31754572287 
 1064   3514.40037630268 
 1065   3472.76140581611 
 1066   3435.44121630381 
 1067   3372.38020950828 
 1068   3318.13549262481 
 1069   3521.20631829009 
 1070   3966.35587323836 
 1071   4296.6542871479 
 1072   4298.55309832225 
 1073   4284.76246427501 
 1074   4274.94386125094 
 1075   4247.81815063499 
 1076   4221.83196032605 
 1077   4213.49778073421 
 1078   4307.29025487285 
 1079   3703.90854968854 
 1080   3148.05475545787 
 1081   3258.21113072729 
 1082   3239.17350574884 
 1083   3229.63519236197 
 1084   3257.87070782967 
 1085   3289.86227127296 
 1086   3306.66774296499 
 1087   3320.55860127431 
 1088   3370.47622509053 
 1089   3388.57183096121 
 1090   3403.7624371411 
 1091   3429.17708329777 
 1092   3446.3454629124 
 1093   3481.95014684137 
 1094   3498.96604189879 
 1095   3504.81157641683 
 1096   3504.05525289633 
 1097   3515.3060265791 
 1098   3561.09257827019 
 1099   3576.98618641483 
 1100   3599.85141628095 
 1101   3622.6079080602 
 1102   3635.46352722645 
 1103   3647.24077033275 
 1104   3625.32452160495 
 1105   3626.9560788768 
 1106   3636.68182973289 
 1107   3635.97150302162 
 1108   3623.29367509005 
 1109   3587.25527076239 
 1110   3575.50872696479 
 1111   3578.14086246173 
 1112   3564.3262587604 
 1113   3543.47488248012 
 1114   3533.88109983441 
 1115   3490.47339176353 
 1116   3430.69141634925 
 1117   3413.88143492842 
 1118   3415.06547395983 
 1119   3389.46057506158 
 1120   3376.86089270801 
 1121   3342.13403913334 
 1122   3287.05759047857 
 1123   3246.3211236981 
 1124   3241.6783234589 
 1125   3240.59954139295 
 1126   3186.05639958711 
 1127   3153.46295573038 
 1128   3111.51906541718 
 1129   3079.31940973217 
 1130   3080.05544965401 
 1131   3033.97277613248 
 1132   3010.85796136185 
 1133   2989.34583355293 
 1134   2985.4699348192 
 1135   2991.20404494902 
 1136   2970.63528298102 
 1137   2973.52791989009 
 1138   2978.03895418325 
 1139   3009.32424176158 
 1140   3024.81121040555 
 1141   3009.50888188713 
 1142   3029.38923959121 
 1143   3029.35036408601 
 1144   3035.41599020527 
 1145   3072.18346054048 
 1146   3101.49329175229 
 1147   3110.13663824198 
 1148   3158.73089276868 
 1149   3214.27575883656 
 1150   3259.23828461376 
 1151   3323.84601499444 
 1152   3406.11777881983 
 1153   3468.43789721704 
 1154   3524.21060067299 
 1155   3604.58673858291 
 1156   3671.25477351908 
 1157   3717.9581859578 
 1158   3773.77466162083 
 1159   3837.35338623662 
 1160   3882.76171603974 
 1161   3939.30258867106 
 1162   3982.54417363302 
 1163   4018.2312225163 
 1164   4063.63415634083 
 1165   4104.25547079002 
 1166   4152.17511756787 
 1167   4180.53045445681 
 1168   4205.2335826422 
 1169   4232.96395011523 
 1170   4253.38585824705 
 1171   4269.03702222282 
 1172   4273.39768637572 
 1173   4279.48295373749 
 1174   4272.47784921925 
 1175   4263.78730038181 
 1176   4247.93631747308 
 1177   4190.85152581894 
 1178   4167.16579170165 
 1179   4163.07980946229 
 1180   4152.70444086581 
 1181   4136.64265238634 
 1182   4131.24196138663 
 1183   4141.13451183927 
 1184   4145.37636178188 
 1185   4162.5613738744 
 1186   4178.08733373515 
 1187   4166.40374041579 
 1188   4141.67470610718 
 1189   4136.80560707433 
 1190   4133.74636210997 
 1191   4122.44243203828 
 1192   4120.93716741039 
 1193   4156.80693176721 
 1194   4211.56084071972 
 1195   4231.1990001004 
 1196   4228.65950699454 
 1197   4247.50054147946 
 1198   4260.52360151048 
 1199   4282.55814947151 
 1200   4312.59080109206 
 1201   4294.09145107858 
 1202   4253.6830899649 
 1203   4205.94012440518 
 1204   4210.20072258853 
 1205   4197.79235242663 
 1206   4145.83360944314 
 1207   4124.09765532494 
 1208   4078.17753419941 
 1209   4036.88108053627 
 1210   3955.83283919517 
 1211   3884.43967986857 
 1212   3850.66354874532 
 1213   3808.54304020904 
 1214   3761.86751075799 
 1215   3713.11493716108 
 1216   3658.86380489192 
 1217   3624.20967745213 
 1218   3610.69360268077 
 1219   3593.1956767682 
 1220   3568.61546804774 
 1221   3551.29119695039 
 1222   3529.97933872245 
 1223   3515.7786313267 
 1224   3512.25452217712 
 1225   3492.88267912847 
 1226   3460.97041391443 
 1227   3466.67151512141 
 1228   3449.3383049197 
 1229   3420.07380227269 
 1230   3423.31769571081 
 1231   3429.84107875156 
 1232   3404.07678824953 
 1233   3384.37068201469 
 1234   3370.62253753022 
 1235   3372.57559936173 
 1236   3365.89470553009 
 1237   3350.25109593589 
 1238   3333.92497299285 
 1239   3321.35634996725 
 1240   3338.24270771027 
 1241   3358.39854357506 
 1242   3375.16236035576 
 1243   3380.78161733589 
 1244   3403.01795793972 
 1245   3442.70919418875 
 1246   3460.98137508904 
 1247   3502.76341361844 
 1248   3538.57000537605 
 1249   3578.19737477236 
 1250   3627.24390023178 
 1251   3680.71601549732 
 1252   3724.50789871929 
 1253   3752.65397518621 
 1254   3820.95677612414 
 1255   3869.60297983017 
 1256   3913.99392923028 
 1257   3947.58517859271 
 1258   3979.68324021021 
 1259   4048.56036783419 
 1260   4120.96344097166 
 1261   4204.18361280053 
 1262   4276.88351635085 
 1263   4369.35794682444 
 1264   4510.98580748644 
 1265   4697.39039095958 
 1266   4901.30483091876 
 1267   5083.51896008389 
 1268   5250.18362029428 
 1269   5419.03819463706 
 1270   5599.33343453086 
 1271   5747.436996745 
 1272   5826.07865247634 
 1273   5865.63044424395 
 1274   5899.33791052571 
 1275   5911.78518524072 
 1276   5912.75172442079 
 1277   5948.60959504615 
 1278   5984.61020252956 
 1279   6012.33676843809 
 1280   6088.41599004574 
 1281   6158.1339008172 
 1282   6208.20110165503 
 1283   6288.46048745418 
 1284   6398.80261665867 
 1285   6493.48743441611 
 1286   6571.44173490639 
 1287   6667.74819841567 
 1288   6768.40005184008 
 1289   6868.47142180506 
 1290   7005.10754379138 
 1291   7139.58868912591 
 1292   7257.82066190253 
 1293   7377.15047451694 
 1294   7505.55531016827 
 1295   7646.14818863663 
 1296   7762.1019312705 
 1297   7868.28436373447 
 1298   7963.89927721848 
 1299   8057.80736581275 
 1300   8151.10623535409 
 1301   8227.21109062138 
 1302   8285.76393077011 
 1303   8341.60780676217 
 1304   8390.46233976735 
 1305   8428.14541577857 
 1306   8457.28282138609 
 1307   8465.2953443821 
 1308   8475.73755565823 
 1309   8540.92468836714 
 1310   8632.73556168915 
 1311   8689.86588759188 
 1312   8736.40741955835 
 1313   8787.76615381465 
 1314   8845.93169519484 
 1315   8900.88091784187 
 1316   8943.30171986052 
 1317   8989.75928797901 
 1318   9050.55601838612 
 1319   9090.51283994015 
 1320   9113.77320295467 
 1321   9144.17265665426 
 1322   9152.55582128128 
 1323   9146.60684399152 
 1324   9154.35331562022 
 1325   9107.95459180029 
 1326   9009.84763308347 
 1327   8895.43444229745 
 1328   8792.35733203024 
 1329   8689.07828327205 
 1330   8548.35921236563 
 1331   8377.97915300748 
 1332   8210.68801624877 
 1333   8035.52804216352 
 1334   7894.94789229331 
 1335   7773.98675469961 
 1336   7674.76355955029 
 1337   7582.93873463591 
 1338   7506.62691774429 
 1339   7453.02838181 
 1340   7395.02027949966 
 1341   7341.87544827816 
 1342   7310.48851672429 
 1343   7329.4902659871 
 1344   7390.36747658534 
 1345   7446.29389985216 
 1346   7526.80113118292 
 1347   7615.50813162259 
 1348   7644.21567882157 
 1349   7700.00393805645 
 1350   7730.98614708618 
 1351   7727.45091218063 
 1352   7633.34512439457 
 1353   7527.11456027071 
 1354   7438.09835209134 
 1355   7343.22538135918 
 1356   7291.74489306751 
 1357   7264.20254054578 
 1358   7209.24411941655 
 1359   7232.0326947041 
 1360   7258.63635881786 
 1361   7343.76016803925 
 1362   7512.10948868445 
 1363   7658.42782779106 
 1364   7804.94098121774 
 1365   8088.05750136901 
 1366   8449.31903189656 
 1367   8930.69895976375 
 1368   9492.51336153305 
 1369   10039.5626564912 
 1370   10693.0833406515 
 1371   11520.6485940614 
 1372   12392.7796795156 
 1373   13219.6405433443 
 1374   13995.4550781243 
 1375   14679.6744469972 
 1376   15127.8340179657 
 1377   15413.720728293 
 1378   15514.7089450328 
 1379   15591.4670736566 
 1380   15525.2441201965 
 1381   15117.7735224427 
 1382   14671.4189101852 
 1383   14190.206201925 
 1384   13676.9471377056 
 1385   13229.163408134 
 1386   12912.4894536752 
 1387   12734.0914575146 
 1388   12694.9423635366 
 1389   12810.7438675079 
 1390   13114.1423668892 
 1391   13644.9579766306 
 1392   14375.6359867203 
 1393   15198.2381413609 
 1394   16168.6856194307 
 1395   17316.0402734733 
 1396   18602.5082251067 
 1397   19959.1721945145 
 1398   21335.1084424504 
 1399   22687.3307006006 
 1400   23995.758641459 
 1401   25214.4288627604 
 1402   26036.4128578146 
 1403   26684.0599412798 
 1404   27096.6296416181 
 1405   27524.5620386456 
 1406   27620.4881414423 
 1407   27203.1350857025 
 1408   26613.4659053614 
 1409   25790.4748983909 
 1410   24791.7877995013 
 1411   23758.4688542532 
 1412   22672.9570328749 
 1413   21612.6901730411 
 1414   20599.865353091 
 1415   19642.7569361008 
 1416   18776.575771374 
 1417   17920.024698028 
 1418   17135.3143160527 
 1419   16627.9810313682 
 1420   16114.4511916392 
 1421   15749.8897696115 
 1422   15406.0610574762 
 1423   15173.6470834078 
 1424   14961.7527350669 
 1425   14830.0912369487 
 1426   14778.7512771358 
 1427   14695.1978394827 
 1428   14630.0912565388 
 1429   14580.0365239854 
 1430   14599.8508633023 
 1431   14620.9763655111 
 1432   14643.5098704388 
 1433   14688.399255581 
 1434   14730.089581691 
 1435   14781.7381813359 
 1436   14841.2148035643 
 1437   14881.1900560821 
 1438   14909.5758667461 
 1439   14944.593117786 
 1440   15020.9957917359 
 1441   15076.9675962143 
 1442   15156.2893934028 
 1443   15241.4953437732 
 1444   15355.5058742544 
 1445   15456.728967873 
 1446   15573.1890527111 
 1447   15711.1349879237 
 1448   15805.8741060111 
 1449   15887.7880005289 
 1450   15910.1829274694 
 1451   15931.5455920444 
 1452   15859.4818647101 
 1453   15790.2590992927 
 1454   15623.4156433563 
 1455   15391.0436066219 
 1456   15144.2704335456 
 1457   14900.7416884241 
 1458   14608.9752593201 
 1459   14220.8069505075 
 1460   13872.2550370763 
 1461   13485.3847906852 
 1462   13134.950130639 
 1463   12811.3878688498 
 1464   12441.839155622 
 1465   12068.5242304654 
 1466   11777.3185882247 
 1467   11555.0366113631 
 1468   11323.5028679676 
 1469   11088.2739437624 
 1470   10875.0078883232 
 1471   10645.7030440354 
 1472   10479.1193182637 
 1473   10349.1524204782 
 1474   10163.615529191 
 1475   9947.60133672935 
 1476   9780.8781708193 
 1477   9665.60069472782 
 1478   9524.61065833605 
 1479   9369.76617778052 
 1480   9201.83426005783 
 1481   8996.97255077553 
 1482   8847.63393927533 
 1483   8731.1943767139 
 1484   8583.43156177184 
 1485   8430.15226655199 
 1486   8276.90130129837 
 1487   8124.04192321449 
 1488   7967.68894336828 
 1489   7842.01604283947 
 1490   7704.46412751742 
 1491   7543.4742466205 
 1492   7423.64727816125 
 1493   7300.57649716625 
 1494   7133.17908778506 
 1495   7026.84269656572 
 1496   6939.0292645195 
 1497   6868.24996237673 
 1498   6782.30015627336 
 1499   6702.22803831776 
 1500   6650.21811407421 
 1501   6593.67413109391 
 1502   6514.06838667947 
 1503   6437.18235596786 
 1504   6362.46917369329 
 1505   6286.40645996327 
 1506   6236.64968348003 
 1507   6177.84470157547 
 1508   6086.83036076892 
 1509   6037.81365465996 
 1510   5983.9443328036 
 1511   5980.48015152938 
 1512   5973.27946735032 
 1513   5938.17624789595 
 1514   5882.82236636759 
 1515   5866.19202050454 
 1516   5852.82569401974 
 1517   5836.23869432961 
 1518   5825.168511485 
 1519   5750.56740476062 
 1520   5715.60154966847 
 1521   5703.07468386025 
 1522   5702.51161684069 
 1523   5666.84714072063 
 1524   5669.68361911301 
 1525   5682.78838924426 
 1526   5669.83095932028 
 1527   5681.13981689603 
 1528   5699.78783598244 
 1529   5695.54789171948 
 1530   5692.29275330767 
 1531   5678.40304443535 
 1532   5644.53802034428 
 1533   5626.52333714524 
 1534   5616.57947256146 
 1535   5614.34207821134 
 1536   5601.96890503231 
 1537   5631.53571275474 
 1538   5718.27332809134 
 1539   5802.03785567802 
 1540   5851.53210166964 
 1541   5920.85853796374 
 1542   5966.07815962487 
 1543   5996.88391766097 
 1544   6049.50915900111 
 1545   6037.46777985578 
 1546   5954.40520950707 
 1547   5870.31949558213 
 1548   5768.35621224587 
 1549   5690.65234982841 
 1550   5582.96900910978 
 1551   5490.33718281579 
 1552   5364.67794847215 
 1553   5286.19821381111 
 1554   5245.7226710566 
 1555   5263.132724337 
 1556   5254.53131525959 
 1557   5232.98870893039 
 1558   5232.52169746356 
 1559   5220.28557394581 
 1560   5196.09979273359 
 1561   5180.30402016482 
 1562   5152.25718772961 
 1563   5118.5019092911 
 1564   5114.02740052167 
 1565   5099.26169280279 
 1566   5099.91238122313 
 1567   5102.25279501745 
 1568   5126.04588755253 
 1569   5132.36625521087 
 1570   5138.34159834687 
 1571   5114.99320223466 
 1572   5132.28916909574 
 1573   5086.7627665578 
 1574   5050.96340736604 
 1575   5063.08192074433 
 1576   5073.73437344478 
 1577   5079.42140553423 
 1578   5069.98209371387 
 1579   5047.25539149048 
 1580   5033.32501120862 
 1581   5080.02879526855 
 1582   5098.10605301006 
 1583   5085.69733112803 
 1584   5092.77718690973 
 1585   5118.93673039735 
 1586   5194.74093909874 
 1587   5239.09547317944 
 1588   5269.90803169621 
 1589   5275.55200686378 
 1590   5302.93285551527 
 1591   5337.43362883251 
 1592   5368.54548298753 
 1593   5378.41279499954 
 1594   5396.66009834031 
 1595   5436.67250944475 
 1596   5492.37722048841 
 1597   5549.70969517516 
 1598   5590.05109612868 
 1599   5665.79740746771 
 1600   5723.87596409075 
 1601   5793.96786787647 
 1602   5874.1212214778 
 1603   5962.07794407693 
 1604   6043.16187719974 
 1605   6121.74195886798 
 1606   6190.01515725395 
 1607   6302.70062251988 
 1608   6369.98930770493 
 1609   6419.25231232192 
 1610   6515.13960796274 
 1611   6628.68697026189 
 1612   6744.97765226343 
 1613   6873.60413774475 
 1614   6963.67058873235 
 1615   7067.90343599863 
 1616   7229.94193228278 
 1617   7383.70972641874 
 1618   7509.17876749664 
 1619   7647.79348686418 
 1620   7827.3375930481 
 1621   7999.18877603105 
 1622   8257.97743954597 
 1623   8589.21893458035 
 1624   8948.94209557296 
 1625   9425.38820674336 
 1626   10001.4941602577 
 1627   10696.1053392496 
 1628   11549.9812079779 
 1629   12543.9042516737 
 1630   13661.7898463944 
 1631   15119.2502360355 
 1632   16604.182430544 
 1633   18325.1576519143 
 1634   20270.3457695912 
 1635   22312.103690147 
 1636   24399.5692886781 
 1637   26380.2883533596 
 1638   28158.7746189278 
 1639   29627.567091384 
 1640   30639.7294609445 
 1641   31127.7878284548 
 1642   31089.5440658142 
 1643   30516.897063876 
 1644   29477.059628906 
 1645   28144.1800154886 
 1646   26547.8726675867 
 1647   24808.7600032299 
 1648   23140.7144728321 
 1649   21584.4614006775 
 1650   20161.0180672578 
 1651   19091.4214873963 
 1652   18309.3434994422 
 1653   17648.1084193536 
 1654   17329.4081264824 
 1655   17199.6215939973 
 1656   17131.9351348684 
 1657   17225.206787827 
 1658   17332.8892688858 
 1659   17384.9242296939 
 1660   17437.9557510613 
 1661   17427.2109627953 
 1662   17331.1891494837 
 1663   17176.371588256 
 1664   16949.8079739314 
 1665   16668.0969381854 
 1666   16378.1634997778 
 1667   16072.3001321535 
 1668   15757.5095945089 
 1669   15459.8904563932 
 1670   15235.4247437811 
 1671   15052.7526928344 
 1672   14901.4896569811 
 1673   14852.955664133 
 1674   14832.4057468233 
 1675   14875.4935948032 
 1676   14994.7107495187 
 1677   15134.8652087354 
 1678   15395.7050974766 
 1679   15650.3609313743 
 1680   15909.5219352592 
 1681   16198.7901565087 
 1682   16550.825923793 
 1683   16838.6511453713 
 1684   17154.2047729228 
 1685   17373.2561247622 
 1686   17625.6324390856 
 1687   17862.2993511214 
 1688   18066.5418671643 
 1689   18199.1132470164 
 1690   18271.4355510725 
 1691   18342.4789950473 
 1692   18374.9075693188 
 1693   18304.6560864939 
 1694   18163.7054048921 
 1695   17980.612315625 
 1696   17712.7042242737 
 1697   17413.7194472079 
 1698   17099.6201231904 
 1699   16682.6823782546 
 1700   16216.2726776038 
 1701   15774.7697314963 
 1702   15330.29521734 
 1703   14869.1387872785 
 1704   14437.6308469827 
 1705   13951.8173380529 
 1706   13526.6897781492 
 1707   13181.8947286278 
 1708   12778.9749507546 
 1709   12386.1429125886 
 1710   12058.6892691274 
 1711   11719.7954384856 
 1712   11389.3863516436 
 1713   11042.9241392349 
 1714   10719.1349650182 
 1715   10469.6077747138 
 1716   10214.0675987901 
 1717   9930.85292465537 
 1718   9691.8650015485 
 1719   9478.12562498213 
 1720   9279.3978584149 
 1721   9077.48610835591 
 1722   8827.88410922187 
 1723   8572.9110781341 
 1724   8323.94208269179 
 1725   8062.7224087998 
 1726   7784.99447005572 
 1727   7507.59388099275 
 1728   7238.45194019459 
 1729   6992.58359889257 
 1730   6756.19610695853 
 1731   6507.39002733743 
 1732   6257.80517526188 
 1733   6038.72978933151 
 1734   5828.91098969052 
 1735   5605.05511264603 
 1736   5408.03489884494 
 1737   5203.06371989746 
 1738   4994.53471990393 
 1739   4793.80114156095 
 1740   4553.89405282701 
 1741   4370.93900261245 
 1742   4179.09022089495 
 1743   3974.52110463974 
 1744   3799.89893965944 
 1745   3627.20458602613 
 1746   3496.02640946983 
 1747   3411.69586014601 
 1748   3286.81209422732 
 1749   3197.07108096743 
 1750   3106.75361435519 
 1751   3007.20344222919 
 1752   2941.80575400745 
 1753   2864.52855495609 
 1754   2787.45228941242 
 1755   2710.64276218574 
 1756   2651.84082574375 
 1757   2593.78847070373 
 1758   2559.09590274501 
 1759   2522.12121150622 
 1760   2486.29515490438 
 1761   2469.49326229735 
 1762   2444.27731022783 
 1763   2404.56311790595 
 1764   2360.71634497663 
 1765   2330.92481421123 
 1766   2304.72285620494 
 1767   2277.92488325771 
 1768   2241.2634813767 
 1769   2191.42174475002 
 1770   2179.10813829451 
 1771   2168.94489588542 
 1772   2135.11763168553 
 1773   2135.86414464862 
 1774   2147.32361740116 
 1775   2144.64333285041 
 1776   2164.57561257252 
 1777   2140.45963370187 
 1778   2146.33043025173 
 1779   2168.51793070521 
 1780   2159.34963060174 
 1781   2133.8136238886 
 1782   2114.89227284407 
 1783   2105.77937978321 
 1784   2086.64757894101 
 1785   2037.08292541433 
 1786   1995.24981892319 
 1787   1979.11881165837 
 1788   1972.80503441542 
 1789   1958.18899168818 
 1790   1935.99860622338 
 1791   1936.04546954789 
 1792   1941.01618327059 
 1793   1932.61582613834 
 1794   1923.52829691944 
 1795   1895.88752721064 
 1796   1863.1162767516 
 1797   1862.02876975951 
 1798   1759.56494247407 
 1799   1678.29436224706 
 1800   1670.82114352018 
 1801   1637.30677309749 
 1802   1604.78245817106 
 1803   1563.58698693572 
 1804   1530.13745491822 
 1805   1611.50030146264 
 1806   1642.85495917661 
 1807   1633.48550340094 
 1808   1620.86035144183 
 1809   1618.25135655924 
 1810   1640.88439523953 
 1811   1638.59591946888 
 1812   1641.58133846049 
 1813   1650.94694828859 
 1814   1620.35455531297 
 1815   1640.76053485501 
 1816   1649.87038026856 
 1817   1655.90015755212 
 1818   1655.79545662161 
 1819   1644.88155768982 
 1820   1640.17330884793 
 1821   1670.01810708899 
 1822   1659.94776236885 
 1823   1655.68840051903 
 1824   1634.80154981783 
 1825   1619.37535178289 
 1826   1625.94619095719 
 1827   1600.04341657187 
 1828   1550.01838522876 
 1829   1515.83154929105 
 1830   1491.35611938355 
 1831   1490.40785295787 
 1832   1480.99342925645 
 1833   1461.88023648977 
 1834   1450.40137423586 
 1835   1465.26423691024 
 1836   1470.53758012967 
 1837   1473.53572689131 
 1838   1469.3767549589 
 1839   1474.99743542273 
 1840   1491.76578811401 
 1841   1490.43430309973 
 1842   1474.09888899155 
 1843   1494.45559363474 
 1844   1489.3012640381 
 1845   1477.33437145264 
 1846   1454.09740532066 
 1847   1418.26172832675 
 1848   1420.67675894248 
 1849   1433.02790471409 
 1850   1434.5241952654 
 1851   1431.51069435574 
 1852   1440.15798509565 
 1853   1442.19322016021 
 1854   1464.33587292356 
 1855   1473.17114085004 
 1856   1455.78435052894 
 1857   1398.74256028054 
 1858   1439.71911661897 
 1859   1446.01196796701 
 1860   1441.60143706453 
 1861   1421.99939610847 
 1862   1384.14099298161 
 1863   1405.11162897303 
 1864   1450.73750466842 
 1865   1421.94487203865 
 1866   1409.57136280216 
 1867   1411.77750527365 
 1868   1424.00518799267 
 1869   1436.37849849422 
 1870   1416.94135691409 
 1871   1385.98002806998 
 1872   1354.63537556641 
 1873   1365.02104941637 
 1874   1364.78737248265 
 1875   1367.66696760305 
 1876   1347.78609822185 
 1877   1335.33036281917 
 1878   1348.38639384615 
 1879   1357.49722156327 
 1880   1331.42079621504 
 1881   1346.11032980768 
 1882   1315.42380597458 
 1883   1331.9496563301 
 1884   1317.39265379186 
 1885   1320.50505737635 
 1886   1318.00008678682 
 1887   1314.30417836881 
 1888   1323.69317594553 
 1889   1341.98090948288 
 1890   1346.31069561332 
 1891   1321.44535961603 
 1892   1306.79896494297 
 1893   1304.49329745551 
 1894   1302.95486305152 
 1895   1277.74975795894 
 1896   1245.16085826157 
 1897   1255.40339078073 
 1898   1271.05976952896 
 1899   1270.06395269459 
 1900   1278.03264023275 
 1901   1249.51260553095 
 1902   1280.17265681428 
 1903   1300.71812177911 
 1904   1297.54673088361 
 1905   1281.77991747976 
 1906   1269.74899937014 
 1907   1242.78770836735 
 1908   1239.95294929429 
 1909   1220.98523798306 
 1910   1185.17302645112 
 1911   1176.25236067253 
 1912   1199.85122679739 
 1913   1210.61261580391 
 1914   1218.91208720889 
 1915   1220.5745390376 
 1916   1216.38570609992 
 1917   1214.59629792404 
 1918   1170.79255368906 
 1919   1152.36815911793 
 1920   1142.74835566862 
 1921   1147.43725591435 
 1922   1144.90353935273 
 1923   2260.18499712302 
 1924   2195.21891197492 
 1925   2234.25324076274 
 1926   2212.7030847431 
 1927   2159.78521639544 
 1928   2240.50599601693 
 1929   1658.68206468845 
 1930   924.47168150949 
 1931   1048.77926884014 
 1932   985.782565630246 
 1933   980.570953991779 
 1934   979.845200932435 
 1935   973.137522503579 
 1936   984.955801292534 
 1937   975.001206926317 
 1938   981.373312013436 
 1939   978.405667706977 
 1940   954.16746860014 
 1941   941.751877507979 
 1942   951.339047625373 
 1943   936.573644993927 
 1944   929.159140368599 
 1945   927.099226236501 
 1946   897.173706494179 
 1947   1103.26937648777 
 1948   1208.47804109641 
 1949   1164.74590197142 
 1950   1174.66085853893 
 1951   1180.24224263075 
 1952   1192.72707611081 
 1953   1199.53980267908 
 1954   1069.62552197307 
 1955   948.812618408303 
 1956   927.564926242625 
 1957   916.11104338135 
 1958   871.006365967974 
 1959   845.186535079576 
 1960   834.838919126697 
 1961   835.141871491329 
 1962   845.801717764991 
 1963   842.64217078037 
 1964   841.933867668624 
 1965   865.361435829972 
 1966   863.409705931035 
 1967   857.688926145766 
 1968   801.97331646474 
 1969   791.119504512725 
 1970   793.787885325053 
 1971   792.718507718628 
 1972   778.019375109223 
 1973   781.55435938249 
 1974   786.378895249862 
 1975   825.489655866348 
 1976   829.570940402022 
 1977   833.871868374879 
 1978   844.200183108132 
 1979   851.151711281713 
 1980   837.857770190343 
 1981   856.935173233208 
 1982   807.219478894314 
 1983   746.863786057536 
 1984   739.054115488174 
 1985   735.396147494291 
 1986   717.545618972673 
 1987   707.069932235014 
 1988   680.711878154986 
 1989   724.508790314247 
 1990   741.946843780232 
 1991   713.376256700332 
 1992   716.528459188211 
 1993   699.284307534613 
 1994   697.8292215999 
 1995   696.875381810644 
 1996   688.089124803099 
 1997   686.431439875715 
 1998   672.912773732853 
 1999   673.665326097162 
 2000   679.951403549246 
 2001   686.924857798472 
 2002   682.204675747005 
 2003   679.87175818002 
 2004   687.675130886997 
 2005   663.668941784552 
 2006   657.902501882473 
 2007   656.357270655525 
 2008   648.854346661245 
 2009   650.288997490703 
 2010   646.560551147081 
 2011   663.109818284058 
 2012   660.305826258288 
 2013   641.758710636679 
 2014   641.589948592902 
 2015   642.481652090613 
 2016   615.212887633495 
 2017   613.72645823795 
 2018   625.006588294981 
 2019   656.311414193571 
 2020   651.207780195036 
 2021   612.301198203998 
 2022   590.853689941206 
 2023   573.029976102462 
 2024   552.27988374332 
 2025   546.673736560113 
 2026   518.04428775288 
 2027   553.497162771635 
 2028   549.66063061815 
 2029   573.884891474389 
 2030   562.752377886038 
 2031   565.62397169712 
 2032   570.358999454572 
 2033   556.416850442197 
 2034   556.946644772318 
 2035   546.150219140702 
 2036   546.963338241916 
 2037   534.219258896917 
 2038   513.136002285321 
 2039   503.143347125652 
 2040   511.000780773393 
 2041   515.025380499597 
 2042   526.81478809037 
 2043   524.924780053555 
 2044   509.209279031244 
 2045   488.282152767206 
 2046   470.641542625856 
 2047   457.776238402716 
 2048   428.267707548986 
 2049   422.71306401883 
 2050   414.291883613269 
 2051   421.843898686923 
 2052   422.71391183029 
 2053   424.409931735322 
 2054   424.021749504916 
 2055   411.042483182788 
 2056   424.59322446477 
 2057   446.804291578534 
 2058   457.152061124933 
 2059   452.568789849903 
 2060   435.303705192333 
 2061   432.656707445512 
 2062   456.238520808193 
 2063   424.608088345862 
 2064   409.968701485713 
 2065   410.620741226397 
 2066   435.872710820366 
 2067   455.298462921816 
 2068   453.922535733028 
 2069   422.329697870535 
 2070   429.354497811053 
 2071   412.804058424551 
 2072   412.986230861532 
 2073   384.677994294299 
 2074   362.129291210948 
 2075   366.167612331191 
 2076   387.711734315677 
 2077   388.119214249969 
 2078   372.947627427674 
 2079   402.669572595511 
 2080   454.117613885972 
 2081   457.670545891158 
 2082   439.051995233854 
 2083   445.991805494299 
 2084   467.90370476836 
 2085   438.826696332917 
 2086   393.447507337931 
 2087   366.611431492824 
 2088   371.420982932196 
 2089   367.06546207434 
 2090   340.305381629104 
 2091   348.919025345518 
 2092   353.452743230165 
 2093   367.131561869458 
 2094   368.229119084509 
 2095   346.482065648447 
 2096   336.043404372322 
 2097   323.6325207911 
 2098   319.139369724432 
 2099   304.627120567097 
 2100   293.103394237546 
 2101   305.699693608928 
 2102   312.964784652794 
 2103   322.389543387867 
 2104   318.898192411938 
 2105   320.718416370127 
 2106   335.941194727054 
 2107   327.009387588736 
 2108   368.693628575438 
 2109   359.705339252919 
 2110   363.476058795738 
 2111   333.368562223781 
 2112   305.73305631257 
 2113   314.360869293393 
 2114   286.280286064877 
 2115   282.510763741722 
 2116   296.367652861751 
 2117   307.454017158643 
 2118   320.784743509034 
 2119   307.682576255143 
 2120   273.743442273521 
 2121   268.874705019003 
 2122   248.255451420273 
 2123   225.07230844414 
 2124   241.132676951583 
 2125   260.653332913143 
 2126   290.596521053748 
 2127   287.161224061073 
 2128   272.568442955218 
 2129   290.831458703286 
 2130   289.188222716953 
 2131   262.209136314957 
 2132   264.116251545639 
 2133   253.508910608144 
 2134   270.21593996007 
 2135   267.995397038868 
 2136   290.588757356631 
 2137   298.111365707811 
 2138   282.086531331556 
 2139   306.28092465361 
 2140   276.26425396842 
 2141   285.568864530792 
 2142   257.817247736709 
 2143   241.324641874215 
 2144   237.982967744783 
 2145   225.639913849128 
 2146   239.883102355853 
 2147   239.345805705625 
 2148   232.868252432278 
 2149   243.684126551473 
 2150   237.410877401036 
 2151   251.854797445735 
 2152   260.746498167264 
 2153   260.284731991541 
 2154   271.201956390036 
 2155   198.686075875825 
 2156   825.606752959923 
 2157   1607.2251484662 
 2158   1466.84347224477 
 2159   1481.3141351649 
 2160   1478.29867960769 
 2161   1523.0165947063 
 2162   1128.89448940667 
 2163   143.042430877693 
 2164   295.433342806733 
 2165   271.70082619998 
 2166   295.493891767122 
 2167   274.125718709568 
 2168   276.94845855948 
 2169   269.753894362943 
 2170   273.460073868604 
 2171   260.44121369612 
 2172   250.461396994414 
 2173   245.715612872117 
 2174   218.1961375587 
 2175   222.72080626579 
 2176   225.15696622359 
 2177   244.290349097497 
 2178   248.297977920278 
 2179   245.433826249985 
 2180   259.920494961934 
 2181   251.662072119739 
 2182   226.099829059712 
 2183   221.767094604213 
 2184   202.261516487602 
 2185   208.450570732969 
 2186   193.51345020895 
 2187   180.262451555787 
 2188   191.071823185881 
 2189   169.900463592111 
 2190   184.067608553587 
 2191   168.801209364275 
 2192   176.671263030966 
 2193   190.522311360427 
 2194   191.867296085782 
 2195   187.836978402919 
 2196   191.52919049238 
 2197   224.347279902467 
 2198   216.304584811069 
 2199   220.845880967488 
 2200   253.03968557969 
 2201   262.262332682019 
 2202   263.629410097633 
 2203   243.076930861516 
 2204   266.218164238542 
 2205   257.498748693177 
 2206   227.828646706371 
 2207   233.061707356851 
 2208   232.761687338125 
 2209   198.963367303048 
 2210   191.458335399087 
 2211   200.048148312687 
 2212   191.994296601756 
 2213   201.163790730164 
 2214   211.520552542897 
 2215   238.787782530612 
 2216   232.804881203366 
 2217   226.154576448795 
 2218   238.807605469274 
 2219   236.019962316915 
 2220   237.355621953432 
 2221   268.727143115739 
 2222   302.012911402562 
 2223   303.468666764448 
 2224   306.534769628097 
 2225   304.075183255177 
 2226   308.46911342061 
 2227   281.64638630434 
 2228   233.138580343987 
 2229   237.471999746873 
 2230   233.898381284802 
 2231   211.32827431648 
 2232   178.729135437428 
 2233   188.307268860352 
 2234   220.675631843932 
 2235   212.305053289186 
 2236   205.08967490913 
 2237   215.935512825554 
 2238   245.796675741009 
 2239   224.554394720374 
 2240   206.035416246761 
 2241   226.855344829348 
 2242   244.673147475299 
 2243   250.874319411806 
 2244   232.752379652238 
 2245   244.461180672646 
 2246   238.653227245492 
 2247   222.101022627937 
 2248   204.567067861862 
 2249   183.011451280819 
 2250   191.721815346971 
 2251   183.491714709022 
 2252   199.219685875175 
 2253   186.448462988448 
 2254   188.020543314368 
 2255   188.591304549373 
 2256   181.194150514589 
 2257   180.300202272597 
 2258   168.604044587787 
 2259   188.748236764013 
 2260   197.808281141362 
 2261   218.924235529429 
 2262   242.189642886904 
 2263   233.84143741669 
 2264   236.717142827892 
 2265   238.265425866648 
 2266   237.812585683345 
 2267   227.685984722245 
 2268   154.759514068063 
 2269   148.871004899265 
 2270   128.777436458774 
 2271   97.1929712050867 
 2272   109.710886311493 
 2273   122.800778621157 
 2274   174.066379167764 
 2275   174.402242985251 
 2276   182.681265021192 
 2277   184.843145738625 
 2278   168.543695401249 
 2279   159.015996898376 
 2280   169.904619773071 
 2281   179.271588432407 
 2282   192.031267456455 
 2283   195.057525497246 
 2284   185.011632952755 
 2285   170.964821773926 
 2286   168.895061619164 
 2287   183.880419629562 
 2288   195.624681995375 
 2289   237.774654662667 
 2290   257.725620645808 
 2291   274.006765300199 
 2292   261.652531836794 
 2293   276.490032475452 
 2294   258.68884078859 
 2295   217.636518904536 
 2296   182.556121280844 
 2297   170.494337718814 
 2298   183.895685761813 
 2299   148.112269358209 
 2300   141.770389176811 
 2301   122.820835535092 
 2302   144.089297601782 
 2303   140.603174878244 
 2304   126.78290150339 
 2305   134.238296483319 
 2306   124.777681401396 
 2307   147.254146114029 
 2308   138.904603558229 
 2309   150.267429755132 
 2310   148.731314907825 
 2311   167.756608575073 
 2312   187.682444856128 
 2313   188.03862615212 
 2314   182.853997104605 
 2315   153.180192652926 
 2316   145.859356912967 
 2317   145.470937142427 
 2318   141.004654214104 
 2319   119.401693761841 
 2320   129.411367217373 
 2321   158.969843056169 
 2322   158.985885799351 
 2323   157.149884954675 
 2324   158.106963194642 
 2325   224.867802396249 
 2326   224.507312401657 
 2327   203.403664685499 
 2328   208.477219988882 
 2329   194.858529593448 
 2330   198.142658743691 
 2331   168.840257646535 
 2332   185.916177587411 
 2333   189.469619889641 
 2334   183.189506755502 
 2335   206.297014073647 
 2336   198.523972150642 
 2337   191.498004850422 
 2338   197.949415053308 
 2339   205.491303311847 
