05-29-2020  13:56:23
Wavenumber (cm-1)  CCD Output
 251   1407.91622676026 
 252   1434.20699987169 
 253   1468.63671615533 
 254   1491.99272575027 
 255   1503.25189455762 
 256   1513.50791116057 
 257   1536.69279808639 
 258   1564.63731322705 
 259   1585.58592284266 
 260   1594.81000265861 
 261   1608.28282939774 
 262   1629.02278547181 
 263   1636.01785459743 
 264   1635.81399200173 
 265   1643.86967371115 
 266   1667.66232832692 
 267   1693.46933385918 
 268   1703.21252402116 
 269   1692.5006214188 
 270   1681.28483878005 
 271   1687.12360764524 
 272   1692.90000470205 
 273   1701.32470150467 
 274   1723.59700007614 
 275   1748.55732501695 
 276   1772.18100005195 
 277   1798.90364804483 
 278   1832.22443382253 
 279   1868.79469670932 
 280   1902.14932319184 
 281   1936.52048773105 
 282   1975.67344258355 
 283   2017.42510706072 
 284   2047.78268442282 
 285   2068.07258765167 
 286   2096.28823295126 
 287   2124.70107527912 
 288   2143.24693352158 
 289   2152.81430862654 
 290   2169.47724235483 
 291   2201.93322208646 
 292   2239.82990637888 
 293   2272.19323858694 
 294   2300.38142336002 
 295   2341.25059949652 
 296   2377.68483973291 
 297   2390.43288813141 
 298   2389.19179619564 
 299   2398.88455510555 
 300   2427.72688739858 
 301   2438.85527645187 
 302   2420.58516974258 
 303   2386.15660827945 
 304   2361.52093319588 
 305   2337.16235473013 
 306   2295.19300495873 
 307   2256.10000659478 
 308   2233.24853944787 
 309   2220.97102716154 
 310   2189.1938542418 
 311   2145.78428997057 
 312   2116.37998600286 
 313   2085.2754231743 
 314   2055.95979270073 
 315   2042.6410450968 
 316   2023.48159077301 
 317   2000.08880526462 
 318   1990.20962963559 
 319   1974.10820161607 
 320   1952.56301989074 
 321   1947.58280540816 
 322   1959.15029260588 
 323   1983.16702061491 
 324   2014.76282443724 
 325   2040.99250394859 
 326   2063.29344954888 
 327   2093.34715476703 
 328   2114.62380052933 
 329   2129.77606811388 
 330   2162.35910894816 
 331   2198.49605700862 
 332   2222.13712611635 
 333   2232.82192210867 
 334   2255.91674997174 
 335   2299.48209335933 
 336   2346.2275743967 
 337   2396.25856346664 
 338   2450.92785734408 
 339   2508.13362797526 
 340   2575.74946848845 
 341   2653.77523733046 
 342   2732.53142700617 
 343   2823.08244884158 
 344   2944.79967139833 
 345   3106.19649809589 
 346   3251.83098459874 
 347   3380.14484602017 
 348   3565.36103917009 
 349   3780.53933239695 
 350   3988.91043454225 
 351   4192.45300662603 
 352   4423.94700614144 
 353   4685.13802748843 
 354   4929.49097905747 
 355   5130.16236466282 
 356   5304.49919202488 
 357   5499.01481180237 
 358   5670.28661094168 
 359   5788.2173990507 
 360   5877.79918213629 
 361   5962.56341468295 
 362   6026.59916848404 
 363   6021.5655880539 
 364   5971.5307069999 
 365   5903.94459586932 
 366   5823.13451016746 
 367   5741.06213694714 
 368   5654.88615652903 
 369   5548.24815671303 
 370   5438.43126663034 
 371   5327.44803699865 
 372   5200.12117108164 
 373   5095.63515133416 
 374   5051.83906917742 
 375   5074.92676570134 
 376   5117.79513549807 
 377   5163.92727725627 
 378   5238.93855658104 
 379   5349.67672698543 
 380   5534.46459664032 
 381   5831.82764610679 
 382   6143.535828467 
 383   6450.64869763504 
 384   6811.45266727965 
 385   7180.55533469773 
 386   7551.97074782803 
 387   7963.09462820727 
 388   8405.3489658902 
 389   8851.54500871858 
 390   9263.28756529862 
 391   9592.20528832384 
 392   9829.52560717161 
 393   10014.1234858507 
 394   10218.3834527841 
 395   10378.9741431543 
 396   10394.6504135618 
 397   10323.5170402914 
 398   10166.0290083228 
 399   9896.24933881167 
 400   9555.25528291725 
 401   9176.87175811634 
 402   8769.00443086962 
 403   8311.62030574928 
 404   7833.25292112367 
 405   7371.32343863497 
 406   6925.29369351414 
 407   6492.585052523 
 408   6084.47727879237 
 409   5730.07563467015 
 410   5429.18107335836 
 411   5166.14680376119 
 412   4925.51008218363 
 413   4710.11638952482 
 414   4531.58797648802 
 415   4396.00824968554 
 416   4267.91039583767 
 417   4126.87156903182 
 418   3984.95442017703 
 419   3839.8698418969 
 420   3688.68607306046 
 421   3532.62494604206 
 422   3371.63408396904 
 423   3212.29473310017 
 424   3060.5637681708 
 425   2898.9797007959 
 426   2735.52451954124 
 427   2597.46271493726 
 428   2492.98222681117 
 429   2411.32539229844 
 430   2333.88050950266 
 431   2252.95993197053 
 432   2194.79529405591 
 433   2173.63459176882 
 434   2143.69211805942 
 435   2126.37891676597 
 436   2140.99449733059 
 437   2138.97054656485 
 438   2124.76250955933 
 439   2108.63868798141 
 440   2077.20617171048 
 441   2067.02750213488 
 442   2083.57271776498 
 443   2082.36865255312 
 444   2091.62702964686 
 445   2106.65323038866 
 446   2081.52414409921 
 447   2049.09213998195 
 448   2033.08822977777 
 449   2028.47975286522 
 450   2024.96952918436 
 451   2020.27595464869 
 452   2013.60666442188 
 453   1992.13392796081 
 454   1960.83922025776 
 455   1931.63320832891 
 456   1906.58757810131 
 457   1902.55476082159 
 458   1905.46796827666 
 459   1853.9897659471 
 460   1818.48046112411 
 461   1836.71816381765 
 462   1836.21367809211 
 463   1819.90689622456 
 464   1804.59253950323 
 465   1793.53807371205 
 466   1797.54824226106 
 467   1799.47443662701 
 468   1781.04899885904 
 469   1801.18684348256 
 470   1827.81613452635 
 471   1799.94061179252 
 472   1775.88749514922 
 473   1779.56332327502 
 474   1794.5531745281 
 475   1791.99975413017 
 476   1781.98316947119 
 477   1781.59017066403 
 478   1789.78500839412 
 479   1803.24128536774 
 480   1814.69192971051 
 481   1816.0961427458 
 482   1814.27784828188 
 483   1805.80552042571 
 484   1787.95919625334 
 485   1799.14409561077 
 486   1821.79485907254 
 487   1821.63798341065 
 488   1832.43755326756 
 489   1834.88272897143 
 490   1816.20611787806 
 491   1831.10458793264 
 492   1862.32744769428 
 493   1883.31571336407 
 494   1898.8965546095 
 495   1897.04853260888 
 496   1883.26875741767 
 497   1876.09911503187 
 498   1851.32800865412 
 499   1825.73061838931 
 500   1833.58384534034 
 501   1845.38662050383 
 502   1846.10888041819 
 503   1839.78196734894 
 504   1835.83296055802 
 505   1834.36074372503 
 506   1839.78421531936 
 507   1865.57026878389 
 508   1904.31994633239 
 509   1949.45846655579 
 510   1996.60220955859 
 511   2019.44327473262 
 512   2033.69853055702 
 513   2075.60136867802 
 514   2135.03211071299 
 515   2213.31139404125 
 516   2307.54492679981 
 517   2393.39092893256 
 518   2504.25942974254 
 519   2621.82965714404 
 520   2670.65644491496 
 521   2809.09999692522 
 522   3060.14888046179 
 523   3294.91943861679 
 524   3571.06249465466 
 525   3904.60584870251 
 526   4260.22062069845 
 527   4625.88163858511 
 528   5015.51734460907 
 529   5427.29100251995 
 530   5826.05494534799 
 531   6239.3131913034 
 532   6630.37709718856 
 533   6904.73941722241 
 534   7131.99817487891 
 535   7274.19308815884 
 536   7265.21682594281 
 537   7265.34308152771 
 538   7228.60834590975 
 539   7067.51920845293 
 540   6863.02332737762 
 541   6621.80571712667 
 542   6355.00258941228 
 543   6100.95664938036 
 544   5799.81350944455 
 545   5476.91422033475 
 546   5205.02527348317 
 547   4924.59985052893 
 548   4648.64663333053 
 549   4404.60464004554 
 550   4149.04339060878 
 551   3905.16035029932 
 552   3687.99724367833 
 553   3475.42721230389 
 554   3293.3712343111 
 555   3136.87499158483 
 556   2982.48125768872 
 557   2856.26430018942 
 558   2735.60066160771 
 559   2608.57897141339 
 560   2529.42668257034 
 561   2470.07459402219 
 562   2409.66237401428 
 563   2370.36534621717 
 564   2345.16042623385 
 565   2327.26603214981 
 566   2318.39226456936 
 567   2325.73027524783 
 568   2363.97193695535 
 569   2431.33686353044 
 570   2501.81549360634 
 571   2592.63711789325 
 572   2717.80374762788 
 573   2870.29539855709 
 574   3042.27175017872 
 575   3250.20648797131 
 576   3515.94954020198 
 577   3834.82334714358 
 578   4188.56560310567 
 579   4575.95977557601 
 580   5010.8465268227 
 581   5445.94918689622 
 582   5872.82131394629 
 583   6327.79463586107 
 584   6821.97702643319 
 585   7260.16560642296 
 586   7602.67477233851 
 587   7965.72208278499 
 588   8268.01016819942 
 589   8450.05841091294 
 590   8556.30365227916 
 591   8620.87090038559 
 592   8619.79471708274 
 593   8507.57391394071 
 594   8284.79399923546 
 595   8039.91473953871 
 596   7782.89029018054 
 597   7419.98575757765 
 598   7018.80356616101 
 599   6610.62992029443 
 600   6170.15592688864 
 601   5699.76177153294 
 602   5282.34106729514 
 603   4835.31055904603 
 604   4121.56325687789 
 605   3536.23018873133 
 606   3195.40085973258 
 607   2872.74581479509 
 608   2567.73260172494 
 609   2319.0173818715 
 610   2131.37284946477 
 611   1963.56595088 
 612   1813.51341535474 
 613   1745.89856540808 
 614   1819.06557036533 
 615   1923.83484057945 
 616   1960.83629782055 
 617   1924.77041396406 
 618   1907.70578308507 
 619   1885.51940228317 
 620   1852.33602734509 
 621   1839.93978495017 
 622   1803.77361237369 
 623   1773.67556024603 
 624   1789.90891271407 
 625   1814.16762044221 
 626   1821.19205728517 
 627   1815.32581640189 
 628   1818.87584304207 
 629   1836.77737700457 
 630   1857.17344696718 
 631   1878.93702180485 
 632   1927.69103938619 
 633   1991.00858181344 
 634   2055.45777829852 
 635   2123.41845059946 
 636   2201.52180359127 
 637   2291.13088982476 
 638   2378.18304595079 
 639   2441.68656681053 
 640   2529.18519624309 
 641   2644.50771373096 
 642   2738.76254793534 
 643   2806.53210694759 
 644   2866.66117791615 
 645   2914.96397968308 
 646   2916.46384341183 
 647   2934.84427470052 
 648   3000.73355594999 
 649   3075.15787661925 
 650   3101.99593171705 
 651   3095.30011061859 
 652   3095.47369781252 
 653   3116.37961204749 
 654   3130.61981253221 
 655   3135.16347483478 
 656   3142.5466780117 
 657   3134.72633966114 
 658   3095.27702470207 
 659   3037.77230623087 
 660   2996.19547544423 
 661   2952.57025163874 
 662   2883.47591390201 
 663   2795.23207304709 
 664   2731.0615630565 
 665   2669.43915021422 
 666   2589.09786370362 
 667   2501.05594082409 
 668   2423.97914160324 
 669   2348.37421056916 
 670   2268.64091301213 
 671   2204.36738712929 
 672   2133.50768720246 
 673   2067.41195817441 
 674   2030.05940519958 
 675   1980.75628966357 
 676   1920.43049658809 
 677   1869.53350141088 
 678   1836.22517424805 
 679   1808.12844771523 
 680   1780.57835864489 
 681   1763.86439796228 
 682   1771.90242260173 
 683   1774.33409035582 
 684   1781.48052521208 
 685   1840.70754194889 
 686   1938.93928882899 
 687   2031.578276452 
 688   2101.49893249958 
 689   2175.75085442702 
 690   2236.58583766303 
 691   2269.65463263945 
 692   2287.48190845284 
 693   2320.24886756526 
 694   2327.51303476223 
 695   2284.8724047599 
 696   2214.6634514669 
 697   2136.24032771569 
 698   2058.55502510651 
 699   1987.50330158668 
 700   1930.23850458626 
 701   1885.0589044279 
 702   1838.8387389043 
 703   1787.55382107058 
 704   1753.92702266134 
 705   1729.39710187774 
 706   1717.8567806132 
 707   1737.5690049073 
 708   1773.14370299093 
 709   1808.86534565153 
 710   1839.07607375008 
 711   1866.09695165873 
 712   1886.90483598209 
 713   1910.67985276009 
 714   1945.03506459281 
 715   1979.53637165747 
 716   2013.30491084487 
 717   1990.03461800373 
 718   1958.15186957837 
 719   2167.30009226947 
 720   1560.08883840985 
 721   396.109809516578 
 722   372.485922875703 
 723   497.835665858753 
 724   445.05296348958 
 725   424.644426206505 
 726   379.885044140856 
 727   403.759586916808 
 728   260.386192134925 
 729   225.668654285463 
 730   1556.90439994494 
 731   2392.01136372165 
 732   2209.83747577306 
 733   2259.4769907314 
 734   2294.9171020076 
 735   2288.01298852106 
 736   2308.36737983114 
 737   2309.65048407841 
 738   2309.96288890127 
 739   2329.29591291036 
 740   2361.77757783916 
 741   2381.28232790723 
 742   2389.1915763668 
 743   2398.17426939007 
 744   2415.92170844942 
 745   2438.06184069368 
 746   2467.20364283444 
 747   2507.20315639484 
 748   2552.89854438861 
 749   2585.12649322549 
 750   2602.77978121042 
 751   2637.6654987336 
 752   2711.0829881782 
 753   2763.34977444006 
 754   2814.71783431807 
 755   2887.91269999809 
 756   2965.74202615053 
 757   3056.48729522103 
 758   3157.03715256639 
 759   3270.95397177988 
 760   3405.65403911751 
 761   3511.22833487681 
 762   3634.27224739233 
 763   3813.04282961327 
 764   3982.66824835767 
 765   4169.81504597032 
 766   4395.60861713346 
 767   4655.76082534466 
 768   4948.03552223984 
 769   5287.80035017966 
 770   5694.23869426996 
 771   6163.14116810659 
 772   6654.40735476919 
 773   7180.0585373243 
 774   7792.13814963515 
 775   8526.58479849717 
 776   9335.12192241773 
 777   10132.3194154579 
 778   10969.864920287 
 779   11966.3569306164 
 780   13041.7601287753 
 781   14199.5392674101 
 782   15479.1807028154 
 783   16887.3836114796 
 784   18394.4505948034 
 785   20001.775714668 
 786   21708.633930857 
 787   23516.2362163297 
 788   25496.7391491273 
 789   27646.1196299747 
 790   29937.6875229299 
 791   32367.0177671941 
 792   34904.3279784947 
 793   37570.4209611456 
 794   40344.2367054783 
 795   43119.3480559342 
 796   45829.5852315822 
 797   48353.0355905828 
 798   50536.935485414 
 799   52265.322844518 
 800   53506.0639652809 
 801   54148.5153388227 
 802   54083.8921093232 
 803   53299.7361960111 
 804   51814.9491589541 
 805   49682.8196712199 
 806   46968.186901326 
 807   43766.4125383579 
 808   40314.3350865337 
 809   36750.4811381366 
 810   33174.6480406979 
 811   29727.8928261052 
 812   26455.8174836411 
 813   23432.747732507 
 814   20745.436095652 
 815   18434.4772581114 
 816   16481.2422300065 
 817   14819.1331228243 
 818   13419.6626325744 
 819   12294.1923706316 
 820   11290.0453446917 
 821   10370.8507963834 
 822   9554.52312011631 
 823   8807.6611203567 
 824   8127.42109775521 
 825   7518.6744414214 
 826   6940.48250855892 
 827   6347.57404177276 
 828   5872.41374505069 
 829   5448.79492348494 
 830   5021.66750572845 
 831   4679.92791138666 
 832   4364.54950115998 
 833   4077.38974659496 
 834   3832.59856815584 
 835   3607.32269883555 
 836   3410.55999060184 
 837   3262.28423472616 
 838   3150.93792612115 
 839   3041.21227973879 
 840   2940.77143197539 
 841   2864.43785151081 
 842   2794.50212094306 
 843   2709.29602774159 
 844   2649.10623009242 
 845   2567.14064090702 
 846   2546.65524634834 
 847   2511.45826252402 
 848   2111.24926594455 
 849   3495.97610366584 
 850   5430.98355043731 
 851   5335.10053532979 
 852   5242.1295190132 
 853   5258.21539153466 
 854   5210.9794083518 
 855   5171.36982375615 
 856   5047.68949174439 
 857   5380.06479920835 
 858   4489.37105735937 
 859   2179.45028897852 
 860   1854.46181965174 
 861   1992.31112568649 
 862   1936.08519832292 
 863   1979.22060434926 
 864   1981.2253070901 
 865   1977.80698678681 
 866   1975.90854337528 
 867   1967.40072393924 
 868   1977.67995495675 
 869   2035.42925013666 
 870   2062.24962501602 
 871   2034.28799415152 
 872   2009.74170273259 
 873   2002.66636738461 
 874   2019.00375460484 
 875   2027.29742880923 
 876   2005.62710597068 
 877   1992.32258499231 
 878   1960.8227379548 
 879   1935.65671510165 
 880   1931.97263347025 
 881   1899.2314014648 
 882   1877.16900013136 
 883   1847.8432310445 
 884   1809.54628895684 
 885   1806.19713913838 
 886   1794.21151399721 
 887   1785.58737812813 
 888   1786.13173999149 
 889   1776.99542462796 
 890   1773.73987258568 
 891   1779.40969138661 
 892   1791.11481674705 
 893   1801.36634820057 
 894   1798.04526005573 
 895   1788.48089145954 
 896   1786.66225023877 
 897   1794.21429563981 
 898   1802.27586018641 
 899   1823.01986257214 
 900   1828.78911592458 
 901   1811.94619249623 
 902   1807.23188615056 
 903   1829.60936282556 
 904   1849.94089121717 
 905   1853.3488177952 
 906   1848.17090772461 
 907   1837.9656063154 
 908   1827.8118824947 
 909   1828.8287101486 
 910   1846.60328363327 
 911   1871.32725847869 
 912   1888.14044984188 
 913   1906.85403165074 
 914   1942.72807151304 
 915   1991.05936399427 
 916   2026.47466738421 
 917   2066.64635058855 
 918   2121.65360485491 
 919   2186.32861328123 
 920   2257.51705762766 
 921   2316.30074291711 
 922   2379.90277126843 
 923   2460.3357346413 
 924   2548.45126232996 
 925   2667.92750418052 
 926   2793.53334648958 
 927   2930.45940475261 
 928   3093.73971884187 
 929   3245.91686538875 
 930   3445.83127043476 
 931   3694.2958751667 
 932   3945.20856549848 
 933   4203.13638113916 
 934   4558.89705391383 
 935   4949.10835575366 
 936   5341.39795855784 
 937   5785.38774900408 
 938   6271.92702900619 
 939   6763.56346050972 
 940   7253.84532827199 
 941   7769.78963998101 
 942   8311.27825266204 
 943   8776.11698108613 
 944   9191.15202590284 
 945   9570.61130408974 
 946   9870.26089982398 
 947   10078.3402689788 
 948   10114.8396075295 
 949   10102.5645990606 
 950   10071.3172227022 
 951   9816.27822286042 
 952   9463.07412858774 
 953   9089.4252488617 
 954   8666.22313146149 
 955   8173.85736655662 
 956   7692.08237394689 
 957   7216.41272523537 
 958   6737.07968196815 
 959   6282.44607815336 
 960   5892.5140856027 
 961   5549.38435743403 
 962   5203.93220502814 
 963   4888.20623312298 
 964   4631.92667637125 
 965   4364.06362571163 
 966   4150.6850782246 
 967   3972.8316816373 
 968   3808.79000002214 
 969   3682.57152492362 
 970   3560.85884637144 
 971   3462.14172471268 
 972   3394.31689214704 
 973   3342.85239516399 
 974   3294.757276899 
 975   3240.98431083121 
 976   3194.29203515691 
 977   3178.57817740922 
 978   3189.74452986368 
 979   3186.0110014488 
 980   3195.36705991363 
 981   3206.44053084443 
 982   3222.3017010751 
 983   3276.57257313054 
 984   3343.14269861299 
 985   3428.52143198734 
 986   3507.06237890044 
 987   3589.73598354845 
 988   3739.29438565429 
 989   3879.93556990245 
 990   4045.29713438784 
 991   4246.66716855399 
 992   4468.99945206102 
 993   4755.74748796983 
 994   5065.3461873925 
 995   5434.15236650787 
 996   5839.96483783491 
 997   6271.06428411618 
 998   6904.3089199426 
 999   7549.28693928599 
 1000   8252.43355240739 
 1001   9090.00715024251 
 1002   9943.88654107843 
 1003   10815.5100590455 
 1004   11713.5056435087 
 1005   12620.6138576836 
 1006   13468.9816095647 
 1007   14176.1705080024 
 1008   14756.8849582048 
 1009   15182.0378021705 
 1010   15446.8830437772 
 1011   15603.7807771893 
 1012   15692.37256089 
 1013   15643.6620740562 
 1014   15506.9712648899 
 1015   15364.2646813057 
 1016   15248.7085735106 
 1017   15162.9265588942 
 1018   15113.7433371239 
 1019   15120.9563785623 
 1020   15164.8410970495 
 1021   15234.4070318501 
 1022   15395.4704409842 
 1023   15593.6311968364 
 1024   15783.2231165461 
 1025   15963.5861479555 
 1026   16123.8832375188 
 1027   16214.0003332578 
 1028   16283.1069710714 
 1029   16140.1842685759 
 1030   15849.7152679866 
 1031   15706.8460019238 
 1032   15503.8397683674 
 1033   15188.0216605091 
 1034   14777.8216582751 
 1035   14308.9958849729 
 1036   13792.8494246222 
 1037   13207.2044133294 
 1038   12797.2698804099 
 1039   12291.2726551724 
 1040   11540.433573159 
 1041   10847.6618204879 
 1042   10177.9172018453 
 1043   9509.82669399727 
 1044   8821.78738482726 
 1045   8289.68258739195 
 1046   8101.57893635761 
 1047   7922.6645893316 
 1048   7547.22860948751 
 1049   7078.73258803434 
 1050   6655.0802690971 
 1051   6265.65137075183 
 1052   5913.88539488686 
 1053   5712.70930741251 
 1054   5055.38293118834 
 1055   4200.40124098542 
 1056   4034.82193472465 
 1057   3844.52913894181 
 1058   3662.727704443 
 1059   3535.58987143398 
 1060   3404.62798648256 
 1061   3284.00198651432 
 1062   3212.0960896236 
 1063   3126.39262130507 
 1064   3037.47085142517 
 1065   2994.38384685299 
 1066   2979.05634539181 
 1067   2929.50743275134 
 1068   2931.09693075511 
 1069   2802.45703847718 
 1070   3080.33127447257 
 1071   3847.31789178388 
 1072   3846.36511572591 
 1073   3811.93282429333 
 1074   3813.97090683436 
 1075   3781.47201683681 
 1076   3769.12729107266 
 1077   3753.78921414184 
 1078   3856.37110098666 
 1079   3246.23346025475 
 1080   2683.62050150906 
 1081   2804.02464565639 
 1082   2784.4507986604 
 1083   2779.07292429821 
 1084   2796.16516625221 
 1085   2818.31822305521 
 1086   2840.75568226298 
 1087   2850.87312956789 
 1088   2873.88954021553 
 1089   2892.19693137953 
 1090   2916.4722312897 
 1091   2943.58156277601 
 1092   2962.32741647862 
 1093   2981.20377763098 
 1094   2967.77209189863 
 1095   3001.88777737811 
 1096   3046.89273078787 
 1097   3056.0944826744 
 1098   3089.63976941704 
 1099   3099.77302259873 
 1100   3139.53091001327 
 1101   3173.18458675663 
 1102   3173.60949766309 
 1103   3175.33567674907 
 1104   3160.09172407898 
 1105   3164.35096921149 
 1106   3168.51327510012 
 1107   3169.7896601388 
 1108   3172.86034573441 
 1109   3144.77987121897 
 1110   3115.14343156343 
 1111   3114.03975808381 
 1112   3113.92217006345 
 1113   3102.69567959607 
 1114   3092.53020880553 
 1115   3037.39969751261 
 1116   2986.45801568386 
 1117   2930.22567841153 
 1118   2892.34847855212 
 1119   2904.08327636952 
 1120   2904.61390999908 
 1121   2877.70150487583 
 1122   2835.28762775709 
 1123   2816.30921249122 
 1124   2819.37209207751 
 1125   2806.91921391399 
 1126   2797.35712814765 
 1127   2777.92464536148 
 1128   2733.92927791767 
 1129   2701.84225295961 
 1130   2689.79453950098 
 1131   2647.71948031297 
 1132   2642.98498912173 
 1133   2629.64881807612 
 1134   2609.01699369895 
 1135   2595.79679109018 
 1136   2577.52350168206 
 1137   2576.41349356994 
 1138   2567.65978233426 
 1139   2577.23267973982 
 1140   2578.69774069784 
 1141   2561.45299036853 
 1142   2580.0105570025 
 1143   2597.52305818791 
 1144   2607.59843086137 
 1145   2639.08116774293 
 1146   2677.73203463397 
 1147   2712.15142390073 
 1148   2775.19030497269 
 1149   2804.89148722167 
 1150   2855.34669703888 
 1151   2926.93507602156 
 1152   2980.83500250073 
 1153   3021.35121910127 
 1154   3069.01354330334 
 1155   3104.26562172867 
 1156   3147.61201606726 
 1157   3191.74797919303 
 1158   3222.8433861776 
 1159   3252.83467623574 
 1160   3287.12390678063 
 1161   3352.82336869993 
 1162   3391.15146252718 
 1163   3420.82250151078 
 1164   3474.53535284679 
 1165   3511.5131238273 
 1166   3551.42169789034 
 1167   3575.62118650849 
 1168   3609.41247271556 
 1169   3638.04753119283 
 1170   3648.20475613431 
 1171   3664.86275885354 
 1172   3638.8100796798 
 1173   3644.52340037775 
 1174   3633.3682014417 
 1175   3606.71339367017 
 1176   3599.56009300844 
 1177   3564.00754253161 
 1178   3537.11801987715 
 1179   3507.15759697244 
 1180   3497.3616357153 
 1181   3494.78228293797 
 1182   3485.57870760257 
 1183   3500.94229241848 
 1184   3493.63842484537 
 1185   3483.34352370841 
 1186   3477.01189738687 
 1187   3477.90700385399 
 1188   3485.6437168064 
 1189   3480.60620861024 
 1190   3464.0479117834 
 1191   3464.927100954 
 1192   3481.99468449234 
 1193   3540.0526255157 
 1194   3617.96048285207 
 1195   3630.48872203051 
 1196   3618.00531492197 
 1197   3651.47417104938 
 1198   3702.43235722886 
 1199   3742.34098317018 
 1200   3763.74054716403 
 1201   3742.90154406664 
 1202   3687.54221735068 
 1203   3670.29261775974 
 1204   3687.92465235987 
 1205   3674.91142863322 
 1206   3622.37756602619 
 1207   3569.4138968329 
 1208   3505.65102213973 
 1209   3462.38094583075 
 1210   3381.11804778207 
 1211   3320.84359070071 
 1212   3299.20602517775 
 1213   3252.17256526349 
 1214   3206.90784480545 
 1215   3171.6280461656 
 1216   3138.33867278875 
 1217   3122.21450936886 
 1218   3128.32294922387 
 1219   3125.65177223395 
 1220   3096.56541062154 
 1221   3084.63209456537 
 1222   3074.45439769681 
 1223   3060.03907073727 
 1224   3052.80551443158 
 1225   3031.8866498031 
 1226   2986.39841717723 
 1227   2972.80833560641 
 1228   2960.29276974404 
 1229   2920.33639817927 
 1230   2900.81278176963 
 1231   2900.38773665609 
 1232   2887.99638580681 
 1233   2892.10179473284 
 1234   2899.8430531876 
 1235   2919.50306191631 
 1236   2917.58193352093 
 1237   2921.43073352087 
 1238   2939.18714108826 
 1239   2938.32815298441 
 1240   2952.84881404769 
 1241   2941.81358073551 
 1242   2936.58906508407 
 1243   2943.51934288203 
 1244   2962.81327834337 
 1245   2987.64344981075 
 1246   3003.55551048483 
 1247   3040.40789383524 
 1248   3046.7050400285 
 1249   3074.063843439 
 1250   3131.63563784546 
 1251   3168.08499695243 
 1252   3176.96950963396 
 1253   3209.59231930577 
 1254   3274.16466886712 
 1255   3328.48455903429 
 1256   3380.40964430387 
 1257   3422.49769225708 
 1258   3456.54070858575 
 1259   3510.97944725789 
 1260   3575.28471824969 
 1261   3630.97611522572 
 1262   3666.75546817131 
 1263   3751.54923055196 
 1264   3897.88514737733 
 1265   4068.75414569453 
 1266   4247.70096291931 
 1267   4410.09545027501 
 1268   4573.24875015763 
 1269   4755.36048981301 
 1270   4942.80439770725 
 1271   5091.31795284037 
 1272   5175.58867219784 
 1273   5210.24880444678 
 1274   5214.60719059755 
 1275   5212.85841077715 
 1276   5204.7896527114 
 1277   5168.20766596979 
 1278   5123.2245032469 
 1279   5107.82034138098 
 1280   5117.43714563183 
 1281   5127.90379433706 
 1282   5149.15144770446 
 1283   5235.4349044229 
 1284   5327.67076653309 
 1285   5434.58427672566 
 1286   5556.85700184695 
 1287   5632.14871375478 
 1288   5707.47488906587 
 1289   5789.04357930087 
 1290   5914.86212006766 
 1291   5997.29035752644 
 1292   6065.58108079757 
 1293   6152.28723387939 
 1294   6228.21658319611 
 1295   6350.26023341535 
 1296   6465.39513032592 
 1297   6565.05498035249 
 1298   6650.48479914955 
 1299   6742.22191782312 
 1300   6832.13831670248 
 1301   6906.51848476388 
 1302   6978.74395585098 
 1303   7025.10824309063 
 1304   7075.74434182294 
 1305   7112.50966793266 
 1306   7146.69275107851 
 1307   7174.86399560177 
 1308   7188.87056397424 
 1309   7210.85495854707 
 1310   7244.78313764641 
 1311   7278.87962253161 
 1312   7276.41915764609 
 1313   7300.37414325898 
 1314   7341.30763257799 
 1315   7370.6720390054 
 1316   7422.82051369953 
 1317   7502.83309625429 
 1318   7562.84771820757 
 1319   7591.26416450593 
 1320   7651.1955967857 
 1321   7730.13883575186 
 1322   7757.85367847141 
 1323   7737.46068986594 
 1324   7715.71675191722 
 1325   7670.04037597055 
 1326   7600.1790171271 
 1327   7527.7936188546 
 1328   7431.84667642101 
 1329   7318.37140956299 
 1330   7212.76557677018 
 1331   7088.0079924327 
 1332   6920.04828032573 
 1333   6775.29588133588 
 1334   6661.42417241425 
 1335   6557.41707792881 
 1336   6474.97295765175 
 1337   6392.67750536366 
 1338   6310.71396399243 
 1339   6250.64951865733 
 1340   6192.99543339029 
 1341   6136.44085577142 
 1342   6141.86118006968 
 1343   6191.2890398038 
 1344   6252.37684409096 
 1345   6315.35224515494 
 1346   6398.94284062273 
 1347   6492.84344621489 
 1348   6569.2437733675 
 1349   6647.22235448833 
 1350   6676.95550331737 
 1351   6647.83227159322 
 1352   6558.66684142223 
 1353   6467.83293859669 
 1354   6392.76948056061 
 1355   6284.07267732702 
 1356   6172.8696706595 
 1357   6131.44182947137 
 1358   6057.81586475425 
 1359   6062.49365392634 
 1360   6091.61778509507 
 1361   6152.38659920731 
 1362   6264.94984970448 
 1363   6390.35474777917 
 1364   6537.27923334863 
 1365   6768.23456891888 
 1366   7062.83015448313 
 1367   7375.82347294652 
 1368   7831.36979189618 
 1369   8303.72942742264 
 1370   8862.35172296367 
 1371   9576.20453712732 
 1372   10301.6234651925 
 1373   10972.5408513741 
 1374   11618.3574218744 
 1375   12177.0322123003 
 1376   12637.7638979179 
 1377   12991.2109855721 
 1378   13152.6811658714 
 1379   13128.1453156936 
 1380   12964.2215298938 
 1381   12662.0041415286 
 1382   12271.121929448 
 1383   11873.7035266126 
 1384   11477.5520057762 
 1385   11073.460189813 
 1386   10769.4656781674 
 1387   10582.7431368991 
 1388   10506.6071482854 
 1389   10590.4802728576 
 1390   10853.2342915388 
 1391   11277.1103611736 
 1392   11861.3280780178 
 1393   12534.7494399809 
 1394   13354.8503460182 
 1395   14328.2338327219 
 1396   15398.9574046677 
 1397   16530.8063676451 
 1398   17694.6570550642 
 1399   18839.7588601256 
 1400   19880.2423406908 
 1401   20773.1572704256 
 1402   21685.7477649596 
 1403   22340.3538916109 
 1404   22763.8230410453 
 1405   23006.3716887001 
 1406   22859.8359336957 
 1407   22521.7138109087 
 1408   22115.3906151398 
 1409   21391.3669934108 
 1410   20704.3868704129 
 1411   19802.2341020704 
 1412   18850.7920234734 
 1413   17882.1258335057 
 1414   17039.734511952 
 1415   16233.7370703702 
 1416   15507.5714784617 
 1417   14898.1802710173 
 1418   14317.5366228389 
 1419   13891.9131638574 
 1420   13452.422481982 
 1421   13152.7236513198 
 1422   12902.319991567 
 1423   12662.5036338178 
 1424   12453.8998297479 
 1425   12311.1822556413 
 1426   12219.6895710796 
 1427   12152.4034667774 
 1428   12115.4294730026 
 1429   12073.885053693 
 1430   12027.0565780875 
 1431   12054.9825328438 
 1432   12111.5930202213 
 1433   12156.5598942572 
 1434   12178.9775050463 
 1435   12245.9746410624 
 1436   12324.111390192 
 1437   12363.8171825523 
 1438   12423.0499745611 
 1439   12459.9996496079 
 1440   12472.1529072685 
 1441   12521.8053415165 
 1442   12612.2477784532 
 1443   12671.3602881466 
 1444   12718.0056740899 
 1445   12804.8498838134 
 1446   12910.5895349277 
 1447   13023.9673495271 
 1448   13129.1192681697 
 1449   13172.8864371603 
 1450   13219.5538283944 
 1451   13237.3558521088 
 1452   13228.1242169281 
 1453   13143.4766983393 
 1454   13005.1273671711 
 1455   12845.6742578275 
 1456   12665.2850490487 
 1457   12443.2478212903 
 1458   12163.2751519166 
 1459   11848.6499704884 
 1460   11538.102655247 
 1461   11224.7917674682 
 1462   10899.7638393848 
 1463   10591.1306878232 
 1464   10312.3740575496 
 1465   10016.5044505196 
 1466   9757.35597391422 
 1467   9546.55966062373 
 1468   9340.21196312663 
 1469   9163.47167855287 
 1470   9005.16015143012 
 1471   8810.36916418925 
 1472   8658.64645442659 
 1473   8533.80309367922 
 1474   8406.86138868182 
 1475   8304.72397490678 
 1476   8198.60306239388 
 1477   8070.92127624715 
 1478   7955.79896154779 
 1479   7837.37910426848 
 1480   7659.95190108769 
 1481   7473.42384643951 
 1482   7346.23398261866 
 1483   7207.04086524135 
 1484   7072.34221095877 
 1485   6938.07315603602 
 1486   6810.45791522185 
 1487   6713.78394599043 
 1488   6609.186295148 
 1489   6512.59654714028 
 1490   6400.72172854149 
 1491   6284.50987838956 
 1492   6187.00589096491 
 1493   6069.13617144778 
 1494   5957.77946929125 
 1495   5875.03537265416 
 1496   5833.16714615416 
 1497   5788.65985060082 
 1498   5733.43021082541 
 1499   5665.87564847156 
 1500   5637.15641030435 
 1501   5590.26931070306 
 1502   5521.15548514432 
 1503   5448.36221458236 
 1504   5378.29030963353 
 1505   5333.74429631457 
 1506   5291.53460811408 
 1507   5233.52915151856 
 1508   5163.1253857844 
 1509   5168.83131609433 
 1510   5140.50872156951 
 1511   5147.07058155696 
 1512   5126.92713603867 
 1513   5070.2212367388 
 1514   5020.65032741101 
 1515   5010.77390304867 
 1516   4994.2896109566 
 1517   4961.38535699645 
 1518   4936.09035699183 
 1519   4879.44899407172 
 1520   4838.84005928771 
 1521   4830.24398489722 
 1522   4815.97911407978 
 1523   4803.80202487728 
 1524   4772.83781231831 
 1525   4761.14673480319 
 1526   4724.9637726488 
 1527   4737.59836147187 
 1528   4747.49586818741 
 1529   4734.89096820585 
 1530   4732.20574965508 
 1531   4723.51105391684 
 1532   4727.37367451466 
 1533   4742.25710133977 
 1534   4756.86059442681 
 1535   4752.8383308916 
 1536   4790.76902034135 
 1537   4856.72125400355 
 1538   4905.48660031687 
 1539   4952.1022775123 
 1540   5005.49100969866 
 1541   5068.65137382481 
 1542   5127.94518527212 
 1543   5145.30356442964 
 1544   5121.66269228641 
 1545   5084.37561731353 
 1546   5030.26286512177 
 1547   4951.89501187407 
 1548   4856.50443651668 
 1549   4754.69005739683 
 1550   4674.01470875299 
 1551   4622.08282086453 
 1552   4553.76442921392 
 1553   4500.71144820399 
 1554   4470.13781892077 
 1555   4458.18965339772 
 1556   4433.80647931776 
 1557   4410.72527895123 
 1558   4374.14900261851 
 1559   4350.93242203909 
 1560   4338.19441249883 
 1561   4312.84857970569 
 1562   4289.6877578921 
 1563   4276.10816544489 
 1564   4297.51603506967 
 1565   4266.45057757626 
 1566   4278.47757072008 
 1567   4274.92479724041 
 1568   4321.3390735232 
 1569   4340.83411159595 
 1570   4335.9546869402 
 1571   4290.54975548041 
 1572   4271.59166905731 
 1573   4264.57302806943 
 1574   4268.76725118915 
 1575   4256.06879742007 
 1576   4241.32317760532 
 1577   4269.06632806919 
 1578   4299.34430402063 
 1579   4285.30746503305 
 1580   4275.24350553028 
 1581   4313.60273108313 
 1582   4285.47380426759 
 1583   4293.22752524948 
 1584   4305.88627401663 
 1585   4309.52184603672 
 1586   4356.68405635089 
 1587   4399.40415815459 
 1588   4414.64907780236 
 1589   4444.32023428078 
 1590   4468.18418258225 
 1591   4496.99660331387 
 1592   4526.9962820128 
 1593   4547.60981213557 
 1594   4571.0954625759 
 1595   4590.9132523823 
 1596   4618.28039373415 
 1597   4661.39780236989 
 1598   4689.99537785153 
 1599   4717.62604614531 
 1600   4757.1631226805 
 1601   4788.18183236524 
 1602   4844.76809519798 
 1603   4943.85820957816 
 1604   4997.65474546204 
 1605   5052.81219475517 
 1606   5142.49877754965 
 1607   5248.05489892294 
 1608   5324.83411688615 
 1609   5401.12361574909 
 1610   5470.24017806543 
 1611   5540.6093336554 
 1612   5633.88471880154 
 1613   5716.65037919195 
 1614   5778.55971936947 
 1615   5873.71328390651 
 1616   6011.66399477 
 1617   6124.48334402131 
 1618   6219.55493333424 
 1619   6354.93308647243 
 1620   6497.18853622032 
 1621   6647.71351449096 
 1622   6848.03019254527 
 1623   7103.37552252974 
 1624   7378.44771981252 
 1625   7749.37722507382 
 1626   8213.33849530138 
 1627   8763.17095387772 
 1628   9436.3136371235 
 1629   10227.7677083609 
 1630   11260.2319050757 
 1631   12444.3040311712 
 1632   13780.4774214326 
 1633   15113.4323216442 
 1634   16653.8032548775 
 1635   18362.2571900552 
 1636   20074.2968688701 
 1637   21688.8326045707 
 1638   23125.3462783518 
 1639   24334.0851111649 
 1640   25242.9376125635 
 1641   25528.0115531212 
 1642   25443.1366212111 
 1643   25198.4298223054 
 1644   24291.8984091115 
 1645   23172.766081146 
 1646   21863.1954651485 
 1647   20406.6680849565 
 1648   19027.8748019042 
 1649   17792.5433274883 
 1650   16568.6002766641 
 1651   15683.5224438582 
 1652   15026.4099833417 
 1653   14523.1424379458 
 1654   14228.2984268161 
 1655   14130.9699874499 
 1656   14102.8013393249 
 1657   14162.2466637387 
 1658   14278.7897311568 
 1659   14334.6843145639 
 1660   14397.3781796003 
 1661   14395.2610886233 
 1662   14290.6671191553 
 1663   14159.9734644836 
 1664   13962.978559206 
 1665   13705.3506743064 
 1666   13445.3122274318 
 1667   13185.5751615224 
 1668   12943.9381511352 
 1669   12732.0260100005 
 1670   12550.4083408037 
 1671   12402.0472895007 
 1672   12307.9515760418 
 1673   12283.2378494493 
 1674   12282.452673619 
 1675   12330.8533327739 
 1676   12444.5510786567 
 1677   12555.4076463807 
 1678   12731.2813229387 
 1679   12983.9551490367 
 1680   13205.1647454704 
 1681   13437.3147836925 
 1682   13707.583754996 
 1683   13921.7860974316 
 1684   14154.9812290083 
 1685   14366.8920373909 
 1686   14541.7880766134 
 1687   14690.9618282786 
 1688   14868.5104487319 
 1689   15000.4138054902 
 1690   15080.3017383622 
 1691   15104.5612645435 
 1692   15130.1708003415 
 1693   15089.4716909608 
 1694   15005.3291531929 
 1695   14845.3583415092 
 1696   14601.7991517797 
 1697   14370.2030933355 
 1698   14153.0240390702 
 1699   13821.3576216738 
 1700   13431.5297457777 
 1701   13011.1909532122 
 1702   12975.8132223652 
 1703   12844.3595632938 
 1704   12643.9695080768 
 1705   12323.1407874518 
 1706   11978.3439520131 
 1707   11667.076087588 
 1708   11379.5972025572 
 1709   10812.4540972454 
 1710   10029.563648233 
 1711   9608.69812998448 
 1712   9385.59701825285 
 1713   9086.05427465703 
 1714   8844.72737610521 
 1715   8647.43886104183 
 1716   8422.11084622328 
 1717   8212.16845055148 
 1718   8021.2496808475 
 1719   7817.71492830206 
 1720   7632.83596085159 
 1721   7456.20775803637 
 1722   7271.66957349747 
 1723   7090.86772221978 
 1724   6882.51950537059 
 1725   6656.98766549281 
 1726   6453.66370719167 
 1727   6251.3410602568 
 1728   6025.85377130737 
 1729   5807.11825855071 
 1730   5609.44329467264 
 1731   5418.50368427651 
 1732   5226.77756729625 
 1733   5037.10691646983 
 1734   4842.87720916738 
 1735   4631.81780500002 
 1736   4446.52044934668 
 1737   4295.28796280859 
 1738   4129.82697909409 
 1739   3982.86650756476 
 1740   3816.34996025056 
 1741   3658.52482175114 
 1742   3540.85814915177 
 1743   3409.99995273627 
 1744   3232.01764255089 
 1745   3096.15870757439 
 1746   2979.38110622697 
 1747   2898.18373558309 
 1748   2806.59257364321 
 1749   2729.67073389758 
 1750   2669.10264986338 
 1751   2614.26933887162 
 1752   2564.24861016155 
 1753   2483.8844679249 
 1754   2403.72678788345 
 1755   2341.35462639647 
 1756   2288.41064008157 
 1757   2235.38449595184 
 1758   2196.34994361132 
 1759   2163.40075747869 
 1760   2166.47444457256 
 1761   2169.38624432378 
 1762   2129.29700253456 
 1763   2104.48126983402 
 1764   2088.05281961924 
 1765   2050.89042572548 
 1766   2017.26587919166 
 1767   1962.38652468896 
 1768   1922.34488426234 
 1769   1921.20181920956 
 1770   1893.12937924828 
 1771   1861.82302010057 
 1772   1844.03818676879 
 1773   1825.87780803484 
 1774   1838.05269613718 
 1775   1849.5280749338 
 1776   1850.59831078741 
 1777   1849.4207634089 
 1778   1838.58794964768 
 1779   1862.82138216605 
 1780   1868.15861302522 
 1781   1851.64381881837 
 1782   1819.2547255996 
 1783   1804.99274860204 
 1784   1792.21983604121 
 1785   1763.43802848227 
 1786   1736.78131470979 
 1787   1734.47874562649 
 1788   1714.85070326346 
 1789   1696.496435768 
 1790   1669.68229676491 
 1791   1643.10748455556 
 1792   1636.55418565023 
 1793   1614.03754797748 
 1794   1583.99986068145 
 1795   1572.52276993167 
 1796   1560.36281527939 
 1797   1561.05755336047 
 1798   1489.83806464074 
 1799   1446.61507548237 
 1800   1460.79336800402 
 1801   1439.05703502912 
 1802   1428.14776161588 
 1803   1418.3768660065 
 1804   1387.45448514965 
 1805   1444.70902145509 
 1806   1445.12107064686 
 1807   1416.26472792027 
 1808   1434.83965389166 
 1809   1428.65309594507 
 1810   1415.1883173753 
 1811   1399.05877745275 
 1812   1418.35732128909 
 1813   1433.68674390171 
 1814   1426.73595527904 
 1815   1410.77540538859 
 1816   1408.10732056531 
 1817   1419.90274217521 
 1818   1436.13126708555 
 1819   1424.3320158106 
 1820   1432.77910933016 
 1821   1438.20191987294 
 1822   1435.77879618563 
 1823   1423.75290089071 
 1824   1416.24915256629 
 1825   1402.22545725162 
 1826   1380.95327847006 
 1827   1341.37262786127 
 1828   1305.19124986171 
 1829   1265.95417244938 
 1830   1254.0657111979 
 1831   1247.33356332353 
 1832   1233.69539901651 
 1833   1230.94934762129 
 1834   1222.32150611916 
 1835   1240.26472010021 
 1836   1250.54931635266 
 1837   1219.56413692124 
 1838   1212.4506795104 
 1839   1224.19387520301 
 1840   1229.29960962766 
 1841   1234.41146788815 
 1842   1230.53314203449 
 1843   1253.38389557855 
 1844   1273.1451276575 
 1845   1276.73415169952 
 1846   1247.33151260794 
 1847   1242.5917982968 
 1848   1248.16415301734 
 1849   1244.2390075582 
 1850   1236.97450235625 
 1851   1230.9165680109 
 1852   1225.38855338911 
 1853   1255.71814786578 
 1854   1272.90742751985 
 1855   1268.91300533694 
 1856   1284.70726417793 
 1857   1277.3819341247 
 1858   1273.46885643362 
 1859   1276.68915750346 
 1860   1248.56067233021 
 1861   1225.01662206347 
 1862   1206.18079326606 
 1863   1176.27671363119 
 1864   1196.72376653975 
 1865   1197.81597790132 
 1866   1181.66778951209 
 1867   1178.67195638861 
 1868   1158.58763425885 
 1869   1165.69347428202 
 1870   1177.2885986109 
 1871   1146.21679022127 
 1872   1141.15670045863 
 1873   1151.50634467366 
 1874   1185.42440539366 
 1875   1203.02063157697 
 1876   1176.67636985371 
 1877   1161.40043801367 
 1878   1175.12598346057 
 1879   1186.036177201 
 1880   1174.28372136899 
 1881   1162.34916656246 
 1882   1165.41882551864 
 1883   1174.53676095278 
 1884   1175.26833889734 
 1885   1196.93024465906 
 1886   1176.36733914914 
 1887   1170.08359301492 
 1888   1162.23299863861 
 1889   1182.74173820448 
 1890   1202.15388547043 
 1891   1168.02514949261 
 1892   1144.24655447918 
 1893   1163.36914229572 
 1894   1165.22133053851 
 1895   1164.91286390368 
 1896   1124.95644602701 
 1897   1121.95288774969 
 1898   1172.28979127978 
 1899   1167.00767129564 
 1900   1144.16574393526 
 1901   1139.03880329455 
 1902   1136.79917624537 
 1903   1142.90853531393 
 1904   1117.81615410821 
 1905   1063.82893895258 
 1906   1094.06990375622 
 1907   1086.37710493077 
 1908   1073.14594112038 
 1909   1058.45981315541 
 1910   1050.94205594408 
 1911   1061.45826347474 
 1912   1069.80692932424 
 1913   1046.39355401761 
 1914   1037.94158454023 
 1915   1030.72778254127 
 1916   1047.71720014063 
 1917   1054.82160002915 
 1918   1021.87342275665 
 1919   1002.00439091468 
 1920   999.267004322678 
 1921   1006.72822714575 
 1922   991.477372720752 
 1923   934.993599485774 
 1924   916.989023624396 
 1925   920.099959016285 
 1926   917.589885751011 
 1927   908.507139874255 
 1928   893.04144959511 
 1929   900.399156268373 
 1930   897.548376113225 
 1931   892.551850561466 
 1932   880.182902762586 
 1933   876.834891473339 
 1934   877.50140658894 
 1935   868.786256482355 
 1936   892.783372251512 
 1937   892.822778752397 
 1938   899.173385375074 
 1939   880.419430579024 
 1940   836.474363395363 
 1941   817.888307293014 
 1942   811.479027609242 
 1943   795.058989805099 
 1944   814.701812830446 
 1945   811.141957168529 
 1946   787.258349158325 
 1947   988.789353763741 
 1948   1106.13122388559 
 1949   1090.31284888597 
 1950   1083.18429863937 
 1951   1078.96981092853 
 1952   1103.25699546146 
 1953   1108.66132221855 
 1954   839.310048522914 
 1955   832.795124267455 
 1956   803.206872416697 
 1957   797.311204561453 
 1958   777.424004391826 
 1959   761.537988637823 
 1960   759.786077447482 
 1961   748.52272440838 
 1962   755.674323255241 
 1963   758.205450178904 
 1964   744.694978973371 
 1965   747.530677249538 
 1966   715.470694042881 
 1967   739.379783387316 
 1968   734.683389952787 
 1969   737.056994308385 
 1970   756.037225211034 
 1971   738.744763816033 
 1972   740.243367208792 
 1973   737.875198541667 
 1974   713.786783557083 
 1975   712.461276447225 
 1976   706.015395851081 
 1977   704.979570722228 
 1978   710.020117127894 
 1979   721.077337728271 
 1980   709.591063009045 
 1981   737.100510402826 
 1982   712.504225324818 
 1983   668.93424669636 
 1984   684.689711987196 
 1985   688.678871914591 
 1986   680.418475364159 
 1987   677.887286540721 
 1988   670.390309801894 
 1989   694.343415838196 
 1990   701.010541445853 
 1991   670.049634704682 
 1992   654.455127702343 
 1993   648.586153469733 
 1994   643.9266359431 
 1995   664.102089061646 
 1996   652.663276447472 
 1997   656.389283742011 
 1998   656.045600345766 
 1999   678.035861487496 
 2000   673.563848855211 
 2001   642.216856411633 
 2002   629.690801341677 
 2003   605.360132179673 
 2004   597.516441173787 
 2005   537.234713155761 
 2006   543.993247644813 
 2007   549.658798562285 
 2008   560.71678995866 
 2009   569.161549101935 
 2010   563.412227809369 
 2011   615.903442660186 
 2012   621.994862243948 
 2013   595.049451887262 
 2014   603.633302497034 
 2015   589.148421323317 
 2016   605.85304558153 
 2017   589.958886881592 
 2018   564.183656458923 
 2019   600.112633612829 
 2020   576.520705997241 
 2021   557.814614359433 
 2022   544.645607816981 
 2023   525.032932350865 
 2024   522.588600609097 
 2025   491.666645038549 
 2026   481.556929537794 
 2027   503.551041239715 
 2028   505.861404924401 
 2029   502.068663725082 
 2030   501.193601702629 
 2031   522.628174625502 
 2032   538.652323600262 
 2033   515.87193511443 
 2034   494.174900899326 
 2035   490.624774691339 
 2036   512.761103188562 
 2037   489.572876225855 
 2038   469.515658077693 
 2039   452.895740436549 
 2040   459.347050088328 
 2041   467.937302146456 
 2042   469.19649076727 
 2043   440.149976916883 
 2044   420.868561703812 
 2045   415.172717327747 
 2046   418.927708375794 
 2047   403.805540990998 
 2048   366.743646223211 
 2049   384.336222344116 
 2050   385.951965679311 
 2051   410.650790487728 
 2052   417.775412662526 
 2053   433.91607011161 
 2054   435.106189478845 
 2055   427.726213573141 
 2056   432.446857348485 
 2057   423.37071723066 
 2058   405.362348466533 
 2059   377.542521027415 
 2060   362.529928196296 
 2061   369.359209718393 
 2062   384.519812194629 
 2063   374.189903102934 
 2064   371.607471472614 
 2065   376.460066844319 
 2066   400.177945806756 
 2067   398.262756850522 
 2068   378.274355677892 
 2069   378.578583735695 
 2070   375.635809877876 
 2071   380.834339763457 
 2072   374.45990149869 
 2073   353.09825934779 
 2074   364.20219940504 
 2075   354.47255190594 
 2076   360.506347231037 
 2077   321.547818994423 
 2078   315.041556891987 
 2079   304.033828704589 
 2080   336.794691577092 
 2081   365.150422486244 
 2082   361.066260542614 
 2083   398.470362797658 
 2084   391.933471091913 
 2085   401.639767459734 
 2086   375.352812321054 
 2087   336.756756508168 
 2088   335.135154256845 
 2089   332.006135710188 
 2090   321.329734425862 
 2091   334.194380619237 
 2092   334.97007646485 
 2093   324.345623213966 
 2094   325.269933882182 
 2095   315.478434813633 
 2096   326.570720392484 
 2097   307.567087758122 
 2098   309.586875942179 
 2099   304.041817616312 
 2100   296.600178785928 
 2101   298.805818905499 
 2102   268.436010869469 
 2103   281.204650905119 
 2104   284.872750357764 
 2105   308.481747478811 
 2106   308.174593630465 
 2107   303.240028935619 
 2108   326.247529131444 
 2109   317.198577164342 
 2110   301.073844526205 
 2111   283.460168150009 
 2112   268.236982694902 
 2113   262.283228552772 
 2114   262.736562616596 
 2115   264.140137854923 
 2116   280.442310027879 
 2117   299.172279966749 
 2118   300.124517362281 
 2119   311.644291235444 
 2120   301.707266038932 
 2121   296.353320503869 
 2122   282.906311349192 
 2123   234.085635344117 
 2124   236.096051772088 
 2125   233.039848685846 
 2126   250.951147754031 
 2127   245.200729086345 
 2128   268.342526596261 
 2129   293.461816469737 
 2130   306.348995152136 
 2131   249.01061763972 
 2132   264.873266182072 
 2133   254.156238514276 
 2134   256.386333035664 
 2135   236.237415741701 
 2136   231.380732868581 
 2137   263.483252587229 
 2138   255.012368398989 
 2139   252.624501082831 
 2140   242.30810143432 
 2141   254.964304687962 
 2142   243.603328273549 
 2143   240.750363608035 
 2144   229.104932257947 
 2145   233.691024484273 
 2146   218.284105393054 
 2147   234.855112980798 
 2148   239.365639368336 
 2149   269.334341235079 
 2150   256.789861472801 
 2151   262.293384904278 
 2152   287.012817389557 
 2153   273.009277547262 
 2154   281.44034747176 
 2155   181.686397342862 
 2156   829.874965064529 
 2157   1613.037500297 
 2158   1483.65722314253 
 2159   1491.61020489274 
 2160   1476.0304988046 
 2161   1543.46388369147 
 2162   1150.31062181873 
 2163   148.236126835437 
 2164   293.533435582096 
 2165   274.641925628062 
 2166   289.945851299758 
 2167   260.880051134558 
 2168   233.985422160647 
 2169   235.327949003709 
 2170   237.243773459137 
 2171   219.037532285199 
 2172   226.941074291741 
 2173   222.476367380353 
 2174   215.82152728949 
 2175   233.939261502175 
 2176   237.306480657463 
 2177   262.745246171689 
 2178   253.562353477826 
 2179   242.492941447083 
 2180   245.739729919363 
 2181   242.108010718517 
 2182   256.956943865888 
 2183   243.698647362543 
 2184   240.275521654568 
 2185   263.028764786633 
 2186   274.163080146782 
 2187   251.580960019132 
 2188   220.425690838536 
 2189   193.506822722451 
 2190   199.988512490513 
 2191   202.219325003315 
 2192   198.277670141977 
 2193   209.179627909786 
 2194   220.417805079894 
 2195   227.557688979238 
 2196   215.047657233113 
 2197   200.938714312836 
 2198   197.932636203845 
 2199   192.758516663499 
 2200   210.023824146768 
 2201   231.407147039115 
 2202   242.681218926129 
 2203   243.953498568463 
 2204   247.056648616694 
 2205   213.237370942442 
 2206   197.225188960103 
 2207   178.319490327745 
 2208   186.631648906603 
 2209   180.471241111254 
 2210   184.135543535879 
 2211   226.869685681594 
 2212   228.797795723169 
 2213   250.883598329301 
 2214   271.128763612505 
 2215   285.858482021426 
 2216   285.478362205021 
 2217   262.362926071961 
 2218   254.194739227451 
 2219   218.26033193888 
 2220   196.303870898519 
 2221   206.156222277615 
 2222   217.631662505258 
 2223   216.720096488141 
 2224   234.788682666379 
 2225   251.890414049295 
 2226   259.121289461483 
 2227   239.47509100745 
 2228   201.338723148131 
 2229   217.038063364229 
 2230   214.25006020576 
 2231   256.32083892001 
 2232  -20.4085502474569 
 2233   1714.43402610227 
 2234   2632.32063124531 
 2235   2554.9519887407 
 2236   2550.94512571239 
 2237   2502.75388234151 
 2238   2787.2780388706 
 2239   938.471464207002 
 2240   163.334847963798 
 2241   235.301419012951 
 2242   228.488698839153 
 2243   239.796638677714 
 2244   237.66906174918 
 2245   215.486785436954 
 2246   236.13452918407 
 2247   205.576945886979 
 2248   205.898034710953 
 2249   181.964750059518 
 2250   190.896032102614 
 2251   201.018928727809 
 2252   190.099961760021 
 2253   172.237366710239 
 2254   172.427089568105 
 2255   171.569324515538 
 2256   154.064976405074 
 2257   160.165245697509 
 2258   148.980978536766 
 2259   163.656240953255 
 2260   144.617167231421 
 2261   161.091950726562 
 2262   144.646900102302 
 2263   134.336785842233 
 2264   150.005918604003 
 2265   171.491881906705 
 2266   194.140879612657 
 2267   180.484757856657 
 2268   197.988936699345 
 2269   191.698183428613 
 2270   173.005889803086 
 2271   150.018034234493 
 2272   161.772596001538 
 2273   162.070814412708 
 2274   159.316139562463 
 2275   157.475621519455 
 2276   173.88914479083 
 2277   181.979288677557 
 2278   161.991447666861 
 2279   166.705838942518 
 2280   169.59024049302 
 2281   171.970376162721 
 2282   151.884430022268 
 2283   157.729960624592 
 2284   159.997398615641 
 2285   161.145117632683 
 2286   149.155168336158 
 2287   179.751460357843 
 2288   203.230181363447 
 2289   206.277935058626 
 2290   204.459990784679 
 2291   221.470282238978 
 2292   222.374894826619 
 2293   193.356919669513 
 2294   177.304489765727 
 2295   174.300565062638 
 2296   152.444016362386 
 2297   135.419097110671 
 2298   147.566385168467 
 2299   151.646780142604 
 2300   157.297635902448 
 2301   157.075827790448 
 2302   176.512425769712 
 2303   167.230472991452 
 2304   139.209547835777 
 2305   113.540209019567 
 2306   104.005577281493 
 2307   127.602383202326 
 2308   125.156446526572 
 2309   140.468779967509 
 2310   154.573327116973 
 2311   186.744893067141 
 2312   184.187845304311 
 2313   193.662550752739 
 2314   190.125492247148 
 2315   166.335741912517 
 2316   141.228227622976 
 2317   129.6804726848 
 2318   127.702950061522 
 2319   97.0756702304287 
 2320   75.9870632859232 
 2321   128.364292154735 
 2322   147.773389540413 
 2323   165.714481436097 
 2324   160.632996183063 
 2325   178.83855352996 
 2326   195.365380246207 
 2327   178.721887335557 
 2328   178.33295928415 
 2329   161.494796122224 
 2330   143.754260247867 
 2331   121.9548627263 
 2332   124.174624353665 
 2333   105.3882993722 
 2334   99.1766537438557 
 2335   123.497237135306 
 2336   137.0961438719 
 2337   131.179197193693 
 2338   145.466856725413 
 2339   181.570106068855 
