05-29-2020  14:03:02
Wavenumber (cm-1)  CCD Output
 251   1695.79168895803 
 252   1730.9277662395 
 253   1755.98636735881 
 254   1772.99661380188 
 255   1793.12708590216 
 256   1817.80644368139 
 257   1840.25861369138 
 258   1869.02463529931 
 259   1897.25395452213 
 260   1901.77068205108 
 261   1898.67846626433 
 262   1905.77922147196 
 263   1921.69919034937 
 264   1931.33679718607 
 265   1930.684865525 
 266   1939.76866452958 
 267   1953.78450373625 
 268   1957.94434262595 
 269   1946.31017729351 
 270   1935.08741551709 
 271   1938.47477537216 
 272   1939.66157839323 
 273   1948.59940483387 
 274   1978.7715966398 
 275   1996.85020426018 
 276   1993.20215612717 
 277   1984.64759368773 
 278   1991.86532278236 
 279   2013.47996061757 
 280   2032.47216712099 
 281   2050.06011871612 
 282   2070.62814199046 
 283   2090.88227624732 
 284   2081.08700331329 
 285   2049.99688054161 
 286   2048.23209578764 
 287   2066.4568614073 
 288   2083.639427448 
 289   2090.55770675787 
 290   2081.30561458074 
 291   2064.97666411605 
 292   2065.13440437541 
 293   2061.82623425961 
 294   2044.4234011251 
 295   2044.36105935471 
 296   2055.53030575054 
 297   2058.06070872833 
 298   2045.62833785949 
 299   2034.38593310274 
 300   2034.95026810023 
 301   2025.71952545085 
 302   2005.73125298733 
 303   1989.8046937538 
 304   1993.4184190052 
 305   2003.75718897451 
 306   2002.52728309396 
 307   2002.74447068001 
 308   2009.4860662139 
 309   2017.64676075486 
 310   2019.90207442589 
 311   2023.64631812035 
 312   2033.48284025169 
 313   2014.40301442277 
 314   1981.47252963484 
 315   1972.75767173393 
 316   1950.1185190874 
 317   1914.17537583389 
 318   1897.29594144364 
 319   1875.86305970341 
 320   1837.37926440624 
 321   1796.0474510875 
 322   1781.60935842137 
 323   1796.52201263077 
 324   1817.41720172675 
 325   1839.34835296839 
 326   1866.11280713296 
 327   1900.46962896121 
 328   1924.71987837162 
 329   1933.42521967626 
 330   1941.58820682971 
 331   1968.19765934058 
 332   2002.10088177955 
 333   2009.76134870355 
 334   2016.0647936498 
 335   2030.38416219274 
 336   2032.20434022837 
 337   2044.25569119034 
 338   2077.26978744717 
 339   2115.49485918273 
 340   2166.03173389517 
 341   2221.74012484902 
 342   2256.13286042733 
 343   2282.87814405457 
 344   2330.24269220125 
 345   2415.5411805896 
 346   2492.52732688081 
 347   2547.87302335454 
 348   2624.27941210256 
 349   2700.84477873669 
 350   2769.81855547191 
 351   2861.07875109218 
 352   2963.01511892536 
 353   3071.78703381202 
 354   3201.55121254633 
 355   3310.31345439886 
 356   3384.8055962747 
 357   3463.99283285351 
 358   3540.90596543524 
 359   3595.82893768909 
 360   3621.00724553542 
 361   3645.8578592817 
 362   3672.9303106605 
 363   3663.54621025081 
 364   3614.06500855483 
 365   3551.67304889521 
 366   3513.60493929086 
 367   3475.19058941315 
 368   3416.09707643918 
 369   3349.04700920024 
 370   3308.97684955011 
 371   3291.67378864604 
 372   3255.06308566036 
 373   3219.91801839849 
 374   3224.75239648824 
 375   3289.04350045548 
 376   3356.29475175814 
 377   3401.39661945682 
 378   3452.83615827911 
 379   3533.94200925113 
 380   3648.92940487507 
 381   3783.37807959392 
 382   3918.11164463687 
 383   4056.99593167415 
 384   4213.08401752456 
 385   4353.00117773012 
 386   4481.81590611045 
 387   4637.99755048432 
 388   4823.0231728445 
 389   4997.38253724852 
 390   5116.99336602473 
 391   5207.0547543636 
 392   5279.30181531526 
 393   5326.58951876247 
 394   5347.10095833714 
 395   5330.5706160368 
 396   5281.1679038189 
 397   5248.88609440209 
 398   5176.92329349521 
 399   5003.09413208093 
 400   4821.26099305958 
 401   4638.77331958107 
 402   4429.70054053468 
 403   4234.23334960548 
 404   4061.99784261744 
 405   3898.65879976972 
 406   3728.44512574372 
 407   3563.03882949683 
 408   3423.20964557536 
 409   3319.27347025565 
 410   3242.25494584538 
 411   3174.59523125721 
 412   3106.29513793509 
 413   3078.51580548448 
 414   3088.51587693413 
 415   3063.66032567669 
 416   3025.82502162441 
 417   2989.84588945547 
 418   2932.33823308708 
 419   2884.43172080903 
 420   2841.57694439164 
 421   2762.21936680761 
 422   2681.81355878543 
 423   2593.38829931508 
 424   2459.53173861531 
 425   2340.21783049732 
 426   2263.72920348721 
 427   2212.98529525354 
 428   2168.14390702632 
 429   2119.66558072499 
 430   2069.01977355132 
 431   2026.50891883424 
 432   2005.7277384242 
 433   2007.72449692096 
 434   2007.18085628401 
 435   2003.54625119249 
 436   2009.14267494187 
 437   2024.95529989529 
 438   1997.27866060724 
 439   1920.83891623557 
 440   1884.74499970299 
 441   1882.66503144037 
 442   1888.81841362224 
 443   1900.60907144874 
 444   1907.8337917387 
 445   1912.59591731107 
 446   1921.62052328019 
 447   1899.12983353281 
 448   1890.08693049886 
 449   1962.79322656463 
 450   2000.23205435043 
 451   1986.61036728459 
 452   1981.95122258373 
 453   1970.27241837661 
 454   1958.12268562705 
 455   1955.35811961054 
 456   1938.02236006209 
 457   1932.97526478001 
 458   1954.62189254424 
 459   1957.51536523938 
 460   1963.98214396752 
 461   1989.60759978691 
 462   2003.52254074787 
 463   2005.0264749431 
 464   1997.55659766562 
 465   1983.97635795387 
 466   1994.56525160936 
 467   2010.65448419349 
 468   1993.57143280009 
 469   1999.02763891677 
 470   2012.43923431307 
 471   1990.49168057627 
 472   1978.74552457482 
 473   1989.94463762778 
 474   2011.38955338824 
 475   2032.60721388163 
 476   2030.79569235851 
 477   2013.27027973254 
 478   2026.65442517729 
 479   2031.82417882825 
 480   2014.95618848466 
 481   2015.75302631892 
 482   2011.10954505508 
 483   1992.68343249696 
 484   1980.06397264057 
 485   1983.08820719447 
 486   2002.42884588758 
 487   2026.59484177737 
 488   2030.3850865985 
 489   2020.23286180241 
 490   2017.34718784099 
 491   2032.26425340303 
 492   2056.3886783106 
 493   2076.70128660978 
 494   2085.39298838679 
 495   2077.75800984696 
 496   2057.03450495889 
 497   2033.23136898295 
 498   2013.63507181437 
 499   2009.86496653213 
 500   2023.23578239116 
 501   2020.03764280444 
 502   2004.89719179266 
 503   1998.13251696651 
 504   1996.48216924086 
 505   1992.23891604371 
 506   1988.3112923403 
 507   1999.99748863247 
 508   2019.71875290543 
 509   2024.84951958917 
 510   2002.76254832732 
 511   2003.29263508231 
 512   2024.76804368657 
 513   2032.28739850062 
 514   2046.06701472436 
 515   2089.97472647858 
 516   2153.06966168273 
 517   2177.6326994172 
 518   2193.89204648976 
 519   2236.63289396401 
 520   2291.69695731001 
 521   2348.3506783877 
 522   2406.02109983809 
 523   2474.57989839337 
 524   2570.08504350866 
 525   2685.09408443077 
 526   2811.09697721672 
 527   2973.47611749322 
 528   3154.2459548159 
 529   3343.93269422402 
 530   3574.86127693855 
 531   3806.45030164868 
 532   4026.46699889617 
 533   4265.75640587188 
 534   4470.93684325509 
 535   4609.92742888149 
 536   4695.81685661966 
 537   4763.78342334625 
 538   4814.06002997787 
 539   4825.19408573152 
 540   4784.02124322051 
 541   4721.63444555997 
 542   4643.84898078455 
 543   4511.32795862812 
 544   4322.25737127597 
 545   4130.69627742204 
 546   3989.56815963295 
 547   3843.45959710852 
 548   3670.51618995551 
 549   3490.37400107452 
 550   3332.81505690114 
 551   3178.18826528686 
 552   3010.32188877952 
 553   2851.18781034649 
 554   2749.52243202008 
 555   2675.48037178349 
 556   2566.0935939973 
 557   2467.01173652782 
 558   2406.38835642508 
 559   2375.92052081548 
 560   2343.36770351848 
 561   2294.40604260492 
 562   2248.40327433419 
 563   2238.48817980139 
 564   2233.23287573622 
 565   2227.14746963386 
 566   2235.26281187044 
 567   2241.14283038977 
 568   2248.32239588914 
 569   2265.15305311621 
 570   2288.66827131555 
 571   2329.32951370847 
 572   2392.39440326182 
 573   2474.50358520947 
 574   2579.57994011379 
 575   2707.84311307055 
 576   2863.39463526446 
 577   3061.59790069269 
 578   3282.76996631476 
 579   3520.62956453419 
 580   3798.96928485037 
 581   4094.5334788983 
 582   4387.01728919717 
 583   4671.93471526465 
 584   4945.68064754779 
 585   5191.79629357453 
 586   5394.25920135657 
 587   5548.51521052552 
 588   5640.90420699345 
 589   5669.21767946749 
 590   5644.4678972148 
 591   5566.85360521189 
 592   5429.27230073148 
 593   5230.49384736339 
 594   4990.11421902404 
 595   4741.9521532064 
 596   4489.32138161943 
 597   4206.47082671869 
 598   3929.41554860289 
 599   3657.78510368865 
 600   3382.04932644818 
 601   3156.51344299959 
 602   2915.55698879523 
 603   2601.11662064803 
 604   2274.92770518849 
 605   2062.10403214417 
 606   1966.61905577528 
 607   1895.42808666675 
 608   1829.77565044684 
 609   1773.49389212327 
 610   1732.76447797562 
 611   1701.87939077828 
 612   1645.81130994188 
 613   1709.69022842198 
 614   2013.24301993438 
 615   2107.78036550539 
 616   2034.06753865695 
 617   2025.68065193062 
 618   2036.5524599427 
 619   2033.59166257011 
 620   2031.29407413966 
 621   2046.25837599073 
 622   2007.51574284768 
 623   1960.46008466482 
 624   1971.40433967232 
 625   1998.29958991204 
 626   2012.26267176938 
 627   2006.48447842099 
 628   1993.88003949461 
 629   2000.86427411459 
 630   2003.25923244566 
 631   1993.30282937584 
 632   2034.59067727565 
 633   2097.51963527641 
 634   2141.41720684109 
 635   2165.63337479451 
 636   2208.08599587701 
 637   2270.8312450541 
 638   2330.43047525538 
 639   2371.17910016739 
 640   2411.08291138765 
 641   2462.59618098677 
 642   2509.1111811243 
 643   2508.00942494001 
 644   2504.89957278913 
 645   2526.61153988804 
 646   2505.64171087712 
 647   2475.7952642094 
 648   2480.56711489922 
 649   2524.51185435161 
 650   2570.62185104878 
 651   2578.71543235735 
 652   2560.28522022214 
 653   2577.25169612742 
 654   2600.14223656139 
 655   2622.36627322707 
 656   2661.94256136182 
 657   2698.0975863024 
 658   2696.75767250064 
 659   2663.42347511319 
 660   2644.35534284211 
 661   2635.19645664029 
 662   2627.10306099523 
 663   2616.73458419759 
 664   2598.78962139747 
 665   2560.86225685689 
 666   2505.75646632229 
 667   2455.08468364371 
 668   2425.30915492765 
 669   2391.26776964157 
 670   2341.09606978414 
 671   2310.5517522591 
 672   2277.25740592956 
 673   2233.97454388293 
 674   2201.40433464427 
 675   2190.59636816799 
 676   2186.90536003155 
 677   2168.62738295383 
 678   2131.25408861907 
 679   2109.65172928627 
 680   2097.29009826239 
 681   2076.32804784423 
 682   2069.40496762608 
 683   2069.98956904399 
 684   2076.2886591447 
 685   2101.3705281022 
 686   2149.82186767089 
 687   2210.42634506984 
 688   2263.84295845077 
 689   2300.30402547366 
 690   2349.19886597743 
 691   2390.7645586201 
 692   2402.80158523941 
 693   2434.88138877225 
 694   2442.57501341711 
 695   2403.71788873694 
 696   2354.55597979119 
 697   2306.52383198608 
 698   2261.3349904691 
 699   2216.84171976211 
 700   2173.8715184273 
 701   2150.27663302797 
 702   2111.96039755153 
 703   2043.96353391688 
 704   2033.58907905957 
 705   2032.54864363317 
 706   2015.41102165163 
 707   2023.35674454323 
 708   2052.70188068937 
 709   2084.13546850067 
 710   2097.05865630769 
 711   2087.31634862985 
 712   2096.40952042973 
 713   2105.96776999115 
 714   2122.28933044929 
 715   2198.71620502672 
 716   1946.03939798982 
 717   1548.65412478143 
 718   1538.5211424371 
 719   1638.76770318886 
 720   1363.06263581341 
 721   883.522571622737 
 722   857.730988520727 
 723   875.873562471362 
 724   882.403983963664 
 725   830.319497823543 
 726   402.357051895614 
 727   265.096168243241 
 728   190.312237936315 
 729   149.080312811196 
 730   1593.34713126182 
 731   2481.9695060793 
 732   2237.15910178888 
 733   2253.91764435378 
 734   2278.10179033628 
 735   2285.21130339982 
 736   2324.28985915858 
 737   2310.09098120135 
 738   2309.11935819995 
 739   2315.17639164741 
 740   2309.67149951591 
 741   2325.5453687564 
 742   2329.01399599706 
 743   2326.45749526076 
 744   2333.17545730759 
 745   2324.32956426535 
 746   2351.26499763669 
 747   2397.58832886036 
 748   2416.17342140014 
 749   2451.5584123505 
 750   2481.71481139081 
 751   2505.74974740705 
 752   2548.68665184385 
 753   2575.29398347437 
 754   2603.79050973346 
 755   2647.2414754809 
 756   2687.3855101758 
 757   2734.68241207715 
 758   2784.46810910848 
 759   2833.49940498768 
 760   2890.59446404242 
 761   2944.38427365762 
 762   3000.16798931029 
 763   3072.74670710283 
 764   3161.43650604781 
 765   3233.30307840713 
 766   3314.2658623965 
 767   3439.85442725095 
 768   3581.38525673417 
 769   3747.3140389435 
 770   3944.54205969803 
 771   4166.89733098991 
 772   4409.60333497314 
 773   4677.99048069263 
 774   5004.92060006848 
 775   5403.08189915661 
 776   5801.47222091679 
 777   6213.44484187992 
 778   6712.86376979313 
 779   7323.50898437187 
 780   7917.87672523528 
 781   8581.82421831157 
 782   9374.55658888743 
 783   10224.1763780167 
 784   11115.0544647707 
 785   12092.6628573835 
 786   13164.367515432 
 787   14276.8692322878 
 788   15422.9510407241 
 789   16623.8670518076 
 790   17856.572205907 
 791   19041.4898973854 
 792   20149.1438201257 
 793   21236.8968591761 
 794   22286.0479143541 
 795   23165.8409855503 
 796   23904.4362465936 
 797   24500.7964406325 
 798   24875.4638767932 
 799   24950.8960632132 
 800   24844.6740086571 
 801   24576.0892661954 
 802   24028.6738955386 
 803   23137.7899761072 
 804   22247.1450470062 
 805   21265.0753758624 
 806   20013.6827653013 
 807   18663.0386402996 
 808   17311.6608134296 
 809   15943.8536192458 
 810   14569.3465664527 
 811   13292.1585497699 
 812   12108.164092113 
 813   10988.5826238215 
 814   9975.42376014055 
 815   9159.03607311979 
 816   8438.54842056641 
 817   7799.16120319844 
 818   7217.87056310967 
 819   6612.88963009723 
 820   6161.93211476602 
 821   5817.38447004039 
 822   5464.69390177961 
 823   5140.45614525296 
 824   4857.39534091246 
 825   4617.94114322205 
 826   4399.66812380164 
 827   4170.58469825751 
 828   3970.69949851046 
 829   3779.97907504121 
 830   3584.31178363418 
 831   3416.97700314463 
 832   3258.714928595 
 833   3112.69081398979 
 834   2986.25185482706 
 835   2873.57734563549 
 836   2781.30393805602 
 837   2712.13382489177 
 838   2651.15613763591 
 839   2584.33928742328 
 840   2543.40800026704 
 841   2541.49115130233 
 842   2535.60494890388 
 843   2486.86535542298 
 844   2463.59864339751 
 845   2409.15148414181 
 846   2404.93701272567 
 847   2394.7856971259 
 848   2033.25284807809 
 849   3444.78440506584 
 850   5365.46294966907 
 851   5232.69001612009 
 852   5157.34559251008 
 853   5194.23821841022 
 854   5158.15038202413 
 855   5148.56954013677 
 856   5056.48778284268 
 857   5396.53048843804 
 858   4493.09884468707 
 859   2195.21753178537 
 860   1945.58324675904 
 861   2120.56809593588 
 862   2046.86349024529 
 863   2067.48575164159 
 864   2070.7989138711 
 865   2081.21785551012 
 866   2077.52119773589 
 867   2064.83200134856 
 868   2091.80911750042 
 869   2112.87684150156 
 870   2112.09791038282 
 871   2102.68069324055 
 872   2101.77414567263 
 873   2110.076113647 
 874   2098.13983751737 
 875   2089.29862932938 
 876   2107.96847660111 
 877   2101.98117201711 
 878   2105.74123711757 
 879   2114.22527475073 
 880   2103.65895274342 
 881   2091.80800471601 
 882   2084.78723458835 
 883   2063.21165464317 
 884   2039.82357326247 
 885   2050.46613603108 
 886   2043.69024364326 
 887   2028.83624575951 
 888   2032.05561874781 
 889   2047.329971891 
 890   2048.71719512455 
 891   2059.60277692079 
 892   2084.33151092714 
 893   2098.72674104293 
 894   2091.95709835785 
 895   2086.49466486261 
 896   2080.79915243083 
 897   2070.64249851679 
 898   2076.04781585984 
 899   2103.00129968794 
 900   2109.73966085999 
 901   2099.90300119402 
 902   2118.08392034889 
 903   2131.34437655287 
 904   2149.38863068673 
 905   2172.01109169163 
 906   2181.94498054192 
 907   2181.18893598526 
 908   2175.64132595519 
 909   2179.87742363514 
 910   2193.39631773572 
 911   2199.97697813702 
 912   2221.0271007976 
 913   2243.86246890353 
 914   2264.84570868213 
 915   2294.09410218503 
 916   2310.45449308534 
 917   2350.40998486159 
 918   2404.94486476198 
 919   2441.84326171874 
 920   2478.97429440622 
 921   2522.54637587535 
 922   2572.82419032095 
 923   2619.20391416643 
 924   2659.27953756926 
 925   2733.84808731718 
 926   2801.39638025794 
 927   2858.05549738166 
 928   2938.95608419443 
 929   3029.0995707762 
 930   3143.6520898522 
 931   3262.6954544535 
 932   3373.64235671656 
 933   3510.20111488204 
 934   3687.14011755601 
 935   3890.94569685701 
 936   4111.25541837785 
 937   4345.9791967768 
 938   4584.14727161949 
 939   4826.82774662057 
 940   5068.32405300208 
 941   5315.73423437101 
 942   5575.47051087282 
 943   5776.85933310007 
 944   5964.65107505532 
 945   6122.63761479332 
 946   6202.26482387308 
 947   6298.45340968815 
 948   6312.69384070155 
 949   6264.36093012828 
 950   6194.44540340834 
 951   6038.21772996053 
 952   5845.23184363462 
 953   5617.97640918251 
 954   5376.41552634972 
 955   5160.05584418541 
 956   4952.71433957755 
 957   4739.84659285147 
 958   4562.66950639405 
 959   4424.45709095429 
 960   4278.28490066885 
 961   4181.12010306195 
 962   4099.96623903697 
 963   4000.33221306408 
 964   3896.10493489592 
 965   3815.41506067291 
 966   3763.80229603967 
 967   3718.61973901464 
 968   3680.40105382524 
 969   3663.80804737232 
 970   3635.63116247702 
 971   3632.63447960454 
 972   3673.06555146168 
 973   3725.44018517309 
 974   3748.96024406059 
 975   3756.16526376115 
 976   3804.03518678953 
 977   3879.81843336929 
 978   3934.24777292001 
 979   3985.92859890114 
 980   4004.05725388188 
 981   4032.81445531312 
 982   4105.6719591816 
 983   4198.12100318705 
 984   4317.01931905584 
 985   4418.29847647201 
 986   4500.68808636276 
 987   4615.24775486613 
 988   4793.75511508877 
 989   4984.77048977456 
 990   5165.35357844499 
 991   5350.33237740736 
 992   5579.53511522464 
 993   5877.06501861314 
 994   6165.45176101438 
 995   6509.9778703301 
 996   6904.81618368711 
 997   7294.50225341053 
 998   7829.48222689802 
 999   8436.88955372208 
 1000   9036.51055494998 
 1001   9657.46510578705 
 1002   10356.7376288504 
 1003   11077.3577173786 
 1004   11869.0041692738 
 1005   12714.7821207514 
 1006   13540.9528257742 
 1007   14320.3719222856 
 1008   15059.0494443544 
 1009   15766.5345228811 
 1010   16443.3330211714 
 1011   17118.8725881609 
 1012   17833.748853297 
 1013   18504.2684745866 
 1014   19263.8258692086 
 1015   20159.4569105974 
 1016   21128.3608217718 
 1017   22189.0420927554 
 1018   23204.8457277822 
 1019   24432.4346881135 
 1020   25868.2042424458 
 1021   27260.1804873 
 1022   28766.3748025913 
 1023   30302.9177613458 
 1024   31836.4644904515 
 1025   33339.4212282569 
 1026   34773.1351186076 
 1027   36180.2018769204 
 1028   37395.5170976976 
 1029   38287.4086077413 
 1030   39023.045431347 
 1031   39811.884821309 
 1032   40399.7107869348 
 1033   40752.3475886125 
 1034   40857.012025154 
 1035   40697.352068351 
 1036   40272.831958344 
 1037   39585.5061830132 
 1038   38896.2457779437 
 1039   37849.837174934 
 1040   36288.717688624 
 1041   34608.7057536372 
 1042   32755.423910561 
 1043   30790.5012944712 
 1044   28710.5878751509 
 1045   26708.2263929478 
 1046   25002.9549205326 
 1047   23222.7383984617 
 1048   21419.4611384979 
 1049   19621.3100404213 
 1050   17878.5450490751 
 1051   16325.2384076265 
 1052   14942.9579512041 
 1053   13746.0570937371 
 1054   12535.7821966564 
 1055   11368.0886375411 
 1056   10433.352071504 
 1057   9446.54186432259 
 1058   8783.75609492678 
 1059   8342.01706905474 
 1060   7874.91561540169 
 1061   7437.69671812904 
 1062   7129.26608014789 
 1063   6883.76919632455 
 1064   6637.85623957263 
 1065   6438.50538617277 
 1066   6321.34942799337 
 1067   6194.48212410885 
 1068   6102.9968891793 
 1069   5943.47483983964 
 1070   6190.03086536609 
 1071   6850.31225392409 
 1072   6794.37531833483 
 1073   6695.24756999882 
 1074   6670.17547985045 
 1075   6628.05774713543 
 1076   6580.34085586001 
 1077   6556.0469707773 
 1078   6665.19554140396 
 1079   6076.25158706815 
 1080   5507.55239390902 
 1081   5601.19434011861 
 1082   5591.34656345274 
 1083   5578.12921889278 
 1084   5598.64665110206 
 1085   5656.82786298552 
 1086   5709.63545830277 
 1087   5730.33125468107 
 1088   5815.91231348793 
 1089   5874.36559781329 
 1090   5930.82953560479 
 1091   5994.69976669411 
 1092   6030.30016439689 
 1093   6063.03279014382 
 1094   6073.66254991316 
 1095   6124.43804404241 
 1096   6196.87807569313 
 1097   6251.29794432444 
 1098   6318.90006603282 
 1099   6380.15631763236 
 1100   6450.90958349218 
 1101   6537.14493176124 
 1102   6590.88502309278 
 1103   6595.73234592559 
 1104   6640.33805985497 
 1105   6663.24184011609 
 1106   6686.6657026151 
 1107   6725.78247969258 
 1108   6747.97465239075 
 1109   6744.81861323024 
 1110   6731.91266248242 
 1111   6757.91359586127 
 1112   6748.91460662346 
 1113   6682.65087248273 
 1114   6641.33963091824 
 1115   6578.15171839071 
 1116   6519.45860043297 
 1117   6465.33082644461 
 1118   6399.80338062964 
 1119   6339.87319611879 
 1120   6310.54991054583 
 1121   6260.87981023538 
 1122   6202.21013227559 
 1123   6135.26828129201 
 1124   6045.87755330877 
 1125   5939.21153273652 
 1126   5831.91479866417 
 1127   5748.00021328978 
 1128   5646.5302012086 
 1129   5542.75857447511 
 1130   5452.92118619876 
 1131   5329.19106587122 
 1132   5260.67553194482 
 1133   5204.75556587398 
 1134   5155.06734914021 
 1135   5119.76022981132 
 1136   5072.57640164698 
 1137   5021.24029107814 
 1138   4985.88373574216 
 1139   4958.97487874725 
 1140   4923.00383379747 
 1141   4873.36162090805 
 1142   4826.30785826597 
 1143   4799.54296128596 
 1144   4755.31526016541 
 1145   4747.78240424995 
 1146   4764.90188662147 
 1147   4763.48000829858 
 1148   4797.03559995253 
 1149   4825.8547441611 
 1150   4884.34198774761 
 1151   4941.85361428693 
 1152   4966.88629209327 
 1153   4990.23512353127 
 1154   5025.0445045095 
 1155   5048.13978561442 
 1156   5056.7953599761 
 1157   5085.01705625256 
 1158   5114.58782693447 
 1159   5105.73217789661 
 1160   5123.57157048647 
 1161   5137.94845006606 
 1162   5120.51417982976 
 1163   5100.94882070292 
 1164   5086.49762003906 
 1165   5047.92776298246 
 1166   5026.93964963139 
 1167   4995.23783767327 
 1168   4948.93924360051 
 1169   4911.04766392928 
 1170   4863.70316450598 
 1171   4776.72056692678 
 1172   4717.64016503959 
 1173   4663.12967931313 
 1174   4601.08295275261 
 1175   4535.88889184951 
 1176   4471.97012193624 
 1177   4409.69709574676 
 1178   4335.13831498953 
 1179   4287.04892339809 
 1180   4245.69134255253 
 1181   4196.84104435365 
 1182   4145.43469841512 
 1183   4097.81462464891 
 1184   4104.81101172312 
 1185   4075.78272826117 
 1186   4050.91693463228 
 1187   4044.04069749283 
 1188   4019.3244153905 
 1189   4003.55726734619 
 1190   3992.7833745954 
 1191   3993.76258027471 
 1192   3957.34206662417 
 1193   3931.43979231559 
 1194   3945.36889276922 
 1195   3920.88153607182 
 1196   3913.13564629654 
 1197   3920.48532571437 
 1198   3926.14309560438 
 1199   3920.46366981552 
 1200   3917.4112304664 
 1201   3922.04504211857 
 1202   3892.96658757148 
 1203   3877.2760244664 
 1204   3875.2382557978 
 1205   3844.99011259717 
 1206   3797.83090547884 
 1207   3771.80638083373 
 1208   3737.59635412536 
 1209   3709.2215584384 
 1210   3667.7923679667 
 1211   3638.23059223485 
 1212   3630.50724084495 
 1213   3624.42042817154 
 1214   3627.58387671487 
 1215   3622.71819009829 
 1216   3610.00839035673 
 1217   3583.00957832507 
 1218   3561.43850665304 
 1219   3551.96226445321 
 1220   3526.35673113084 
 1221   3503.28014921418 
 1222   3474.88461598397 
 1223   3445.17131566036 
 1224   3425.75335264024 
 1225   3421.60123279779 
 1226   3424.26508984374 
 1227   3419.58092083744 
 1228   3413.09407947381 
 1229   3396.4419926382 
 1230   3396.06177113343 
 1231   3401.36204943239 
 1232   3406.09220744716 
 1233   3440.95395572854 
 1234   3438.65613428238 
 1235   3448.50186515676 
 1236   3453.65435680059 
 1237   3466.92618717925 
 1238   3490.97550648349 
 1239   3503.6400238864 
 1240   3537.9142340883 
 1241   3527.49043717691 
 1242   3514.4020592435 
 1243   3518.59252682668 
 1244   3539.00713584948 
 1245   3555.17490947626 
 1246   3548.29619994654 
 1247   3568.31421938849 
 1248   3550.83205551942 
 1249   3559.77230383032 
 1250   3619.18089944632 
 1251   3668.70075919019 
 1252   3686.76120022741 
 1253   3722.9093935856 
 1254   3778.31708765009 
 1255   3818.01965143144 
 1256   3856.1543043461 
 1257   3880.24913245127 
 1258   3887.70039137212 
 1259   3909.75326944448 
 1260   3941.29883796484 
 1261   3976.6458573639 
 1262   3994.32961583656 
 1263   4029.57848199946 
 1264   4115.20643899926 
 1265   4219.92560508068 
 1266   4310.40336787765 
 1267   4414.98341860885 
 1268   4513.76191319548 
 1269   4622.99127335622 
 1270   4744.13580003034 
 1271   4840.98267155912 
 1272   4885.07771105269 
 1273   4898.43244028998 
 1274   4915.02640477206 
 1275   4905.73530076839 
 1276   4893.50167914895 
 1277   4862.35008216629 
 1278   4828.33066801758 
 1279   4834.80277730481 
 1280   4876.3616883433 
 1281   4911.81387172131 
 1282   4913.21464311543 
 1283   4967.22190376746 
 1284   5033.78176577809 
 1285   5088.89866152489 
 1286   5156.31001231518 
 1287   5212.30195729893 
 1288   5246.32112012264 
 1289   5313.17042448487 
 1290   5383.80608418135 
 1291   5424.77438412366 
 1292   5480.85709767565 
 1293   5560.84727481342 
 1294   5622.01221317869 
 1295   5686.30581909951 
 1296   5756.82862767486 
 1297   5796.47964201999 
 1298   5847.62804410787 
 1299   5900.85566130047 
 1300   5937.53688970555 
 1301   5987.12253484615 
 1302   6042.16626322612 
 1303   6056.24724522255 
 1304   6100.41365350393 
 1305   6144.02043258666 
 1306   6172.68826786128 
 1307   6204.96328918547 
 1308   6236.93906136671 
 1309   6242.39019524262 
 1310   6231.77433856216 
 1311   6263.81099329963 
 1312   6237.91488840447 
 1313   6226.08213178837 
 1314   6238.8976056388 
 1315   6216.70834716885 
 1316   6183.58495168181 
 1317   6190.20571659778 
 1318   6212.04124543072 
 1319   6227.61436748498 
 1320   6235.0721702191 
 1321   6232.28720814236 
 1322   6229.1540219326 
 1323   6235.76891048095 
 1324   6240.60679200095 
 1325   6231.37906272445 
 1326   6219.81341009144 
 1327   6194.2274062807 
 1328   6163.61392024753 
 1329   6139.04595290862 
 1330   6068.1579890467 
 1331   6193.76539048225 
 1332   6571.21509214163 
 1333   6540.72695116815 
 1334   6514.92054918008 
 1335   6526.94357086014 
 1336   6510.46175422555 
 1337   6491.07624756504 
 1338   6528.25113694062 
 1339   6386.51438816949 
 1340   6004.99376398884 
 1341   6003.84668712286 
 1342   6046.23559299759 
 1343   6120.80165633582 
 1344   6234.50508200161 
 1345   6329.71279490219 
 1346   6429.65281708789 
 1347   6552.94495453007 
 1348   6658.39504730608 
 1349   6763.89499712409 
 1350   6820.40334791118 
 1351   6810.54949215325 
 1352   6789.73046138063 
 1353   6781.53829166212 
 1354   6725.39421679894 
 1355   6628.41272112884 
 1356   6559.39476433591 
 1357   6483.01095933697 
 1358   6426.20281936293 
 1359   6423.34080758774 
 1360   6422.18616991234 
 1361   6445.0604932263 
 1362   6507.58153908667 
 1363   6570.62419041058 
 1364   6649.17156951236 
 1365   6794.57382723242 
 1366   6954.22273475326 
 1367   7120.05963120439 
 1368   7338.65393246398 
 1369   7558.10332048933 
 1370   7784.69532135651 
 1371   8102.95219446694 
 1372   8455.97224002723 
 1373   8726.61641852338 
 1374   8992.18457031227 
 1375   9226.45113469075 
 1376   9390.60004895532 
 1377   9494.26706332332 
 1378   9543.97301275757 
 1379   9506.66468286503 
 1380   9432.71585778035 
 1381   9352.7827037861 
 1382   9207.90484019833 
 1383   9094.17752165208 
 1384   8987.30894130073 
 1385   8905.40890525006 
 1386   8877.02545683719 
 1387   8879.66533466666 
 1388   8903.68258482529 
 1389   8978.7209778848 
 1390   9117.56467765905 
 1391   9319.89264739689 
 1392   9611.22252085011 
 1393   9939.79663233815 
 1394   10253.5550723255 
 1395   10675.2311508561 
 1396   11133.9666527601 
 1397   11622.3977400134 
 1398   12124.352376324 
 1399   12549.5390894225 
 1400   12973.6819305721 
 1401   13360.0584247283 
 1402   13587.3588139121 
 1403   13790.8751905237 
 1404   13966.950815631 
 1405   13967.527840897 
 1406   13899.4318833474 
 1407   13799.954387036 
 1408   13561.7562812097 
 1409   13313.8477294501 
 1410   13102.9132615678 
 1411   12720.0225331252 
 1412   12354.3225557838 
 1413   12043.6292293411 
 1414   11766.4782418277 
 1415   11519.1615706306 
 1416   11310.0728636305 
 1417   11095.0750771432 
 1418   10888.2363573821 
 1419   10783.227887504 
 1420   10663.2185995099 
 1421   10587.1851989988 
 1422   10495.8712316512 
 1423   10429.6957574181 
 1424   10345.4288435665 
 1425   10403.0295008533 
 1426   10233.928109089 
 1427   10847.4123061014 
 1428   12550.9322767552 
 1429   12412.2030628778 
 1430   12472.4733862628 
 1431   12542.217662255 
 1432   12653.8859551666 
 1433   12691.2061208987 
 1434   13071.8549783902 
 1435   12106.8989560328 
 1436   10962.858764521 
 1437   11388.8743064576 
 1438   11505.0990960063 
 1439   11712.2007743624 
 1440   11995.9758275453 
 1441   12274.5027895995 
 1442   12619.6140153031 
 1443   12983.4148331065 
 1444   13398.303978857 
 1445   13854.710159271 
 1446   14318.2614256783 
 1447   14762.4842698722 
 1448   15144.215112517 
 1449   15475.1196777697 
 1450   15775.2040688065 
 1451   16039.5208105765 
 1452   16171.5267103041 
 1453   16280.0796598664 
 1454   16288.2688140393 
 1455   16220.3283441764 
 1456   16145.1584636863 
 1457   16028.2258272573 
 1458   15838.775647186 
 1459   15616.7224387933 
 1460   15418.0702559819 
 1461   15258.5758032562 
 1462   15134.3644809241 
 1463   14976.3877811968 
 1464   14831.404077309 
 1465   14675.4787507707 
 1466   14548.6871785334 
 1467   14438.3778293338 
 1468   14306.9270749 
 1469   14169.658652666 
 1470   14012.6880960471 
 1471   13828.7044547847 
 1472   13640.7157210276 
 1473   13497.2679123107 
 1474   13352.3135221693 
 1475   13213.5661990021 
 1476   13022.9978400479 
 1477   12827.9177122027 
 1478   12655.2758572405 
 1479   12487.8890411986 
 1480   12273.3958452719 
 1481   12027.3889089939 
 1482   11840.2627180618 
 1483   11613.9978402177 
 1484   11396.0329536429 
 1485   11167.5683333368 
 1486   10948.1739740878 
 1487   10737.9420169494 
 1488   10518.2764884278 
 1489   10314.6622238995 
 1490   10091.4072212673 
 1491   9861.05012411969 
 1492   9655.61830882324 
 1493   9444.64716279354 
 1494   9261.46399045064 
 1495   9106.83389318819 
 1496   8956.09387301145 
 1497   8787.34685951731 
 1498   8657.13952784134 
 1499   8543.62482636901 
 1500   8453.9332990983 
 1501   8361.93094295218 
 1502   8238.28113835973 
 1503   8095.24125037563 
 1504   7974.93313645378 
 1505   7885.43133702261 
 1506   7793.46333555701 
 1507   7694.90881567735 
 1508   7586.41182738442 
 1509   7519.09013789735 
 1510   7409.19490253624 
 1511   7344.33027930932 
 1512   7281.16417018912 
 1513   7219.11828170768 
 1514   7123.49272384819 
 1515   7042.74330245619 
 1516   6956.49461764287 
 1517   6891.16494015957 
 1518   6890.49645399043 
 1519   6825.23468336251 
 1520   6750.08668693058 
 1521   6695.80503863813 
 1522   6679.97488916952 
 1523   6632.56729691475 
 1524   6586.19066648624 
 1525   6510.25904937096 
 1526   6445.63720541461 
 1527   6430.17276179328 
 1528   6397.25125328637 
 1529   6350.3253488439 
 1530   6330.43597058597 
 1531   6312.93506431273 
 1532   6279.37913590297 
 1533   6244.22534544603 
 1534   6227.64893169441 
 1535   6211.67552060447 
 1536   6202.02188985784 
 1537   6199.36634291397 
 1538   6221.64343442029 
 1539   6206.44491555975 
 1540   6250.62201550629 
 1541   6276.58155587436 
 1542   6285.62216848135 
 1543   6295.83772902652 
 1544   6283.21177178739 
 1545   6253.88393066476 
 1546   6228.55425218663 
 1547   6193.301125409 
 1548   6095.51384988347 
 1549   5993.77882553313 
 1550   5894.41598351977 
 1551   5842.99109268917 
 1552   5788.06837214576 
 1553   5705.28632697366 
 1554   5636.14624853143 
 1555   5630.12268891061 
 1556   5593.49181106953 
 1557   5567.60410145493 
 1558   5525.27071842466 
 1559   5449.86781530161 
 1560   5406.80187962666 
 1561   5360.97582179369 
 1562   5289.79803464709 
 1563   5247.5765915454 
 1564   5229.75422462748 
 1565   5208.9292632737 
 1566   5186.35728270084 
 1567   5186.59988254002 
 1568   5163.88302647794 
 1569   5171.38190622872 
 1570   5179.72047370034 
 1571   5124.83341357562 
 1572   5092.09702866932 
 1573   5063.73865858553 
 1574   5013.56507877936 
 1575   4979.35373807314 
 1576   4970.97529415097 
 1577   4953.40863869526 
 1578   4943.25289028771 
 1579   4919.6749050623 
 1580   4847.90058220955 
 1581   4837.24925827131 
 1582   4810.84756809461 
 1583   4774.3629595769 
 1584   4739.4033948156 
 1585   4689.81584543606 
 1586   4682.90032415391 
 1587   4719.00741416667 
 1588   4728.74452403034 
 1589   4702.55549538142 
 1590   4692.73757712728 
 1591   4688.31239612124 
 1592   4671.84370646101 
 1593   4655.32870788631 
 1594   4637.30714504751 
 1595   4594.45750028131 
 1596   4577.56557109031 
 1597   4588.47938946885 
 1598   4561.24603182661 
 1599   4551.06626180361 
 1600   4546.58563735795 
 1601   4545.50604289211 
 1602   4537.2363538208 
 1603   4570.94827478306 
 1604   4574.817932873 
 1605   4591.55115980125 
 1606   4624.96399398178 
 1607   4661.9267619931 
 1608   4642.72661017767 
 1609   4636.13108342773 
 1610   4653.96584285389 
 1611   4667.72670656648 
 1612   4676.19968533631 
 1613   4672.45849685626 
 1614   4641.83624814433 
 1615   4673.33020824059 
 1616   4746.51745008638 
 1617   4777.24855167395 
 1618   4788.72442868729 
 1619   4804.97736776164 
 1620   4846.5220163936 
 1621   4866.96716456283 
 1622   4938.14199980945 
 1623   4970.1225367812 
 1624   5075.80042074818 
 1625   5209.59646346566 
 1626   5409.7701634489 
 1627   5630.59102459381 
 1628   5914.37268520035 
 1629   6229.79860090968 
 1630   6662.84101587415 
 1631   7099.79878164854 
 1632   7633.63655231386 
 1633   8210.89157962796 
 1634   8856.14939747233 
 1635   9577.155423379 
 1636   10346.4278372461 
 1637   11044.9661110018 
 1638   11694.3969173199 
 1639   12286.1101468942 
 1640   12758.5630712004 
 1641   12965.9700158358 
 1642   12980.7653605692 
 1643   12917.9379657261 
 1644   12520.2657430019 
 1645   11998.1984611403 
 1646   11326.6646024368 
 1647   10517.5693558057 
 1648   9706.39474599065 
 1649   8903.86915721427 
 1650   8133.78077977901 
 1651   7460.41849391462 
 1652   6898.09409570669 
 1653   6411.77040416857 
 1654   5997.93223965158 
 1655   5725.25019055408 
 1656   5512.92586438632 
 1657   5353.74621614671 
 1658   5238.49587829431 
 1659   5159.27603523379 
 1660   5092.38860990147 
 1661   5072.49657143893 
 1662   5056.10790849757 
 1663   5023.88470898826 
 1664   5026.5869085612 
 1665   5030.14625818105 
 1666   5005.68005927128 
 1667   5005.26793702271 
 1668   5047.52798107112 
 1669   5084.04572066261 
 1670   5131.3686087834 
 1671   5200.64790990877 
 1672   5282.3704516115 
 1673   5385.63047039215 
 1674   5493.50806059473 
 1675   5630.79055696462 
 1676   5766.32449806359 
 1677   5901.2943417728 
 1678   6089.7335514024 
 1679   6302.36730334592 
 1680   6543.56522373235 
 1681   6827.45518838866 
 1682   7129.3290250545 
 1683   7458.75699638584 
 1684   7803.60189394393 
 1685   8127.13247149866 
 1686   8497.37553823796 
 1687   8904.26749787181 
 1688   9293.15274101551 
 1689   9667.8617195339 
 1690   10003.8771490911 
 1691   10375.3102632101 
 1692   10718.070007079 
 1693   10976.5176728101 
 1694   11147.8484400196 
 1695   11268.4076841326 
 1696   11298.50711137 
 1697   11310.4067656127 
 1698   11229.396461333 
 1699   11033.9020630534 
 1700   10783.799549217 
 1701   10557.0060615167 
 1702   10169.4677707611 
 1703   10564.0477422728 
 1704   10466.1874004137 
 1705   10068.7992190055 
 1706   9819.31712338005 
 1707   9519.69503990242 
 1708   9244.77735205501 
 1709   8723.1689596991 
 1710   7996.18703454692 
 1711   7635.37531127407 
 1712   7435.90471294528 
 1713   7190.13429901476 
 1714   7050.62457294018 
 1715   6956.50889249082 
 1716   6821.17650177999 
 1717   6682.62833967672 
 1718   6544.65724491133 
 1719   6411.11983688508 
 1720   6299.9593795209 
 1721   6155.04647322052 
 1722   5984.98198727464 
 1723   5813.18473697259 
 1724   5655.98836110797 
 1725   5497.91217029161 
 1726   5308.86988778923 
 1727   5124.16496472597 
 1728   4946.39899170837 
 1729   4766.1452352608 
 1730   4606.0911325221 
 1731   4424.37377485375 
 1732   4231.06020977657 
 1733   4089.1625725879 
 1734   3932.36756911126 
 1735   3787.95526769897 
 1736   3646.36753007367 
 1737   3510.12765359243 
 1738   3404.5718730721 
 1739   3322.58541241243 
 1740   3210.71515407202 
 1741   3121.15999702506 
 1742   3024.37880568681 
 1743   2927.66963570863 
 1744   2825.73776243933 
 1745   2740.12992491131 
 1746   2655.26842319202 
 1747   2596.49504016956 
 1748   2550.21653572772 
 1749   2488.14025948761 
 1750   2450.08788995477 
 1751   2447.6381755725 
 1752   2419.99555718839 
 1753   2372.14707236312 
 1754   2332.62453205772 
 1755   2280.02755146258 
 1756   2247.06210197084 
 1757   2204.33943902355 
 1758   2155.81960761771 
 1759   2122.12819322299 
 1760   2109.0062893679 
 1761   2096.84869369693 
 1762   2071.38562277743 
 1763   2059.82599274282 
 1764   2032.9106259876 
 1765   2012.63966606204 
 1766   2017.26734616049 
 1767   2008.99619452883 
 1768   1993.57125563213 
 1769   1970.06141912731 
 1770   1954.3513872239 
 1771   1944.70688207946 
 1772   1920.52938619479 
 1773   1906.02372953438 
 1774   1895.0307307827 
 1775   1880.16298656066 
 1776   1885.13043150978 
 1777   1884.26991064354 
 1778   1874.68307565465 
 1779   1872.91945836738 
 1780   1882.41506239114 
 1781   1869.92746530249 
 1782   1865.10728055782 
 1783   1871.28513478772 
 1784   1849.48049462127 
 1785   1840.95506451408 
 1786   1836.74294527098 
 1787   1794.325993094 
 1788   1757.72271397 
 1789   1736.46364952513 
 1790   1718.80554558349 
 1791   1715.71751870354 
 1792   1722.78821052993 
 1793   1711.28472631756 
 1794   1701.41701944518 
 1795   1704.67802484332 
 1796   1700.72315517745 
 1797   1718.38563329449 
 1798   1621.03575340378 
 1799   1529.28720763652 
 1800   1521.08091566106 
 1801   1530.961530156 
 1802   1533.38455810053 
 1803   1513.90264072329 
 1804   1472.30744257977 
 1805   1561.06139516051 
 1806   1610.08094295033 
 1807   1578.8258544286 
 1808   1546.62805424387 
 1809   1546.07585494767 
 1810   1528.85235832722 
 1811   1501.24170781001 
 1812   1503.12118989951 
 1813   1500.88413239507 
 1814   1531.07424010448 
 1815   1531.40456173033 
 1816   1505.2385800742 
 1817   1555.6196819931 
 1818   1575.70215778771 
 1819   1559.03961799648 
 1820   1543.20058187388 
 1821   1530.51625932112 
 1822   1535.98322721761 
 1823   1570.13779274964 
 1824   1520.86000704455 
 1825   1520.75302452247 
 1826   1513.69771918447 
 1827   1505.75075480993 
 1828   1496.26360504508 
 1829   1465.9036474648 
 1830   1443.69287703222 
 1831   1458.36670920325 
 1832   1449.57631713574 
 1833   1447.19260370586 
 1834   1425.98253906737 
 1835   1422.46831989108 
 1836   1409.51136443395 
 1837   1401.3882048488 
 1838   1394.24766762717 
 1839   1388.53890569603 
 1840   1407.21271763775 
 1841   1400.94852102727 
 1842   1421.18698089566 
 1843   1455.18851809927 
 1844   1443.94310529339 
 1845   1449.13011246128 
 1846   1419.21020252626 
 1847   1407.53922366312 
 1848   1387.90947885402 
 1849   1354.81816905135 
 1850   1333.91755227594 
 1851   1332.15709441536 
 1852   1327.06482396921 
 1853   1341.24126717835 
 1854   1327.41405116249 
 1855   1363.15589616912 
 1856   1354.64071135696 
 1857   1357.01546729213 
 1858   1354.62035572999 
 1859   1358.91742634996 
 1860   1360.20907008186 
 1861   1360.31203707105 
 1862   1341.750702472 
 1863   1333.15549178912 
 1864   1340.78146620411 
 1865   1344.20259734833 
 1866   1340.79132176293 
 1867   1338.12589199672 
 1868   1352.45987881266 
 1869   1373.27882720512 
 1870   1398.56505017306 
 1871   1376.30274834078 
 1872   1339.37279922341 
 1873   1366.09567501263 
 1874   1373.54090939767 
 1875   1346.69333331572 
 1876   1345.77024852189 
 1877   1309.32396690215 
 1878   1303.60803164849 
 1879   1299.17384349578 
 1880   1253.80127463401 
 1881   1281.83903482369 
 1882   1264.44813784687 
 1883   1248.85903575098 
 1884   1265.88217943618 
 1885   1292.74172963613 
 1886   1310.86517367655 
 1887   1323.29022809619 
 1888   1317.732800398 
 1889   1335.41751115555 
 1890   1351.21573908076 
 1891   1334.98793412078 
 1892   1308.35994610244 
 1893   1303.04602005897 
 1894   1267.39234617757 
 1895   1232.07141047509 
 1896   1196.13023000116 
 1897   1176.23848382398 
 1898   1173.37701940172 
 1899   1163.67097861817 
 1900   1145.69538866349 
 1901   1151.18103070516 
 1902   1187.69280146224 
 1903   1186.36264054855 
 1904   1151.67123929568 
 1905   1155.79628995095 
 1906   1152.93771507034 
 1907   1141.34866269986 
 1908   1128.56043988419 
 1909   1115.26738702246 
 1910   1127.91179880283 
 1911   1153.8681109736 
 1912   1165.60844671869 
 1913   1166.99777343341 
 1914   1182.0644459422 
 1915   1173.23943306818 
 1916   1177.80023276913 
 1917   1178.97196731581 
 1918   1135.99965322921 
 1919   1145.98181485907 
 1920   1137.439904343 
 1921   1151.17441333169 
 1922   1155.06301095042 
 1923   2200.38506968462 
 1924   2137.02805044208 
 1925   2154.10785514128 
 1926   2121.12819076048 
 1927   2130.75176222233 
 1928   1915.20822522679 
 1929   1253.10987968193 
 1930   952.421646101868 
 1931   978.444854619578 
 1932   946.702289085718 
 1933   939.270618094758 
 1934   946.309392472555 
 1935   931.084689761846 
 1936   931.258351705659 
 1937   950.785097974823 
 1938   959.550538648396 
 1939   973.838016872584 
 1940   931.92838099811 
 1941   927.18924454343 
 1942   940.660960792459 
 1943   934.388711823538 
 1944   928.142977830343 
 1945   940.506441546692 
 1946   896.288698161237 
 1947   1185.40248681774 
 1948   1356.51439435412 
 1949   1318.21665602671 
 1950   1333.83603303882 
 1951   1337.60401203624 
 1952   1321.64457901906 
 1953   1320.06986993721 
 1954   931.67758261804 
 1955   936.094403651179 
 1956   913.114140414574 
 1957   904.324014880281 
 1958   890.516607828742 
 1959   894.912374851559 
 1960   886.08895276433 
 1961   884.400847297726 
 1962   879.820924927455 
 1963   866.038981308567 
 1964   853.605017897003 
 1965   830.363761981101 
 1966   818.684847841873 
 1967   829.018024845985 
 1968   823.026610100885 
 1969   818.757465318041 
 1970   819.354835520896 
 1971   817.828519878976 
 1972   822.032930702424 
 1973   794.882856338367 
 1974   778.047855683177 
 1975   790.053135316277 
 1976   794.631730504216 
 1977   798.42999699599 
 1978   815.774831940509 
 1979   825.899562399584 
 1980   830.31374342484 
 1981   841.071614999343 
 1982   808.088829185505 
 1983   788.835070839655 
 1984   765.55052898335 
 1985   733.54456348708 
 1986   731.975037128015 
 1987   702.505124122998 
 1988   667.436020788104 
 1989   670.92509859775 
 1990   678.37992257913 
 1991   663.663532324089 
 1992   655.557692241243 
 1993   642.13793099881 
 1994   688.765469923808 
 1995   708.326825839119 
 1996   712.848486780352 
 1997   712.974914062663 
 1998   710.906711330475 
 1999   714.675728315859 
 2000   704.697214454538 
 2001   688.815677496113 
 2002   703.855157508601 
 2003   685.405314784725 
 2004   699.169488055717 
 2005   688.798736168703 
 2006   684.026386433958 
 2007   691.842016675078 
 2008   691.147378974361 
 2009   666.895401787703 
 2010   682.03491993544 
 2011   707.865083954087 
 2012   713.446452480519 
 2013   676.798345510121 
 2014   648.594026139251 
 2015   647.839267881828 
 2016   646.421720876454 
 2017   612.084471933212 
 2018   603.103642905493 
 2019   633.955703150429 
 2020   642.733142935889 
 2021   620.989980880675 
 2022   614.960475033517 
 2023   592.907298649816 
 2024   557.664132117472 
 2025   555.078972199285 
 2026   543.793048598627 
 2027   581.521583976538 
 2028   554.427451111613 
 2029   565.016751829896 
 2030   590.953081304719 
 2031   606.157798662877 
 2032   605.031787398747 
 2033   578.46650297301 
 2034   568.137365135431 
 2035   564.130132832261 
 2036   576.739762384258 
 2037   570.431763486506 
 2038   563.832768459082 
 2039   547.315337618938 
 2040   558.124909160576 
 2041   551.093711704241 
 2042   548.358587674041 
 2043   529.530024176215 
 2044   530.062942040695 
 2045   509.991989219753 
 2046   509.172664285977 
 2047   493.575022594773 
 2048   493.563108627169 
 2049   499.915623039173 
 2050   478.117937559848 
 2051   463.557376996878 
 2052   482.567209412249 
 2053   511.429085449974 
 2054   505.151886433431 
 2055   489.685626513914 
 2056   488.987631120207 
 2057   533.003704756188 
 2058   499.946237531879 
 2059   480.851469985375 
 2060   466.005313229972 
 2061   458.918078227362 
 2062   496.007223033499 
 2063   496.271844642103 
 2064   488.964148207655 
 2065   489.61250519424 
 2066   497.708717128874 
 2067   505.717603698971 
 2068   487.275212179777 
 2069   418.85584873279 
 2070   403.027803338757 
 2071   414.043179573112 
 2072   436.153155206009 
 2073   438.677939794253 
 2074   427.795431513458 
 2075   444.201767014398 
 2076   481.686870516189 
 2077   474.820323073027 
 2078   442.977833151585 
 2079   413.482602557601 
 2080   445.423117762375 
 2081   459.616325377438 
 2082   438.599487056114 
 2083   458.97767344832 
 2084   471.50273016139 
 2085   454.491762932225 
 2086   433.527317556929 
 2087   397.672843538509 
 2088   401.693424090618 
 2089   377.400277265023 
 2090   350.383180761958 
 2091   364.162733482684 
 2092   340.250883602177 
 2093   330.275556510058 
 2094   312.764119204765 
 2095   297.261270933097 
 2096   311.119237578587 
 2097   285.916676773129 
 2098   307.975168952195 
 2099   319.898197972532 
 2100   335.177543321264 
 2101   367.843826195382 
 2102   350.002436245872 
 2103   359.61264937152 
 2104   388.644908626813 
 2105   374.357284872875 
 2106   367.269937463595 
 2107   336.272516910471 
 2108   391.057589648319 
 2109   403.79908740877 
 2110   386.220880269073 
 2111   382.519544123957 
 2112   388.689601638381 
 2113   382.099736495954 
 2114   357.246899310159 
 2115   357.840783067486 
 2116   401.297722036339 
 2117   392.24657210181 
 2118   412.191873350623 
 2119   428.320869092562 
 2120   408.481332850447 
 2121   399.844028239267 
 2122   355.173169301422 
 2123   330.077868453214 
 2124   300.786963149372 
 2125   284.538633684875 
 2126   296.925237814406 
 2127   277.626945765184 
 2128   263.287040932261 
 2129   289.83207764666 
 2130   325.964560445183 
 2131   313.414916496858 
 2132   320.466459688417 
 2133   320.638777200552 
 2134   326.027877399944 
 2135   300.517917344937 
 2136   285.698007405359 
 2137   272.725467851483 
 2138   264.094241602106 
 2139   272.500909293008 
 2140   243.907007320498 
 2141   286.926004866272 
 2142   269.506570571389 
 2143   284.839291117302 
 2144   287.233457494677 
 2145   268.625723132801 
 2146   291.249714343931 
 2147   270.391933688857 
 2148   276.923825554248 
 2149   267.543330033057 
 2150   261.701873394555 
 2151   264.364330513538 
 2152   262.836631732012 
 2153   256.476551003357 
 2154   255.070865684418 
 2155   398.82903402645 
 2156   1184.00219977421 
 2157   1499.67486842717 
 2158   1460.3931065308 
 2159   1465.15156703998 
 2160   1450.24818026349 
 2161   1525.79746358607 
 2162   1173.1882013533 
 2163   191.974119259141 
 2164   336.679952725466 
 2165   318.950980744443 
 2166   321.177265052461 
 2167   293.371330123021 
 2168   277.591717307518 
 2169   273.047677398667 
 2170   279.582332083897 
 2171   248.575190540257 
 2172   246.285273517438 
 2173   279.464494951568 
 2174   253.816696208754 
 2175   265.127619373442 
 2176   253.626698233408 
 2177   294.638012935772 
 2178   290.488391999612 
 2179   266.793278572336 
 2180   267.707471035019 
 2181   287.927219843609 
 2182   283.504480608633 
 2183   263.279774853225 
 2184   244.618407493639 
 2185   243.82295182581 
 2186   239.611344536009 
 2187   209.923904565254 
 2188   208.862148988385 
 2189   210.742915058212 
 2190   214.793701819063 
 2191   219.180009137781 
 2192   256.887733496937 
 2193   255.289157669849 
 2194   269.813491010334 
 2195   259.059264493808 
 2196   255.554837058085 
 2197   255.92307441033 
 2198   240.105353247894 
 2199   229.968216042567 
 2200   244.595614442383 
 2201   255.986078730431 
 2202   269.757575577293 
 2203   265.792040254557 
 2204   266.620546918667 
 2205   264.123659814089 
 2206   243.205148150222 
 2207   247.332031635159 
 2208   267.190343517268 
 2209   278.781807872297 
 2210   270.696976620704 
 2211   288.043335177402 
 2212   280.485926074809 
 2213   286.171550725993 
 2214   268.717375198356 
 2215   258.982108435046 
 2216   244.606080473148 
 2217   228.961048175323 
 2218   242.829669135112 
 2219   228.534803194587 
 2220   231.323746300595 
 2221   261.55582708334 
 2222   294.249238142683 
 2223   306.420951240382 
 2224   296.845599712978 
 2225   279.133044594504 
 2226   266.7354993912 
 2227   226.47307622498 
 2228   189.093335120019 
 2229   191.544831866418 
 2230   174.663012917851 
 2231   190.820931267642 
 2232   186.987095168547 
 2233   176.990417633487 
 2234   179.907639631696 
 2235   170.518277484566 
 2236   182.375689532168 
 2237   199.062466135583 
 2238   224.277971372309 
 2239   217.71168618783 
 2240   239.55389851569 
 2241   254.976054593763 
 2242   212.564944148555 
 2243   214.633012720871 
 2244   199.427667822267 
 2245   229.478671496247 
 2246   191.42628293707 
 2247   197.352012641212 
 2248   229.193052278169 
 2249   219.819479043565 
 2250   235.99827836122 
 2251   241.062659779436 
 2252   235.028422934362 
 2253   218.545695837941 
 2254   216.642797787144 
 2255   197.819036760977 
 2256   173.848603007577 
 2257   160.703185443933 
 2258   185.379972831337 
 2259   199.604018300748 
 2260   218.184884753071 
 2261   235.162607447455 
 2262   248.634247248315 
 2263   263.202877571578 
 2264   260.428666496384 
 2265   266.946349762693 
 2266   264.388202064624 
 2267   257.337435189087 
 2268   237.483814591756 
 2269   205.215806454723 
 2270   180.366323086231 
 2271   160.376834697406 
 2272   181.127456801155 
 2273   190.27443575406 
 2274   188.891836818599 
 2275   234.970416436502 
 2276   247.95479132508 
 2277   241.042228657202 
 2278   210.864316762065 
 2279   209.857862295144 
 2280   217.953832578719 
 2281   195.813114882957 
 2282   212.320106859642 
 2283   222.754128777139 
 2284   203.680332051723 
 2285   204.156065049383 
 2286   210.764496599276 
 2287   228.756486752908 
 2288   247.741982227379 
 2289   250.850229111885 
 2290   260.938221814855 
 2291   259.7078807188 
 2292   240.864010876393 
 2293   234.49759950667 
 2294   216.661924741277 
 2295   221.348515077796 
 2296   197.515367312317 
 2297   208.373257022235 
 2298   228.233890140506 
 2299   215.904561927405 
 2300   219.072427648544 
 2301   221.999899354561 
 2302   253.694639181685 
 2303   236.577518544394 
 2304   221.150837393351 
 2305   202.528025866505 
 2306   180.687138265463 
 2307   187.517606215058 
 2308   175.591310925281 
 2309   186.823278865673 
 2310   218.794529610815 
 2311   238.848512912873 
 2312   240.563685537923 
 2313   224.114925058749 
 2314   215.03025479461 
 2315   179.702940174207 
 2316   135.598396832266 
 2317   126.348216121126 
 2318   134.656668127526 
 2319   133.355446083808 
 2320   141.912742739587 
 2321   185.645527001409 
 2322   194.522231051501 
 2323   203.173195762083 
 2324   216.716894325415 
 2325   237.027517157014 
 2326   232.095039434227 
 2327   214.465942363715 
 2328   226.618863414816 
 2329   204.297771086982 
 2330   188.575027268717 
 2331   159.13516090323 
 2332   180.618087463498 
 2333   148.311256025027 
 2334   145.269520980971 
 2335   172.62243473714 
 2336   169.178836212389 
 2337   186.961034767848 
 2338   178.218797117967 
 2339   239.74603703159 
