05-29-2020  14:06:44
Wavenumber (cm-1)  CCD Output
 251   839.206066208969 
 252   854.225645500531 
 253   865.429157530757 
 254   866.402553645655 
 255   869.073470850037 
 256   879.838396401495 
 257   897.093508096736 
 258   926.407594099339 
 259   951.293809853169 
 260   938.064922703957 
 261   915.761184240807 
 262   912.763907397272 
 263   923.88906648384 
 264   932.396260089516 
 265   932.319455611945 
 266   938.378984275909 
 267   936.117834899772 
 268   913.88695124007 
 269   894.217689952981 
 270   882.616636340415 
 271   876.192176543352 
 272   879.90358625369 
 273   885.749728727098 
 274   882.24262944378 
 275   874.581508429729 
 276   868.750677403369 
 277   868.425488613857 
 278   874.836464356042 
 279   882.586386877521 
 280   885.803646071377 
 281   896.999296989158 
 282   910.915974146818 
 283   906.037587670999 
 284   890.027294027262 
 285   875.926276872225 
 286   870.206783764362 
 287   863.974755862032 
 288   852.340792856331 
 289   841.187309122731 
 290   830.791694478253 
 291   820.965953891548 
 292   814.545484518084 
 293   815.71969835115 
 294   824.146137772168 
 295   831.805601651639 
 296   835.698044614345 
 297   834.964121059823 
 298   828.892338809249 
 299   827.644982296843 
 300   836.0815958189 
 301   837.571273052251 
 302   828.357046299351 
 303   817.802210238432 
 304   822.296533353781 
 305   833.380360549399 
 306   833.435873186741 
 307   824.349423692565 
 308   819.854034521707 
 309   831.061289695366 
 310   845.458897244085 
 311   857.13593113674 
 312   863.230372233342 
 313   847.344800935323 
 314   820.283141675218 
 315   804.960476079885 
 316   785.944465163911 
 317   774.442981721331 
 318   793.32155397326 
 319   801.105868622424 
 320   780.855915894462 
 321   752.588046062723 
 322   737.958787155761 
 323   743.541489182385 
 324   759.513375047876 
 325   770.894844005691 
 326   781.658215903547 
 327   806.251727628742 
 328   815.979304179352 
 329   806.007296327593 
 330   804.929975838022 
 331   817.20549726577 
 332   835.959128247931 
 333   851.658545529112 
 334   863.211860812142 
 335   865.687863688616 
 336   853.689435810551 
 337   854.498064323049 
 338   853.031459531713 
 339   796.120574712405 
 340   754.587754148754 
 341   759.235093956596 
 342   752.178544459516 
 343   727.876016757693 
 344   707.947103726275 
 345   714.930823205012 
 346   722.031336090257 
 347   713.569496886642 
 348   709.86524102647 
 349   736.193297677882 
 350   777.85217622826 
 351   782.184646700688 
 352   771.84154360481 
 353   776.448385104474 
 354   795.255568155283 
 355   797.258930311374 
 356   782.388372957696 
 357   789.832108860067 
 358   795.675294004869 
 359   783.894837339023 
 360   775.718171245569 
 361   790.933523893128 
 362   821.413043454663 
 363   831.631516727713 
 364   815.118878922046 
 365   792.843513265233 
 366   796.495519449722 
 367   806.145771906933 
 368   803.756613901809 
 369   796.687906062645 
 370   809.777293769102 
 371   829.936819072719 
 372   811.966085496578 
 373   786.21357784747 
 374   792.226377690592 
 375   838.329967622671 
 376   862.40408520227 
 377   851.797128232566 
 378   852.956272981727 
 379   860.201119199416 
 380   866.406631708949 
 381   873.462912707934 
 382   869.362242340775 
 383   860.084131003288 
 384   858.014188583802 
 385   828.72921979393 
 386   795.715126544552 
 387   812.916301620514 
 388   833.729467312718 
 389   839.616173099332 
 390   847.255328644226 
 391   854.739115263075 
 392   866.337240926164 
 393   887.949801517156 
 394   909.553828343684 
 395   940.305013641303 
 396   990.789174124715 
 397   1036.25915518545 
 398   1073.26569502986 
 399   1112.28721993482 
 400   1154.1309689291 
 401   1194.65575741388 
 402   1232.66242631276 
 403   1276.64383671773 
 404   1325.34970561297 
 405   1374.31374385785 
 406   1424.29177853939 
 407   1474.87368193874 
 408   1530.14471630584 
 409   1602.66219616837 
 410   1699.04377882788 
 411   1805.54168926514 
 412   1893.6757146454 
 413   2008.94232359324 
 414   2156.18815520607 
 415   2258.19668724343 
 416   2314.82507126728 
 417   2343.28970501658 
 418   2346.59944568042 
 419   2324.16065612288 
 420   2265.28442990034 
 421   2161.79029728784 
 422   2052.9583240666 
 423   1921.71778520409 
 424   1724.94783001529 
 425   1549.35324512944 
 426   1423.18448581435 
 427   1313.15370016962 
 428   1217.12333423291 
 429   1132.9315772302 
 430   1057.09062354356 
 431   994.095537458068 
 432   950.86718098376 
 433   929.379754709375 
 434   920.651631616181 
 435   925.127796481389 
 436   942.246490365406 
 437   954.501437376902 
 438   910.817669769382 
 439   826.339435486122 
 440   814.616259847779 
 441   844.701236385685 
 442   868.516417182411 
 443   891.190710252659 
 444   924.17259049672 
 445   952.927382945477 
 446   947.371418816301 
 447   932.418930565561 
 448   957.560771625416 
 449   1038.98945370644 
 450   1064.07846299007 
 451   1039.30358169088 
 452   1039.92487097296 
 453   1035.59995026876 
 454   1021.69925602866 
 455   1012.55593381696 
 456   1006.31332593441 
 457   1011.23096959609 
 458   1020.8841080583 
 459   1004.34346469907 
 460   1006.23453746083 
 461   1037.11390892454 
 462   1031.89473179868 
 463   1014.70135517385 
 464   1005.34622269313 
 465   992.002469883625 
 466   997.247105123981 
 467   1009.51674596719 
 468   1000.4752068688 
 469   1010.87475656158 
 470   1023.64909421827 
 471   1005.28888733324 
 472   1007.43835749481 
 473   1029.28971325841 
 474   1047.4871310595 
 475   1066.96930873288 
 476   1071.49387193105 
 477   1060.90641675266 
 478   1068.37440710125 
 479   1079.90002322856 
 480   1083.7206540575 
 481   1087.64451071709 
 482   1081.02447591174 
 483   1070.29057463112 
 484   1070.66073704024 
 485   1060.32163186525 
 486   1047.43665217182 
 487   1049.94335134824 
 488   1045.95902248933 
 489   1043.77377690073 
 490   1055.3878147341 
 491   1064.81596664248 
 492   1075.5604256004 
 493   1082.45088716519 
 494   1063.67728051085 
 495   1042.92218333443 
 496   1035.13855454426 
 497   1030.00488911388 
 498   1018.43975090386 
 499   999.119096212561 
 500   979.820521746165 
 501   974.447012326839 
 502   969.794261892647 
 503   953.757378867457 
 504   946.718379578414 
 505   939.920848842302 
 506   925.497553953859 
 507   916.046927165711 
 508   907.738312391465 
 509   892.609113440475 
 510   869.448655529753 
 511   853.615155653642 
 512   849.946602511873 
 513   847.773062733802 
 514   830.839933798834 
 515   827.815924997421 
 516   852.531372377782 
 517   847.650444141127 
 518   819.096464860643 
 519   794.492745788226 
 520   784.360832864987 
 521   778.957311432258 
 522   769.610622673395 
 523   758.984017926152 
 524   762.859904748036 
 525   778.235929354395 
 526   795.183497199547 
 527   823.476768690992 
 528   869.948024974271 
 529   929.237069876171 
 530   982.358668276246 
 531   1018.08904603141 
 532   1042.38153577389 
 533   1070.83871956965 
 534   1093.93647362114 
 535   1096.33844674702 
 536   1071.10503977433 
 537   1031.61224850223 
 538   987.654254198226 
 539   942.641082308702 
 540   896.029449077107 
 541   849.185904352452 
 542   806.521605748704 
 543   772.405378683047 
 544   740.54245890478 
 545   714.100598614137 
 546   702.71275608212 
 547   702.733525925898 
 548   696.020497034199 
 549   680.339038100617 
 550   689.527905367488 
 551   711.736535687615 
 552   725.404790791858 
 553   725.922446575057 
 554   722.553602172007 
 555   718.934282982807 
 556   712.021648615964 
 557   703.093536470448 
 558   704.231638714182 
 559   718.289368069384 
 560   722.913092898479 
 561   707.456071849841 
 562   679.655674592727 
 563   660.117876550324 
 564   658.954808104352 
 565   669.864357104402 
 566   677.56999232016 
 567   673.800291506801 
 568   668.157587011199 
 569   665.745649502782 
 570   653.405885336662 
 571   636.924623705234 
 572   630.109933579645 
 573   641.541789229146 
 574   658.419731430285 
 575   657.465551056009 
 576   639.950628673605 
 577   656.95007724602 
 578   682.231033282096 
 579   685.554187123823 
 580   683.549354670459 
 581   693.41884249833 
 582   705.295095313867 
 583   696.653843438255 
 584   675.229293835407 
 585   665.512043627024 
 586   674.846458755357 
 587   674.594856319218 
 588   659.097747241277 
 589   647.485754797206 
 590   660.280268782355 
 591   669.711940797135 
 592   672.884019123696 
 593   681.831405244194 
 594   690.773789456503 
 595   702.28816324423 
 596   714.493314984304 
 597   718.077015585094 
 598   719.572052758526 
 599   721.221609570721 
 600   714.951462042368 
 601   693.734792413145 
 602   723.4276123604 
 603   711.210549048255 
 604   421.072676795778 
 605   243.410069236741 
 606   269.772746717408 
 607   260.299566102119 
 608   262.043650566322 
 609   257.501432034535 
 610   225.970074957099 
 611   220.993173128652 
 612   183.893710539252 
 613   248.327909971885 
 614   560.564145879391 
 615   685.956745400852 
 616   653.362658157052 
 617   669.168187601004 
 618   670.17853094704 
 619   671.615609173344 
 620   689.412836693174 
 621   700.80118043929 
 622   684.332328557718 
 623   661.894380212229 
 624   657.986489203219 
 625   655.441502203433 
 626   643.013695953289 
 627   634.539614858782 
 628   651.85847151095 
 629   672.881069936929 
 630   687.624585109354 
 631   707.644703409287 
 632   752.471887022339 
 633   803.725059265121 
 634   846.747158534662 
 635   890.940537911767 
 636   958.060623178146 
 637   1018.37147071985 
 638   1050.92954338035 
 639   1097.18024816151 
 640   1151.8927411533 
 641   1188.65042909734 
 642   1191.94742795804 
 643   1183.73225461596 
 644   1165.42716727539 
 645   1124.85502353238 
 646   1059.62069537394 
 647   997.917533414711 
 648   948.348831340506 
 649   898.231999562573 
 650   847.747972543346 
 651   789.080155906368 
 652   733.528257426777 
 653   714.677705012481 
 654   709.562701253539 
 655   690.264442764087 
 656   690.987837400997 
 657   827.050028141154 
 658   929.432416366415 
 659   908.24654491248 
 660   907.592369749814 
 661   933.525125349925 
 662   964.346981441549 
 663   985.085493010665 
 664   989.546661725986 
 665   1015.77306222731 
 666   999.598975358373 
 667   858.735819305185 
 668   817.934358476465 
 669   850.130562429194 
 670   845.219977595252 
 671   843.284237439961 
 672   819.155975870419 
 673   786.520546729047 
 674   784.396123254757 
 675   781.355306039584 
 676   776.235585352481 
 677   768.585302855737 
 678   743.412076245389 
 679   721.657418570316 
 680   712.799130718483 
 681   721.872166383154 
 682   765.478484175577 
 683   820.906217702602 
 684   879.538725638824 
 685   958.72363430996 
 686   1064.37364826667 
 687   1181.86264499896 
 688   1297.12117072955 
 689   1411.11076267956 
 690   1522.94145515049 
 691   1596.12866698371 
 692   1615.48428000742 
 693   1646.21237214095 
 694   1650.85304886059 
 695   1598.99256104027 
 696   1509.47140694378 
 697   1388.11553046326 
 698   1260.81621024364 
 699   1143.97296484537 
 700   1029.72231955823 
 701   942.145198376229 
 702   868.98753541508 
 703   791.396830592808 
 704   740.000545898541 
 705   703.710408105095 
 706   688.248205504308 
 707   709.434598560024 
 708   717.02604954177 
 709   716.183916548788 
 710   721.293546781924 
 711   716.30129668744 
 712   705.505729491472 
 713   680.89702405525 
 714   683.700643970855 
 715   763.00759973172 
 716   450.336636569405 
 717   49.6483697936108 
 718   81.894748140317 
 719  -203.636711511111 
 720   711.681800080337 
 721   2495.86742653723 
 722   2564.50445111383 
 723   2391.95305565359 
 724   2533.30744177276 
 725   2500.7344757926 
 726   2049.4172946019 
 727   1784.86968176116 
 728   1916.75775452404 
 729   1901.46476515882 
 730   1013.37421600132 
 731   499.380882712616 
 732   674.564703333782 
 733   688.917263749876 
 734   683.454803020031 
 735   709.025644772444 
 736   722.061624929855 
 737   712.626450563123 
 738   695.138824775341 
 739   690.356509251917 
 740   702.234218813438 
 741   708.271762479831 
 742   687.221902800944 
 743   667.6056640143 
 744   670.767147753093 
 745   659.053215767208 
 746   662.167859775813 
 747   677.868301669056 
 748   676.541938071167 
 749   669.819684050396 
 750   667.531762933932 
 751   675.446676463656 
 752   690.414811363452 
 753   693.402744922611 
 754   695.201027890767 
 755   698.57184979422 
 756   691.863555223921 
 757   699.714688266233 
 758   714.71391039322 
 759   719.211274956731 
 760   715.375334738821 
 761   717.686085301468 
 762   716.828674174597 
 763   703.013242183816 
 764   692.315312796768 
 765   698.688509557597 
 766   711.165005162214 
 767   712.866740221162 
 768   707.814084309417 
 769   701.828865665276 
 770   708.270299190006 
 771   725.810656454312 
 772   721.983746968697 
 773   728.950114843576 
 774   738.925005621738 
 775   718.782542442195 
 776   709.212254431847 
 777   717.011286161902 
 778   731.703797871035 
 779   744.269247940954 
 780   748.735966656509 
 781   753.237771898793 
 782   763.309736499814 
 783   777.254627601658 
 784   797.835985299099 
 785   808.967799207198 
 786   805.218952908185 
 787   802.41188347944 
 788   803.920921286584 
 789   786.590962113423 
 790   764.768320147804 
 791   781.015110646939 
 792   771.43833781077 
 793   755.310091546256 
 794   761.083512033896 
 795   760.098681291464 
 796   758.368548297588 
 797   748.878044814529 
 798   737.832327472063 
 799   749.372107611972 
 800   744.953905930949 
 801   724.129889145235 
 802   708.508093859084 
 803   702.405796895569 
 804   701.106673060834 
 805   697.270718489295 
 806   694.792995186138 
 807   704.838868893919 
 808   703.539096050839 
 809   697.655750385818 
 810   704.927315989924 
 811   719.465277733242 
 812   725.964093464276 
 813   724.763012901242 
 814   723.314976613154 
 815   720.610947459149 
 816   708.013603945758 
 817   699.05836377409 
 818   695.080317544091 
 819   675.893244437763 
 820   682.480713647033 
 821   691.681374888005 
 822   673.943018984239 
 823   654.988291699871 
 824   642.455183931385 
 825   643.226290508958 
 826   643.645761258173 
 827   618.797333699436 
 828   607.591869350158 
 829   588.439667163763 
 830   554.785370974639 
 831   550.010187609455 
 832   540.209136674448 
 833   533.712079450997 
 834   535.347150798934 
 835   522.440671351131 
 836   518.38819805733 
 837   529.439673911053 
 838   548.741089016672 
 839   566.639532718787 
 840   571.546674546138 
 841   595.356703218046 
 842   622.46214016137 
 843   616.92964255289 
 844   654.513585032578 
 845   692.328637884959 
 846   733.407751268369 
 847   750.918279885362 
 848   616.012564567238 
 849   1250.67568035804 
 850   2280.00650766527 
 851   2748.11334434096 
 852   3315.02078461064 
 853   3517.85789076867 
 854   3415.79928412364 
 855   3405.14701160364 
 856   3313.16415356762 
 857   3607.97962179402 
 858   2772.38381976122 
 859   673.769816468857 
 860   460.771248626177 
 861   628.964846625146 
 862   566.63718511566 
 863   595.575948208821 
 864   607.332105599341 
 865   629.731820582609 
 866   656.247854071054 
 867   675.426823731228 
 868   704.001513821705 
 869   736.183934711316 
 870   766.500949418379 
 871   800.727015276902 
 872   836.484224823046 
 873   843.326434306761 
 874   850.685325938586 
 875   863.127854927058 
 876   864.335826473881 
 877   865.461049197344 
 878   840.426986577348 
 879   806.409812344741 
 880   779.144393732165 
 881   732.84519737193 
 882   708.537561764534 
 883   689.081321557852 
 884   667.77407625382 
 885   677.184742012734 
 886   676.296614596278 
 887   676.024734823725 
 888   676.54868780834 
 889   662.370082550345 
 890   669.364507816072 
 891   680.645647453296 
 892   680.542033675468 
 893   668.507338517815 
 894   643.346808761551 
 895   629.867293659917 
 896   626.580883911022 
 897   625.159923357816 
 898   630.73557592036 
 899   625.898696370888 
 900   622.536751861439 
 901   627.454927814194 
 902   630.794467715623 
 903   641.612657391582 
 904   657.379327014674 
 905   652.80731657327 
 906   631.012560340215 
 907   650.540435100083 
 908   665.163901793328 
 909   668.716140455812 
 910   681.20505587643 
 911   694.565290008235 
 912   706.185441744595 
 913   705.244829436339 
 914   715.867108228321 
 915   757.838115444246 
 916   760.51425537796 
 917   752.957273877292 
 918   763.792981934685 
 919   780.057617187498 
 920   781.455300575097 
 921   776.187650769242 
 922   779.147294059162 
 923   777.049242964097 
 924   753.912818195985 
 925   768.916574363658 
 926   803.588648932136 
 927   820.609511805216 
 928   821.540691285 
 929   839.66514055068 
 930   868.236105629972 
 931   887.991090488325 
 932   896.696372039859 
 933   911.595114347918 
 934   935.762401110603 
 935   949.767367949677 
 936   949.161398858106 
 937   947.89656568271 
 938   948.475897159119 
 939   948.628783774147 
 940   950.677569833829 
 941   964.763052997739 
 942   993.23642387774 
 943   1000.41835277868 
 944   982.394474983477 
 945   972.50928893716 
 946   994.508105599446 
 947   1015.54186901472 
 948   1013.98860886189 
 949   1013.23624709998 
 950   1025.81609630491 
 951   1023.08642546733 
 952   1015.68768948774 
 953   1043.25888410232 
 954   1078.40005672981 
 955   1076.13825278403 
 956   1086.55759102963 
 957   1102.70042814519 
 958   1118.77345064448 
 959   1138.65191325237 
 960   1160.40533876922 
 961   1177.91484349914 
 962   1175.97069629026 
 963   1177.74577253099 
 964   1199.8442582389 
 965   1203.53145168133 
 966   1218.37323270151 
 967   1230.44859177529 
 968   1239.36942262428 
 969   1265.96817582128 
 970   1271.89649463009 
 971   1315.40559840912 
 972   1366.09296443661 
 973   1387.53119075603 
 974   1437.48534085089 
 975   1480.05051699823 
 976   1530.59360741053 
 977   1587.5124993402 
 978   1632.46379937655 
 979   1684.4448796749 
 980   1691.86327822259 
 981   1715.49276869498 
 982   1778.60548904566 
 983   1815.9328748017 
 984   1869.95808382424 
 985   1947.26324554204 
 986   2000.44050318045 
 987   2052.71956893668 
 988   2191.87294020363 
 989   2296.52219616206 
 990   2372.65947188074 
 991   2459.26941515172 
 992   2551.75056568596 
 993   2636.59626635079 
 994   2710.17710457881 
 995   2774.66273966143 
 996   2830.37444773757 
 997   2889.85161044813 
 998   2991.86064269713 
 999   3138.55627924172 
 1000   3307.8216998892 
 1001   3489.05018688324 
 1002   3698.41621299427 
 1003   3956.73140461844 
 1004   4265.24137939131 
 1005   4575.94910387665 
 1006   4885.25133969019 
 1007   5248.08685955362 
 1008   5597.33069788441 
 1009   5984.32814757602 
 1010   6396.61231152526 
 1011   6813.34157710667 
 1012   7308.61574201944 
 1013   7794.0434407177 
 1014   8357.86696387327 
 1015   9016.84853976919 
 1016   9691.61652645627 
 1017   10413.4603858238 
 1018   11210.0106027966 
 1019   12124.5826313538 
 1020   13086.6190408165 
 1021   14035.9872606013 
 1022   15116.9286751047 
 1023   16234.0723710551 
 1024   17366.1510586041 
 1025   18534.0482874236 
 1026   19707.3848225013 
 1027   20840.7320829584 
 1028   21895.4016715087 
 1029   22790.44605882 
 1030   23598.1083896214 
 1031   24454.2866005515 
 1032   25199.4947150411 
 1033   25753.1394467056 
 1034   26146.8479064605 
 1035   26396.0925288308 
 1036   26430.3600027371 
 1037   26220.6175013212 
 1038   26022.2524005787 
 1039   25574.6399598443 
 1040   24721.7297037632 
 1041   23754.9893170039 
 1042   22662.3163689782 
 1043   21422.4147909004 
 1044   20035.159708933 
 1045   18720.4298969403 
 1046   17662.9804096109 
 1047   16480.6848447944 
 1048   15235.6476398259 
 1049   13983.4774240241 
 1050   12756.1888261331 
 1051   11635.3775947345 
 1052   10616.4932825783 
 1053   9747.26466460542 
 1054   8821.11636832441 
 1055   7889.37523775532 
 1056   7176.06451285406 
 1057   6417.92499904124 
 1058   5924.00525660483 
 1059   5609.01953656304 
 1060   5258.54657737572 
 1061   4919.15391695436 
 1062   4691.78233882283 
 1063   4487.07416671834 
 1064   4282.89313499086 
 1065   4140.24968367778 
 1066   4058.74857362042 
 1067   3945.83867616727 
 1068   3879.02858796557 
 1069   3741.21702962879 
 1070   4030.57755209793 
 1071   4758.19196308592 
 1072   4721.75874678091 
 1073   4658.75938862974 
 1074   4620.60144378582 
 1075   4559.60318469711 
 1076   4543.85930391944 
 1077   4510.62387954544 
 1078   4582.71374648603 
 1079   3949.10505616912 
 1080   3359.54272094317 
 1081   3453.79113834318 
 1082   3434.4727633924 
 1083   3421.73320654175 
 1084   3412.91315219306 
 1085   3411.47810248245 
 1086   3434.48574717766 
 1087   3467.63859336462 
 1088   3517.02177338933 
 1089   3556.90206184126 
 1090   3578.08088185866 
 1091   3608.57811574731 
 1092   3668.88484555564 
 1093   3729.08144993827 
 1094   3768.04784235241 
 1095   3832.87490060113 
 1096   3890.3674743801 
 1097   3917.76303154362 
 1098   3976.77098791922 
 1099   4032.83995502884 
 1100   4080.24225225724 
 1101   4118.74731844318 
 1102   4150.35394598184 
 1103   4172.9840814143 
 1104   4175.7152917302 
 1105   4204.8419142482 
 1106   4251.05502335756 
 1107   4281.80533118862 
 1108   4292.3668963178 
 1109   4303.56906301095 
 1110   4325.34142393918 
 1111   4349.26400028698 
 1112   4385.04285435217 
 1113   4371.93002428396 
 1114   4380.99504518068 
 1115   4827.17658486197 
 1116   5401.69074614278 
 1117   5611.21351597533 
 1118   5529.89107552419 
 1119   5493.52592941333 
 1120   5459.36301101263 
 1121   5437.43041554897 
 1122   5330.81540972334 
 1123   5395.47954836769 
 1124   5080.64946189677 
 1125   3922.39967023561 
 1126   3769.18675572561 
 1127   3752.17711786006 
 1128   3617.65860067183 
 1129   3543.95073311788 
 1130   3466.38490880005 
 1131   3380.50092223061 
 1132   3342.1818823345 
 1133   3298.56452694685 
 1134   3249.05179659024 
 1135   3222.60219314144 
 1136   3197.03103163551 
 1137   3137.43260163668 
 1138   3080.07930076034 
 1139   3063.2565530378 
 1140   3040.56392696977 
 1141   2991.98810836356 
 1142   2976.64780478302 
 1143   2964.4882910833 
 1144   2942.41485591373 
 1145   2969.46735258433 
 1146   3011.91265778043 
 1147   3004.20499784983 
 1148   3003.67862968461 
 1149   3022.85514020522 
 1150   3046.361110062 
 1151   3068.08737718223 
 1152   3077.4062371137 
 1153   3072.68758972735 
 1154   3081.73227628725 
 1155   3088.02634381366 
 1156   3105.9430909718 
 1157   3097.7222840495 
 1158   3063.92214894905 
 1159   3052.5833114695 
 1160   3021.23520988178 
 1161   3020.07405210111 
 1162   2981.8725703004 
 1163   2938.01649768585 
 1164   2928.43019259613 
 1165   2893.35326023517 
 1166   2882.80940366845 
 1167   2857.55549999292 
 1168   2832.95941412133 
 1169   2813.55405362591 
 1170   2787.78254252621 
 1171   2758.78317069742 
 1172   2691.67213495008 
 1173   2635.43973152045 
 1174   2590.24207326987 
 1175   2549.1162155288 
 1176   2505.01878150886 
 1177   2436.00092857223 
 1178   2377.16626939263 
 1179   2334.88285844061 
 1180   2328.67365406185 
 1181   2328.72981720314 
 1182   2313.27924489223 
 1183   2318.78482355637 
 1184   2309.57327711015 
 1185   2306.99913689954 
 1186   2313.94446094439 
 1187   2311.01065112123 
 1188   2289.25066458673 
 1189   2263.20395064759 
 1190   2249.35343842075 
 1191   2213.67006306378 
 1192   2192.69781551342 
 1193   2203.52334068732 
 1194   2210.57773797803 
 1195   2193.89639127464 
 1196   2174.26886914483 
 1197   2179.96352735949 
 1198   2170.45386999402 
 1199   2173.10823607329 
 1200   2191.55327552049 
 1201   2169.73128674282 
 1202   2173.77383063462 
 1203   2179.90374771991 
 1204   2192.66511525699 
 1205   2191.05649605724 
 1206   2199.39671831369 
 1207   2243.63913480752 
 1208   2232.70488162847 
 1209   2225.7290429775 
 1210   2188.51123357819 
 1211   2178.19059791523 
 1212   2204.55303961346 
 1213   2211.98012449579 
 1214   2220.49167046403 
 1215   2169.49825575747 
 1216   2146.07020872783 
 1217   2168.59258812162 
 1218   2203.1797305135 
 1219   2212.62128876909 
 1220   2189.48557938215 
 1221   2202.29644194877 
 1222   2191.93698541309 
 1223   2223.02202577259 
 1224   2266.14172333931 
 1225   2270.00970976479 
 1226   2282.11764246765 
 1227   2312.90328445211 
 1228   2343.95026592657 
 1229   2364.65426757859 
 1230   2409.75063073625 
 1231   2445.03153046221 
 1232   2442.39412213598 
 1233   2463.54414431765 
 1234   2470.20141637288 
 1235   2476.04778191862 
 1236   2481.48463137412 
 1237   2483.28118762281 
 1238   2479.13129309931 
 1239   2480.10328576912 
 1240   2512.44284782328 
 1241   2535.09666957015 
 1242   2543.95089151018 
 1243   2562.05786912095 
 1244   2588.84567279931 
 1245   2617.34640391092 
 1246   2654.49618176832 
 1247   2679.24338660519 
 1248   2676.29359220864 
 1249   2672.95599003363 
 1250   2693.72454578442 
 1251   2723.34232178144 
 1252   2738.73477928382 
 1253   2750.90135832835 
 1254   2771.47101596292 
 1255   2790.47715124326 
 1256   2833.91737076617 
 1257   2868.91205422477 
 1258   2888.23916395867 
 1259   2921.16825149875 
 1260   2933.55587390684 
 1261   2975.92665241787 
 1262   3000.27351574443 
 1263   3020.49732344555 
 1264   3088.7729943495 
 1265   3205.5833981984 
 1266   3323.56114458961 
 1267   3426.18882921023 
 1268   3551.37878890223 
 1269   3647.82479014928 
 1270   3747.02484851188 
 1271   3848.38214121667 
 1272   3883.95051191305 
 1273   3856.11569687159 
 1274   3836.75493151443 
 1275   3780.78762939725 
 1276   3694.62733771788 
 1277   3614.61966116735 
 1278   3544.57304552703 
 1279   3477.00933748747 
 1280   3438.47411627816 
 1281   3440.71922614822 
 1282   3408.64189611148 
 1283   3405.03670756889 
 1284   3425.66917101086 
 1285   3447.04005279248 
 1286   3457.12587007694 
 1287   3456.34629116113 
 1288   3473.70807966712 
 1289   3457.72078817125 
 1290   3486.32860118049 
 1291   3528.05571929731 
 1292   3555.77754679079 
 1293   3581.01225521975 
 1294   3607.25861268369 
 1295   3643.08298024777 
 1296   3669.89968381877 
 1297   3711.35731347504 
 1298   3738.62253228294 
 1299   3771.23756182644 
 1300   3803.65641052507 
 1301   3820.92110065382 
 1302   3859.03642554066 
 1303   3882.15428820129 
 1304   3906.51815955428 
 1305   3928.9328295515 
 1306   3930.93590401664 
 1307   3905.74151575714 
 1308   3891.6157649599 
 1309   3916.51126404314 
 1310   3938.6427444144 
 1311   3968.14932388566 
 1312   3958.91866488567 
 1313   3954.56567213773 
 1314   3982.82005781785 
 1315   4010.0337410996 
 1316   4023.40660041826 
 1317   4052.30969020001 
 1318   4092.13069195752 
 1319   4118.95438758307 
 1320   4149.19175718555 
 1321   4177.03867005232 
 1322   4194.01160204798 
 1323   4214.34221095142 
 1324   4244.68110696846 
 1325   4267.31267474496 
 1326   4275.61532367121 
 1327   4265.4435060595 
 1328   4276.0097429457 
 1329   4307.5913751177 
 1330   4263.94537273837 
 1331   4400.57117705677 
 1332   4803.6764643784 
 1333   4782.18642167766 
 1334   4802.1026279574 
 1335   4823.77474299043 
 1336   4851.17473245805 
 1337   4863.27239243638 
 1338   4887.04090140945 
 1339   4848.37659906346 
 1340   4669.08657232075 
 1341   4626.82528941541 
 1342   4563.49341419048 
 1343   4699.05730742648 
 1344   4878.21131907313 
 1345   5032.77196323092 
 1346   5203.97213828411 
 1347   5383.73166971922 
 1348   5574.14323733103 
 1349   5702.93253338848 
 1350   5713.33438957073 
 1351   5726.47933534739 
 1352   5671.42986205656 
 1353   5572.94661656981 
 1354   5459.85396480629 
 1355   5306.94882231033 
 1356   5142.68466984648 
 1357   4999.28491864349 
 1358   4900.74634007411 
 1359   4775.01911466169 
 1360   4695.92500563069 
 1361   4643.59733845926 
 1362   4616.98073893699 
 1363   4584.11134478552 
 1364   4532.55779029847 
 1365   4554.922409391 
 1366   4540.29846032282 
 1367   4535.64248197093 
 1368   4533.83149516181 
 1369   4563.28881330092 
 1370   4595.50932769112 
 1371   4631.18095577711 
 1372   4673.36625723148 
 1373   4680.88410025659 
 1374   4695.90039062499 
 1375   4705.00396835758 
 1376   4734.1309608456 
 1377   4719.01455719289 
 1378   4712.72482755604 
 1379   4749.16341611895 
 1380   4785.15813554643 
 1381   4798.73917148897 
 1382   4811.9604796998 
 1383   4842.60673829152 
 1384   4828.42064553324 
 1385   4848.38360002391 
 1386   4862.92565069532 
 1387   4857.93173825483 
 1388   4849.3454193535 
 1389   4848.47145216062 
 1390   4842.3636042028 
 1391   4820.23896279895 
 1392   4845.60517291045 
 1393   4824.98074701842 
 1394   4809.54762967508 
 1395   4830.54299144534 
 1396   4835.40951967046 
 1397   4839.42369834876 
 1398   4877.25197171606 
 1399   4902.51119195731 
 1400   4911.38434105899 
 1401   4960.13875878005 
 1402   4945.60428742098 
 1403   4942.25714576987 
 1404   4962.70695907076 
 1405   4974.68315699991 
 1406   4965.04795937388 
 1407   4962.53973944904 
 1408   4971.32193915916 
 1409   4984.18513211501 
 1410   5040.12178172746 
 1411   5049.25760169528 
 1412   5084.55114503478 
 1413   5084.90062797036 
 1414   5106.84338777588 
 1415   5137.38070600812 
 1416   5148.66416960177 
 1417   5148.00320458397 
 1418   5143.06016162721 
 1419   5168.060356718 
 1420   5168.48739247182 
 1421   5193.17812241542 
 1422   5223.34893415475 
 1423   5249.1794350102 
 1424   5263.27775822962 
 1425   5303.78023861178 
 1426   5358.75429822001 
 1427   5353.24006671436 
 1428   5328.74435911988 
 1429   5383.45342072744 
 1430   5435.99245209886 
 1431   5502.61992614892 
 1432   5568.87074170717 
 1433   5657.31848772742 
 1434   5753.53224366756 
 1435   5894.14698434822 
 1436   6054.52393427684 
 1437   6158.35905822648 
 1438   6257.4876059921 
 1439   6409.08916286645 
 1440   6558.41411388409 
 1441   6736.81912676811 
 1442   6975.76190323797 
 1443   7278.87689988911 
 1444   7558.58566901914 
 1445   7862.79070637293 
 1446   8176.39216851798 
 1447   8479.3688748422 
 1448   8814.86746418471 
 1449   9077.22255476746 
 1450   9263.18423680693 
 1451   9400.61208901972 
 1452   9561.61571793105 
 1453   9638.26671985649 
 1454   9701.3308330133 
 1455   9718.78542277239 
 1456   9679.70549032262 
 1457   9654.62927440088 
 1458   9623.9207018269 
 1459   9557.89971291086 
 1460   9498.71770931043 
 1461   9434.50946383595 
 1462   9384.94301231041 
 1463   9366.52837448672 
 1464   9329.22949475025 
 1465   9264.3396254931 
 1466   9229.29947995997 
 1467   9201.75031946835 
 1468   9163.80274669486 
 1469   9129.49098023928 
 1470   9079.2857814005 
 1471   9027.53891807614 
 1472   8983.10437692459 
 1473   9003.49701771571 
 1474   8906.11440804567 
 1475   8830.94531837189 
 1476   8750.49173529859 
 1477   8673.04184475637 
 1478   8583.6430450933 
 1479   8452.90982979796 
 1480   8303.84014743092 
 1481   8173.97929779034 
 1482   8079.63796141941 
 1483   7960.84412908138 
 1484   7855.25995884723 
 1485   7725.91625299876 
 1486   7670.66020170781 
 1487   7574.97178133148 
 1488   7421.27205142298 
 1489   7305.72541278071 
 1490   7201.86126461662 
 1491   7079.80818087656 
 1492   6982.03662937798 
 1493   6874.47110360343 
 1494   6731.71935798838 
 1495   6647.64025799819 
 1496   6613.80476991864 
 1497   6543.40502440128 
 1498   6436.56771297304 
 1499   6345.95700936569 
 1500   6265.13936887273 
 1501   6203.97307705821 
 1502   6115.89737876913 
 1503   6004.88202601861 
 1504   5923.58725962332 
 1505   5871.71454241428 
 1506   5836.91658958473 
 1507   5783.23413743747 
 1508   5714.21000997014 
 1509   5659.36085844897 
 1510   5574.24109370643 
 1511   5543.62770959431 
 1512   5515.53750289388 
 1513   5466.96168388872 
 1514   5403.78899603586 
 1515   5362.45091623371 
 1516   5324.30576970488 
 1517   5324.17637790173 
 1518   5351.2131236348 
 1519   5277.00675524059 
 1520   5206.24915272682 
 1521   5181.12101860508 
 1522   5169.8981557581 
 1523   5133.05758256848 
 1524   5104.35869949026 
 1525   5054.50771706879 
 1526   4990.79447912384 
 1527   4987.37592348122 
 1528   4970.21060710146 
 1529   4922.33275208628 
 1530   4883.10882087896 
 1531   4851.89346225271 
 1532   4836.68859904635 
 1533   4826.28724078187 
 1534   4835.97764473739 
 1535   4833.21418077471 
 1536   4880.56157804093 
 1537   4930.90011124311 
 1538   5022.43751648111 
 1539   5093.00645307463 
 1540   5131.39220082189 
 1541   5170.17517228168 
 1542   5212.14187669572 
 1543   5230.61693620647 
 1544   5231.97087545315 
 1545   5182.22412064885 
 1546   5082.36059010798 
 1547   5001.9626468993 
 1548   4919.52644568812 
 1549   4834.51304740642 
 1550   4694.45533382609 
 1551   4602.93008191856 
 1552   4493.51911671773 
 1553   4434.9524573879 
 1554   4357.55213146829 
 1555   4321.78886943457 
 1556   4280.10490290351 
 1557   4255.77953725393 
 1558   4242.67179768109 
 1559   4214.73993676858 
 1560   4184.09818265594 
 1561   4156.60191792492 
 1562   4136.2538587437 
 1563   4113.78133637603 
 1564   4110.66314273508 
 1565   4106.4599199195 
 1566   4067.47139756889 
 1567   4061.7766965722 
 1568   4062.18985727246 
 1569   4063.33181826497 
 1570   4046.65604636975 
 1571   3997.4361283988 
 1572   3959.71580818099 
 1573   3915.77085511452 
 1574   3868.74635180638 
 1575   3835.85735914795 
 1576   3814.72426107182 
 1577   3814.79171806299 
 1578   3802.69297011656 
 1579   3757.29881934856 
 1580   3743.3466367412 
 1581   3753.25637032357 
 1582   3732.16744306295 
 1583   3706.73482566039 
 1584   3666.50552012899 
 1585   3617.8566280648 
 1586   3645.46672640384 
 1587   3619.3238937401 
 1588   3581.47817969357 
 1589   3545.97243783654 
 1590   3527.30790790243 
 1591   3516.91997686375 
 1592   3502.32220696823 
 1593   3481.61123121446 
 1594   3472.34625420693 
 1595   3452.70650309469 
 1596   3439.61572179911 
 1597   3436.37046500188 
 1598   3400.02080654292 
 1599   3384.24357069456 
 1600   3349.62557535273 
 1601   3318.65696680262 
 1602   3307.77226668757 
 1603   3305.78614781271 
 1604   3286.7476536627 
 1605   3281.19681941994 
 1606   3256.95496185888 
 1607   3295.83836652425 
 1608   3273.85671771327 
 1609   3227.63887633415 
 1610   3238.83124002284 
 1611   3240.13895832285 
 1612   3228.24353880103 
 1613   3225.89131231361 
 1614   3171.73550565683 
 1615   3145.70248618201 
 1616   3188.64646042536 
 1617   3186.3890753408 
 1618   3160.75094715284 
 1619   3163.07473394861 
 1620   3149.26080878841 
 1621   3130.28806062321 
 1622   3140.57615120981 
 1623   3120.2647723871 
 1624   3120.33184166563 
 1625   3118.80282158847 
 1626   3116.44876319371 
 1627   3105.03133886045 
 1628   3120.41557945254 
 1629   3098.65338820011 
 1630   3077.00383845357 
 1631   3048.5005035705 
 1632   3026.49826171546 
 1633   3003.75033008874 
 1634   2979.83570726273 
 1635   2968.41122903323 
 1636   2981.44726274106 
 1637   2981.53925128047 
 1638   2977.60037263923 
 1639   2985.82068345456 
 1640   2968.39528775182 
 1641   2943.54575508981 
 1642   2927.70330054474 
 1643   2889.1709442252 
 1644   2859.31007990252 
 1645   2846.18397664319 
 1646   2800.66955808535 
 1647   2786.9842999799 
 1648   2822.95385484133 
 1649   2807.35582035462 
 1650   2776.71024995991 
 1651   2772.54532623677 
 1652   2779.14919759002 
 1653   2765.34684031879 
 1654   2761.68602232838 
 1655   2708.815945404 
 1656   2693.54990896341 
 1657   2710.01586719469 
 1658   2717.19383466165 
 1659   2673.91555662393 
 1660   2677.71217819671 
 1661   2672.36457939482 
 1662   2695.67134956578 
 1663   2705.76527782579 
 1664   2695.0220221727 
 1665   2667.30743687543 
 1666   2669.06869640736 
 1667   2659.07529722582 
 1668   2641.49354257639 
 1669   2627.77516297662 
 1670   2601.56309478973 
 1671   2594.20402928012 
 1672   2602.20277169635 
 1673   2598.68836320919 
 1674   2579.12534529404 
 1675   2578.83456358791 
 1676   2566.33920891409 
 1677   2551.27016185947 
 1678   2545.04707354865 
 1679   2533.69095901198 
 1680   2515.70438324666 
 1681   2522.86579246254 
 1682   2538.29405680328 
 1683   2513.38121778663 
 1684   2490.94642337613 
 1685   2465.59397622857 
 1686   2455.69199914972 
 1687   2438.64447243831 
 1688   2425.62188853006 
 1689   2375.81887468809 
 1690   2371.94410887355 
 1691   2374.41030518671 
 1692   2387.46754999954 
 1693   2368.91788859185 
 1694   2362.58340431916 
 1695   2344.7987458637 
 1696   2315.22572960081 
 1697   2297.9213173176 
 1698   2295.83770011051 
 1699   2286.66972082056 
 1700   2250.79269608277 
 1701   2280.07621430713 
 1702   2180.17447426612 
 1703   2892.95333417549 
 1704   3147.52797850712 
 1705   3028.83615535875 
 1706   3035.00592011899 
 1707   3060.26466303524 
 1708   3002.04054098274 
 1709   3092.9374079695 
 1710   2493.75224569057 
 1711   2114.94252537749 
 1712   2197.81708564572 
 1713   2156.06929241216 
 1714   2144.48865181092 
 1715   2144.80355651781 
 1716   2132.51268291832 
 1717   2108.31624638909 
 1718   2078.49936915992 
 1719   2090.15471784662 
 1720   2105.2257282044 
 1721   2084.88829312435 
 1722   2071.84968269788 
 1723   2043.21579999497 
 1724   2030.60204807921 
 1725   2032.50051153098 
 1726   2021.03870267764 
 1727   2022.62338015602 
 1728   2011.26584684684 
 1729   1986.52770450327 
 1730   1984.60949434469 
 1731   1964.67395300609 
 1732   1936.31577275481 
 1733   1916.66096701978 
 1734   1869.94952185087 
 1735   1831.05154345533 
 1736   1839.73090922083 
 1737   1843.74003928787 
 1738   1837.54250475839 
 1739   1858.01354611812 
 1740   1859.91095498754 
 1741   1885.73884381195 
 1742   1907.65526646783 
 1743   1893.41934089655 
 1744   1887.53236553096 
 1745   1882.28580933617 
 1746   1843.15238256076 
 1747   1820.10823215167 
 1748   1785.83481543734 
 1749   1770.55782844105 
 1750   1768.69118661075 
 1751   1741.62949473791 
 1752   1725.60408847221 
 1753   1709.17471128251 
 1754   1727.51025972698 
 1755   1701.29649126695 
 1756   1683.90083789546 
 1757   1680.04038063264 
 1758   1686.52853012762 
 1759   1700.22978859641 
 1760   1730.02832860117 
 1761   1732.02773332782 
 1762   1726.87205989324 
 1763   1717.63910585208 
 1764   1698.95610353101 
 1765   1684.53518868218 
 1766   1667.96900565273 
 1767   1639.85767889985 
 1768   1616.45695091764 
 1769   1613.4615061851 
 1770   1613.018799811 
 1771   1611.70583002188 
 1772   1604.79551804732 
 1773   1594.33954133984 
 1774   1582.27311390755 
 1775   1583.01799996834 
 1776   1589.40355020137 
 1777   1579.00951077809 
 1778   1574.50665718251 
 1779   1585.74478985363 
 1780   1607.61286013611 
 1781   1612.59922707429 
 1782   1592.52642434046 
 1783   1579.42191693829 
 1784   1570.85817148374 
 1785   1538.56048352744 
 1786   1503.62469204992 
 1787   1478.14608080111 
 1788   1465.74610607967 
 1789   1458.71735672318 
 1790   1442.90519439483 
 1791   1440.20840265491 
 1792   1441.88064145377 
 1793   1432.9306729236 
 1794   1428.66798300859 
 1795   1402.36933330491 
 1796   1386.54482621478 
 1797   1401.05973242215 
 1798   1299.40478086817 
 1799   1237.28144698363 
 1800   1244.33504634806 
 1801   1232.07582343982 
 1802   1237.03891106483 
 1803   1225.96369594932 
 1804   1195.07070390435 
 1805   1263.78861601055 
 1806   1298.24215013677 
 1807   1295.64906862019 
 1808   1276.94296861395 
 1809   1272.48635577923 
 1810   1275.02558106101 
 1811   1277.08090207964 
 1812   1299.64385318765 
 1813   1305.75280646738 
 1814   1317.65710729753 
 1815   1364.76383494413 
 1816   1347.53568677613 
 1817   1358.44151885154 
 1818   1382.52559601545 
 1819   1389.12592609786 
 1820   1391.10090003424 
 1821   1352.13301367815 
 1822   1321.79700974511 
 1823   1343.02298086181 
 1824   1315.0919413246 
 1825   1298.22739272595 
 1826   1287.62686175175 
 1827   1260.64723045907 
 1828   1266.13747642422 
 1829   1249.82599470167 
 1830   1243.79028432934 
 1831   1258.75234171071 
 1832   1246.80414226988 
 1833   1259.92316105063 
 1834   1250.50339761797 
 1835   1234.93845247538 
 1836   1243.31384915868 
 1837   1242.11655788853 
 1838   1229.01233703659 
 1839   1207.74626933343 
 1840   1200.35103231241 
 1841   1212.90656440073 
 1842   1213.66537628168 
 1843   1203.76611697832 
 1844   1172.69334485799 
 1845   1202.78470349273 
 1846   1214.73314811733 
 1847   1205.31884686705 
 1848   1216.71341480788 
 1849   1222.91874386073 
 1850   1219.80240622503 
 1851   1214.17132633719 
 1852   1185.16203937292 
 1853   1176.30719232493 
 1854   1175.65465916353 
 1855   1171.76561030138 
 1856   1156.45743890078 
 1857   1153.35667915893 
 1858   1171.95860390505 
 1859   1182.59098020234 
 1860   1183.78236359805 
 1861   1198.19384152813 
 1862   1175.46269305796 
 1863   1186.90882264578 
 1864   1211.76846348002 
 1865   1221.0656261468 
 1866   1212.19880350387 
 1867   1189.88225836797 
 1868   1174.82996657482 
 1869   1187.84631822494 
 1870   1181.13121867726 
 1871   1136.29456501055 
 1872   1089.48332169963 
 1873   1098.54307870672 
 1874   1088.73552384611 
 1875   1107.95632977625 
 1876   1111.69965489767 
 1877   1086.54165075322 
 1878   1122.80934826791 
 1879   1141.88842796682 
 1880   1118.20053959258 
 1881   1112.45467645206 
 1882   1107.79935335291 
 1883   1113.16852481735 
 1884   1118.63546496446 
 1885   1082.30247440212 
 1886   1079.1886946484 
 1887   1089.65565916121 
 1888   1069.17993058803 
 1889   1072.81366590305 
 1890   1076.89379487648 
 1891   1070.34384006687 
 1892   1069.87201165893 
 1893   1056.20482029842 
 1894   1036.17874913277 
 1895   1011.65609315391 
 1896   968.97745916658 
 1897   956.597450543813 
 1898   961.972509032307 
 1899   947.39325026621 
 1900   962.938372981327 
 1901   956.008331030604 
 1902   995.074766415037 
 1903   1020.39723183672 
 1904   1020.61344585625 
 1905   1019.50751021299 
 1906   1026.76878189994 
 1907   1006.44639883644 
 1908   999.610595760388 
 1909   993.016313952941 
 1910   972.173004333053 
 1911   956.420106121052 
 1912   950.618642814561 
 1913   937.583233905526 
 1914   942.619272919333 
 1915   941.379190427035 
 1916   950.332964074645 
 1917   948.440946458292 
 1918   919.144180854253 
 1919   938.993918301325 
 1920   932.647216677211 
 1921   932.773860388887 
 1922   925.791425172981 
 1923   1980.53342365906 
 1924   1934.81027871945 
 1925   1967.5353663223 
 1926   1950.77588589074 
 1927   1926.75992290219 
 1928   2021.55719909183 
 1929   1477.96193187419 
 1930   764.517072187156 
 1931   876.257977158634 
 1932   821.880406210197 
 1933   802.539619170434 
 1934   801.652040528416 
 1935   781.245366456624 
 1936   798.325909959211 
 1937   794.784102834735 
 1938   818.602794663258 
 1939   824.620051332218 
 1940   805.880592843025 
 1941   798.444074991226 
 1942   816.415863408997 
 1943   813.319034958576 
 1944   817.514181730793 
 1945   811.501412618545 
 1946   793.982498207326 
 1947   1000.20111590264 
 1948   1123.75244596286 
 1949   1089.35316757958 
 1950   1083.75108185775 
 1951   1069.06742504891 
 1952   1072.3661299346 
 1953   1070.95039864687 
 1954   800.024375128138 
 1955   787.255179313035 
 1956   771.886514216537 
 1957   767.234121272568 
 1958   765.972776314028 
 1959   752.356846212717 
 1960   740.193223568178 
 1961   743.3720332628 
 1962   726.150014889579 
 1963   702.385169467874 
 1964   692.892516362493 
 1965   629.413754355646 
 1966   614.995140887125 
 1967   600.898267929018 
 1968   601.018028849374 
 1969   605.032519048665 
 1970   626.294140461226 
 1971   624.731410274001 
 1972   623.491231118459 
 1973   604.195830833763 
 1974   597.043303772351 
 1975   592.31567515983 
 1976   584.497202304498 
 1977   590.736216858093 
 1978   616.679186396524 
 1979   641.267145700213 
 1980   632.76784028103 
 1981   622.401815499144 
 1982   619.669733034861 
 1983   589.934383297722 
 1984   581.400619397361 
 1985   602.384894098259 
 1986   604.172652192604 
 1987   617.012450815805 
 1988   623.08319836991 
 1989   629.117597877742 
 1990   635.433020254572 
 1991   613.464225220056 
 1992   602.320164598925 
 1993   586.704052197516 
 1994   589.183532963581 
 1995   591.427959104354 
 1996   575.92575693288 
 1997   582.865504785746 
 1998   577.418073626282 
 1999   577.117447512481 
 2000   567.338406590087 
 2001   554.525710486103 
 2002   568.551379768303 
 2003   536.895986367579 
 2004   530.91700523395 
 2005   510.590466561396 
 2006   527.38182555701 
 2007   509.22440207079 
 2008   493.619863078808 
 2009   488.251526031602 
 2010   524.116339394169 
 2011   547.01668191117 
 2012   531.372590849307 
 2013   513.363836597407 
 2014   529.118046109059 
 2015   541.885278051138 
 2016   508.49989570182 
 2017   468.352111541645 
 2018   456.853021720246 
 2019   488.508534976945 
 2020   480.108789080231 
 2021   461.563241378269 
 2022   463.18845262973 
 2023   460.51890990521 
 2024   449.566664258928 
 2025   448.613930324491 
 2026   445.658143187873 
 2027   466.234944308909 
 2028   463.022854211667 
 2029   491.494523256076 
 2030   499.470402819907 
 2031   498.374163650025 
 2032   490.581391895455 
 2033   474.742361449289 
 2034   466.047558684418 
 2035   451.922291594917 
 2036   446.638065190888 
 2037   449.056021111958 
 2038   450.801648150879 
 2039   427.330029138737 
 2040   426.363077883704 
 2041   402.201378761717 
 2042   410.307792914329 
 2043   400.150636895763 
 2044   374.30045370895 
 2045   372.782970122149 
 2046   358.246851845147 
 2047   345.700552509944 
 2048   306.113057700353 
 2049   304.266778358264 
 2050   302.433231769898 
 2051   302.249210988472 
 2052   294.987612393045 
 2053   330.846975480373 
 2054   367.637415327286 
 2055   352.694432941661 
 2056   332.850580661584 
 2057   357.225636928893 
 2058   368.631623704427 
 2059   371.358779285882 
 2060   345.697859892116 
 2061   340.375511401655 
 2062   402.75070870579 
 2063   408.481639144726 
 2064   395.718947488648 
 2065   382.366983910511 
 2066   388.971774586392 
 2067   381.470034292788 
 2068   380.569435679004 
 2069   322.33213843952 
 2070   330.742191344569 
 2071   334.343430299641 
 2072   318.363824624167 
 2073   336.136089696111 
 2074   312.315523167172 
 2075   307.327223499402 
 2076   311.91511777433 
 2077   292.633305365838 
 2078   291.779361104771 
 2079   282.140512915012 
 2080   288.143174599744 
 2081   329.233659779498 
 2082   305.033891454623 
 2083   323.353120534927 
 2084   328.134307816576 
 2085   309.103197360387 
 2086   307.913628196594 
 2087   257.625039922332 
 2088   258.947728019735 
 2089   262.689803778424 
 2090   248.671321758081 
 2091   266.57932984053 
 2092   268.357053690337 
 2093   253.896738979531 
 2094   260.202073551576 
 2095   246.752687661387 
 2096   254.67316712595 
 2097   250.896802807015 
 2098   258.502764075184 
 2099   270.158996473734 
 2100   277.318244961121 
 2101   287.041671345172 
 2102   268.367654287778 
 2103   283.376802682332 
 2104   292.378097339598 
 2105   302.636152544142 
 2106   290.295523342904 
 2107   286.862272254901 
 2108   283.940205223838 
 2109   264.293554015352 
 2110   241.840619945682 
 2111   228.468540620609 
 2112   224.190652532542 
 2113   226.06419643659 
 2114   230.649735960696 
 2115   234.262791682817 
 2116   223.337158481339 
 2117   215.153171263429 
 2118   235.106282764082 
 2119   244.056756911315 
 2120   247.146976628114 
 2121   250.374670563887 
 2122   247.406116349718 
 2123   241.892215405126 
 2124   233.204437482883 
 2125   225.844213870865 
 2126   234.421765504538 
 2127   234.482303800634 
 2128   235.170238762144 
 2129   242.924450567726 
 2130   239.737129447773 
 2131   223.77724648773 
 2132   183.842926349131 
 2133   175.700741203186 
 2134   201.610221906993 
 2135   203.934215058475 
 2136   218.470921895193 
 2137   219.493004299218 
 2138   221.267132353232 
 2139   225.647864871355 
 2140   177.220342895148 
 2141   171.377016731022 
 2142   152.643324681952 
 2143   154.894502770032 
 2144   160.29670217209 
 2145   157.722896685741 
 2146   166.48048596761 
 2147   186.511102343722 
 2148   203.148562759512 
 2149   196.809963927497 
 2150   188.344759978928 
 2151   193.580911576185 
 2152   199.99604142311 
 2153   195.939381538191 
 2154   171.985640796203 
 2155   331.382383109389 
 2156   1118.93714494462 
 2157   1444.23276947346 
 2158   1400.57589995088 
 2159   1396.41410194914 
 2160   1357.64398017263 
 2161   1289.49086982638 
 2162   535.161342017936 
 2163   120.044755789316 
 2164   162.427298696497 
 2165   165.507163476613 
 2166   294.92149890608 
 2167   295.081229687132 
 2168   296.20275741169 
 2169   297.873794986496 
 2170   310.008711636788 
 2171   304.912107862948 
 2172   243.800183934209 
 2173   230.97224548974 
 2174   223.425405394802 
 2175   217.559767425354 
 2176   212.177349848866 
 2177   232.081750468421 
 2178   200.628833451641 
 2179   191.661291568963 
 2180   190.079378506274 
 2181   185.887373369244 
 2182   169.373297039829 
 2183   132.044648801633 
 2184   99.4471900111553 
 2185   116.205079597161 
 2186   128.629013943896 
 2187   115.74885327943 
 2188   110.106916713811 
 2189   131.583110782596 
 2190   140.912626386279 
 2191   126.668652777071 
 2192   129.705842332629 
 2193   136.294774401916 
 2194   162.407748747757 
 2195   165.022307525731 
 2196   171.566522625171 
 2197   166.505936591204 
 2198   159.543439872461 
 2199   173.157728005368 
 2200   181.660388502357 
 2201   196.884342131344 
 2202   204.041940586821 
 2203   211.178711309233 
 2204   222.81692657982 
 2205   203.68612654794 
 2206   180.403256156463 
 2207   143.714846060747 
 2208   160.294054040278 
 2209   138.143981687701 
 2210   112.341455107758 
 2211   122.323833830948 
 2212   108.523379801594 
 2213   133.049130035245 
 2214   123.774270348222 
 2215   136.882808731914 
 2216   147.431397034063 
 2217   141.968772700567 
 2218   163.916950580639 
 2219   187.753401588807 
 2220   189.306021053787 
 2221   194.172394363745 
 2222   206.18551214429 
 2223   206.756382246796 
 2224   229.313598556411 
 2225   184.667407009693 
 2226   173.877239033236 
 2227   181.386412538333 
 2228   163.92094781174 
 2229   154.141043995716 
 2230   110.970679673193 
 2231   113.390188924906 
 2232   115.377059256782 
 2233   117.079681406953 
 2234   134.734631338202 
 2235   140.834413226373 
 2236   154.184627496899 
 2237   151.352840358777 
 2238   164.41655271369 
 2239   147.186581803535 
 2240   138.965496047222 
 2241   158.567848307501 
 2242   152.461009704074 
 2243   158.854947766006 
 2244   139.417697369331 
 2245   138.381195427309 
 2246   140.155973912785 
 2247   120.945757043861 
 2248   135.909089327238 
 2249   137.210212394269 
 2250   149.733622584623 
 2251   158.23529945944 
 2252   131.763342560809 
 2253   138.929483937906 
 2254   112.356327545739 
 2255   71.5675949819167 
 2256   60.5306664580171 
 2257   62.8806000865585 
 2258   82.446156434286 
 2259   84.4627350132266 
 2260   108.288941401438 
 2261   145.379924799247 
 2262   151.455187836196 
 2263   166.882805486705 
 2264   156.096194762285 
 2265   159.716444890654 
 2266   157.315418831212 
 2267   164.282210818263 
 2268   161.390861614409 
 2269   150.962196266039 
 2270   153.922416550362 
 2271   138.405259966615 
 2272   135.87720323545 
 2273   139.716790936587 
 2274   125.258683993528 
 2275   112.691210063021 
 2276   109.676771768923 
 2277   118.431112191491 
 2278   143.133326827073 
 2279   162.457352745137 
 2280   162.679451831855 
 2281   173.662120721773 
 2282   187.804629046798 
 2283   180.077843056517 
 2284   114.133637413507 
 2285   78.5360360139532 
 2286   89.9894564522883 
 2287   94.4894045472077 
 2288   98.0359427270977 
 2289   117.46761348403 
 2290   140.313019106183 
 2291   145.426920527127 
 2292   137.541690208562 
 2293   146.027731836301 
 2294   132.806224865076 
 2295   129.055748322555 
 2296   128.017809490997 
 2297   132.470859868629 
 2298   136.168350835423 
 2299   111.595660423741 
 2300   93.3792018880015 
 2301   99.4668475693091 
 2302   127.364832835903 
 2303   126.394149161043 
 2304   120.522827662089 
 2305   124.775579074012 
 2306   144.361267953687 
 2307   147.502621423481 
 2308   147.416873669747 
 2309   162.691191108725 
 2310   178.647506949708 
 2311   178.957731348175 
 2312   166.71599641307 
 2313   154.224097529969 
 2314   141.049216527827 
 2315   106.415849016751 
 2316   107.76785254193 
 2317   108.054401819836 
 2318   110.526674635832 
 2319   105.794175468825 
 2320   108.843082898261 
 2321   147.441759214294 
 2322   136.257833947819 
 2323   133.566263052253 
 2324   139.343882310061 
 2325   129.880881289717 
 2326   123.982155814068 
 2327   80.2670346855588 
 2328   87.8006299718598 
 2329   84.9441247206886 
 2330   81.8376255266498 
 2331   83.4429834501025 
 2332   98.067084463612 
 2333   101.377626915591 
 2334   106.134935891908 
 2335   119.177195062716 
 2336   138.824351622128 
 2337   121.164383721143 
 2338   120.118635555664 
 2339   132.11821932942 
