05-29-2020  14:14:21
Wavenumber (cm-1)  CCD Output
 251   2723.76647099668 
 252   2806.37102461421 
 253   2886.23552246869 
 254   2965.64948654991 
 255   3033.42070026936 
 256   3097.89436370041 
 257   3181.32215772924 
 258   3267.68272214719 
 259   3341.6388283302 
 260   3402.60529378729 
 261   3455.2706556017 
 262   3510.11242260508 
 263   3578.03230523047 
 264   3632.95398086003 
 265   3676.26238594053 
 266   3769.30498257976 
 267   3878.59729125814 
 268   3957.0124568102 
 269   4028.04527763235 
 270   4112.87065909965 
 271   4212.98983423001 
 272   4302.86335268265 
 273   4410.81539461076 
 274   4573.56126097482 
 275   4744.53480385629 
 276   4891.78841325673 
 277   5024.45539710939 
 278   5207.39620256879 
 279   5438.87107395762 
 280   5665.46751458608 
 281   5903.79364176215 
 282   6183.3311673556 
 283   6513.37150661339 
 284   6835.9452362966 
 285   7142.48417428719 
 286   7499.4563438096 
 287   7948.77425428341 
 288   8461.2827522575 
 289   8952.93592345024 
 290   9496.37375165522 
 291   10149.9183657641 
 292   10865.8410204738 
 293   11622.7907111868 
 294   12409.9438755602 
 295   13214.2964905989 
 296   14060.5975998153 
 297   14951.4321878778 
 298   15820.0030442901 
 299   16645.465575937 
 300   17432.7254564943 
 301   18178.8269487778 
 302   18854.3407656193 
 303   19424.8481502157 
 304   19879.711484194 
 305   20222.5407517865 
 306   20462.966753327 
 307   20602.9887666278 
 308   20577.2285154926 
 309   20360.4975666573 
 310   20149.9314809465 
 311   19913.6935479996 
 312   19505.8924361532 
 313   19044.7290752135 
 314   18609.7855669839 
 315   18202.0718258288 
 316   17809.960542978 
 317   17516.7479751169 
 318   17407.9493861835 
 319   17290.2900658296 
 320   17206.3209797901 
 321   17397.5941848511 
 322   17807.9437558997 
 323   18353.4501386233 
 324   19008.3679514674 
 325   19798.8693512751 
 326   20723.3228518802 
 327   21722.6743124019 
 328   22676.1510445387 
 329   23567.5440822891 
 330   24474.9614029649 
 331   25310.0680995003 
 332   25895.093145058 
 333   26107.1225833074 
 334   26283.7376648829 
 335   26455.6272613408 
 336   26237.7759036581 
 337   25741.8523760535 
 338   25099.043824164 
 339   24283.1383285091 
 340   23330.739997043 
 341   22306.358369573 
 342   21270.730635528 
 343   20234.7182587892 
 344   19230.1784404655 
 345   18309.3488008467 
 346   17390.372132807 
 347   16478.4591296792 
 348   15717.0049910982 
 349   15094.9465394283 
 350   14567.6785641645 
 351   14118.4481487021 
 352   13735.1108105992 
 353   13405.0298599819 
 354   13108.2084749893 
 355   12797.5039983974 
 356   12501.9976932515 
 357   12322.8920955081 
 358   12173.027498135 
 359   11985.9037075542 
 360   11798.9794861082 
 361   11634.9003925574 
 362   11490.2096846476 
 363   11341.5914734079 
 364   11185.5093686956 
 365   11047.768055194 
 366   10970.920937115 
 367   10945.4484870354 
 368   10958.5621879931 
 369   11018.2711647463 
 370   11156.369751431 
 371   11388.351262081 
 372   11707.0600935955 
 373   12121.9866822361 
 374   12641.0126089082 
 375   13249.3668628684 
 376   13869.0208919463 
 377   14478.6389248554 
 378   15112.2516000239 
 379   15715.4631473756 
 380   16275.7428701092 
 381   16801.9195172671 
 382   17140.167183181 
 383   17278.6925640693 
 384   17334.8216361212 
 385   17276.0083267276 
 386   17163.7735543191 
 387   17085.41953992 
 388   16841.9213309363 
 389   16432.7808718309 
 390   16012.6144756858 
 391   15550.4662486092 
 392   15056.6583598555 
 393   14582.5734903469 
 394   14124.455918108 
 395   13691.4036708895 
 396   13297.9883643577 
 397   12930.1184360889 
 398   12569.7724577614 
 399   12212.6482714804 
 400   11882.3943567698 
 401   11570.0297750944 
 402   11253.6624609128 
 403   10931.5734817552 
 404   10607.6053507813 
 405   10278.6330725393 
 406   9928.69704710317 
 407   9570.80758821066 
 408   9206.97680137943 
 409   8801.37419076169 
 410   8367.90762039018 
 411   7931.50529683861 
 412   7497.06020323389 
 413   7065.28957717281 
 414   6642.45546424367 
 415   6241.94856578895 
 416   5867.23934087452 
 417   5515.30732282278 
 418   5185.94615770474 
 419   4907.98331952492 
 420   4693.29965099311 
 421   4525.55423657303 
 422   4386.29922571847 
 423   4269.72984209934 
 424   4177.7114417181 
 425   4097.86138955242 
 426   4036.61861879549 
 427   4001.50424069946 
 428   3952.84957538236 
 429   3891.21334264238 
 430   3837.91963332191 
 431   3780.66044671547 
 432   3733.40505798076 
 433   3703.33399811851 
 434   3649.25853022101 
 435   3596.41239155469 
 436   3567.65958182429 
 437   3520.6882753767 
 438   3473.19662757462 
 439   3441.95946101575 
 440   3404.59391969409 
 441   3385.08898497626 
 442   3383.17977900818 
 443   3357.42868042342 
 444   3334.12253377196 
 445   3323.08284005139 
 446   3299.22477038615 
 447   3263.97016804529 
 448   3221.31029833032 
 449   3179.28510813756 
 450   3168.9915388377 
 451   3175.07581822567 
 452   3159.46003334733 
 453   3127.31786455643 
 454   3098.71278889044 
 455   3079.52700541759 
 456   3042.57265094953 
 457   3020.47587330229 
 458   3028.44989811354 
 459   3007.10414588721 
 460   2975.6342943243 
 461   2961.49896926114 
 462   2954.30254092593 
 463   2946.6796310684 
 464   2933.22500710795 
 465   2913.16582344869 
 466   2903.73203558748 
 467   2908.48696578162 
 468   2918.21814545835 
 469   2934.79597516437 
 470   2937.85589759038 
 471   2907.01258486099 
 472   2867.11460495383 
 473   2848.7777297458 
 474   2860.99218060407 
 475   2872.62092637023 
 476   2855.0346901114 
 477   2822.2041562815 
 478   2830.46023506548 
 479   2838.91777040787 
 480   2826.69748498743 
 481   2827.07498800335 
 482   2818.74551030058 
 483   2795.09291086806 
 484   2775.95781273361 
 485   2772.88090625186 
 486   2777.86627775422 
 487   2775.22586183171 
 488   2762.65088483816 
 489   2744.84927984076 
 490   2732.68975184959 
 491   2739.97708850577 
 492   2758.40963259735 
 493   2773.3119091657 
 494   2776.41955557677 
 495   2768.57386480017 
 496   2753.65817999366 
 497   2735.00732257511 
 498   2713.48876016746 
 499   2699.81376091903 
 500   2699.6262382112 
 501   2686.45000177411 
 502   2678.93652417622 
 503   2691.70389832399 
 504   2677.72393704221 
 505   2649.07459419578 
 506   2637.96280083379 
 507   2653.73865452878 
 508   2667.01575033335 
 509   2669.68361424357 
 510   2682.96208810932 
 511   2700.10122236188 
 512   2711.37782331128 
 513   2721.21757476172 
 514   2759.5281860239 
 515   2824.27916297572 
 516   2883.66485545142 
 517   2907.49673560624 
 518   2979.55139672381 
 519   3025.39774109146 
 520   2816.33438973334 
 521   2740.06060949576 
 522   2886.35518960899 
 523   2968.47593946013 
 524   3078.94896068496 
 525   3252.72966699506 
 526   3445.38139979213 
 527   3666.07540663801 
 528   3917.46728130038 
 529   4230.54745505118 
 530   4669.97449892468 
 531   5159.4967082006 
 532   5614.88802050081 
 533   6012.84607070163 
 534   6363.48866399398 
 535   6639.16953192503 
 536   6826.35141183122 
 537   7028.64682511115 
 538   7183.21156366767 
 539   7199.11915642671 
 540   7128.21484195278 
 541   7015.55612736734 
 542   6862.24267754015 
 543   6634.97927893907 
 544   6342.27010756043 
 545   6027.91092703677 
 546   5727.57379236515 
 547   5403.58742939404 
 548   5076.40474825505 
 549   4785.01316626262 
 550   4521.89792337879 
 551   4272.48454148613 
 552   4036.07905366948 
 553   3828.52731455235 
 554   3656.93352973909 
 555   3522.75605988678 
 556   3419.27676339288 
 557   3327.36484561299 
 558   3253.97448866778 
 559   3203.17791145477 
 560   3151.53411363271 
 561   3120.41128403646 
 562   3118.35873374679 
 563   3121.50286032246 
 564   3126.6405536979 
 565   3128.72880088515 
 566   3130.56443366545 
 567   3163.23516271056 
 568   3204.84024061635 
 569   3242.93939443424 
 570   3318.11472330424 
 571   3407.74190458464 
 572   3500.85558741279 
 573   3632.16200603218 
 574   3855.18767754904 
 575   4116.11226481415 
 576   4364.89894920158 
 577   4707.71577767123 
 578   5133.68503342003 
 579   5600.67706439432 
 580   6108.15339730802 
 581   6651.08087198945 
 582   7222.17782854874 
 583   7799.26062430748 
 584   8324.70182793067 
 585   8781.56107277768 
 586   9166.58072855366 
 587   9457.25845908093 
 588   9644.24158697542 
 589   9666.60409536947 
 590   9484.45162228784 
 591   9310.01599309306 
 592   9080.39931033616 
 593   8658.68377842489 
 594   8199.70582144228 
 595   7731.35228157964 
 596   7235.32103863273 
 597   6734.2736998052 
 598   6288.3845420735 
 599   5913.23015647839 
 600   5598.93534963487 
 601   5364.5886452141 
 602   5126.23141624563 
 603   4812.11937792069 
 604   4477.00036316074 
 605   4308.78217205166 
 606   4308.36690563958 
 607   4321.34038932305 
 608   4322.77334602769 
 609   4331.43881974024 
 610   4365.11108129104 
 611   4412.31102715343 
 612   4423.34318686652 
 613   4542.91181317529 
 614   4908.73337093915 
 615   5092.61606576665 
 616   5120.4233444224 
 617   5207.01698953526 
 618   5317.12937323488 
 619   5424.55684868266 
 620   5540.91276152025 
 621   5687.22055588574 
 622   5834.78996474084 
 623   5986.44330729917 
 624   6158.45159719268 
 625   6345.4778284952 
 626   6544.05826862559 
 627   6751.91217128976 
 628   6975.501658769 
 629   7244.57761414971 
 630   7535.00221177095 
 631   7823.03244908714 
 632   8149.86246765726 
 633   8551.88504426709 
 634   9029.4433897537 
 635   9543.05749176823 
 636   10043.0160958055 
 637   10585.3810230835 
 638   11221.0034263872 
 639   11897.2944104074 
 640   12653.8528500141 
 641   13509.9801461538 
 642   14453.2254562714 
 643   15528.115357375 
 644   16683.0925849192 
 645   17931.0069155788 
 646   19403.736378816 
 647   20853.143164541 
 648   22414.0871768293 
 649   24493.2100487235 
 650   27000.2622044169 
 651   29889.4583777068 
 652   33311.3542604564 
 653   37399.4313945611 
 654   41439.4319673744 
 655   45281.1652296568 
 656   48922.4766420846 
 657   51437.3995628989 
 658   53646.0876206533 
 659   56104.9266824382 
 660   58105.0884960876 
 661   59505.2100975118 
 662   60000 
 663   60000 
 664   60000 
 665   60000 
 666   60000 
 667   60000 
 668   60000 
 669   60000 
 670   60000 
 671   60000 
 672   60000 
 673   60000 
 674   60000 
 675   60000 
 676   60000 
 677   60000 
 678   59965.3917611702 
 679   59908.0864585789 
 680   59766.2183299547 
 681   59574.320159007 
 682   59810.3245283396 
 683   60000 
 684   60000 
 685   60000 
 686   59007.1377187842 
 687   58017.5447728619 
 688   58083.597009432 
 689   58097.2578296532 
 690   57973.6634333682 
 691   57872.9366705594 
 692   57761.064397783 
 693   57416.7244630842 
 694   57228.6810395475 
 695   57526.178190157 
 696   58240.7993787328 
 697   59080.6501298555 
 698   59582.0636197185 
 699   59679.2973116023 
 700   59884.1091093425 
 701   60000 
 702   60000 
 703   60000 
 704   60000 
 705   60000 
 706   60000 
 707   60000 
 708   60000 
 709   59253.2055889207 
 710   57386.2025089091 
 711   55176.8922000511 
 712   52642.3112995238 
 713   49726.7589801321 
 714   46430.2849249822 
 715   42888.0689355907 
 716   38980.7857017687 
 717   35136.6005479454 
 718   31944.5516209406 
 719   29022.295526854 
 720   26444.4413837746 
 721   24129.9867079225 
 722   21738.9310563502 
 723   19712.7311691325 
 724   18054.5078041145 
 725   16597.9296162515 
 726   15417.973351689 
 727   14387.6514311641 
 728   13462.4776802784 
 729   12696.680452578 
 730   12100.4333128025 
 731   11556.9594424865 
 732   11020.2272544672 
 733   10540.160700919 
 734   10129.865906859 
 735   9769.3840395646 
 736   9431.40076915713 
 737   9106.72727719354 
 738   8821.54401804231 
 739   8570.89911873325 
 740   8337.37880626525 
 741   8120.21903073475 
 742   7929.14144277788 
 743   7751.74581990099 
 744   7571.78030545497 
 745   7398.23522897544 
 746   7248.01811262464 
 747   7119.72862149721 
 748   7000.58303499301 
 749   6888.02925879078 
 750   6771.54242433501 
 751   6664.25311552957 
 752   6584.3030213813 
 753   6498.66561936532 
 754   6421.70203104457 
 755   6370.93852359941 
 756   6334.10031975201 
 757   6294.42326123136 
 758   6268.32649551693 
 759   6266.95372244708 
 760   6267.70102804273 
 761   6250.45329453888 
 762   6261.66028580615 
 763   6322.72075603997 
 764   6373.85565668395 
 765   6457.6315015887 
 766   6581.87015129514 
 767   6719.16139162104 
 768   6871.76099927226 
 769   7076.28497068911 
 770   7363.37905187738 
 771   7727.09050267788 
 772   8123.91942846032 
 773   8568.45487070028 
 774   9086.00915347319 
 775   9697.71097600747 
 776   10436.4956850044 
 777   11307.9546579193 
 778   12323.9507056303 
 779   13512.4809145641 
 780   14891.3145788123 
 781   16452.2273246382 
 782   18323.684552083 
 783   20587.1844451563 
 784   22817.4948703231 
 785   25212.2558777668 
 786   27919.3900379045 
 787   30701.2513568182 
 788   33581.6680335072 
 789   36408.8898985034 
 790   39044.5562726661 
 791   41463.9435413521 
 792   43468.0156756857 
 793   45021.7115586896 
 794   46088.2984925625 
 795   46511.06724888 
 796   46259.8055626355 
 797   45373.5923035343 
 798   43882.666294463 
 799   41798.3980644925 
 800   39227.746535905 
 801   36309.808113841 
 802   33187.3928902067 
 803   29983.1728098202 
 804   26771.3940983785 
 805   23786.0335029572 
 806   21145.8545376888 
 807   18720.1350938026 
 808   16635.1884216716 
 809   14604.1405722938 
 810   12631.0718519795 
 811   11337.5908307142 
 812   10343.5807785976 
 813   9469.43676546422 
 814   8773.0462608063 
 815   8230.95292376596 
 816   7816.54984823642 
 817   7487.12953235914 
 818   7197.59469076852 
 819   6930.07010199855 
 820   6715.12109351725 
 821   6510.18570439921 
 822   6293.85704516578 
 823   6117.19949431189 
 824   5923.38340651372 
 825   5701.48225449477 
 826   5485.69183213974 
 827   5297.06720848784 
 828   5103.05882243074 
 829   4884.07416393573 
 830   4655.42601468321 
 831   4449.28912220243 
 832   4262.95786616127 
 833   4086.75149595357 
 834   3936.34680685477 
 835   3826.65385982767 
 836   3692.97660559451 
 837   3593.56975946326 
 838   3548.97792187939 
 839   3492.08572750061 
 840   3450.68124703237 
 841   3420.53734516709 
 842   3387.69392328573 
 843   3346.67787019084 
 844   3281.86851003383 
 845   3207.53553371064 
 846   3215.79084784771 
 847   3185.68072581457 
 848   2815.52639837432 
 849   4195.94760600211 
 850   6120.08890876228 
 851   6068.83573001695 
 852   5995.60994582807 
 853   6047.61545981025 
 854   6049.0308939032 
 855   6042.80212426315 
 856   5967.95139605396 
 857   6296.24047051333 
 858   5417.33325995035 
 859   3182.10082416056 
 860   2874.93231628021 
 861   3032.32776634084 
 862   2984.68338951365 
 863   3002.02234953009 
 864   2988.39170520289 
 865   2975.29470343257 
 866   2969.48114764081 
 867   2956.51515598769 
 868   2948.87871137406 
 869   2987.31279191891 
 870   2996.51191166917 
 871   2966.62742279926 
 872   2966.32282874125 
 873   2979.18080147287 
 874   3007.96390156276 
 875   3050.69872173509 
 876   3093.85919427668 
 877   3131.82128020528 
 878   3176.15786533969 
 879   3232.83929140563 
 880   3293.65718338843 
 881   3351.95684753599 
 882   3436.03089328283 
 883   3488.32692004672 
 884   3508.32929095466 
 885   3582.83950325086 
 886   3652.88374460388 
 887   3701.503965611 
 888   3745.45626778327 
 889   3800.97601713483 
 890   3874.92356233692 
 891   3944.97050862114 
 892   4019.2824614634 
 893   4104.82068144629 
 894   4162.21562209232 
 895   4219.60495716335 
 896   4287.21043915651 
 897   4355.63912809968 
 898   4420.92294883099 
 899   4471.58579601063 
 900   4497.73364195837 
 901   4521.91228648142 
 902   4567.4166774868 
 903   4587.04174206702 
 904   4600.4359549229 
 905   4599.54052507679 
 906   4573.37115575667 
 907   4576.31036864406 
 908   4570.86123404233 
 909   4581.43904928381 
 910   4628.64551484196 
 911   4664.52113556521 
 912   4706.41605388201 
 913   4757.46845131349 
 914   4843.87176175635 
 915   4981.41686840999 
 916   5092.78372792807 
 917   5227.68889466169 
 918   5389.05106578359 
 919   5544.00097656246 
 920   5729.31227407513 
 921   5968.66357486558 
 922   6239.42018140243 
 923   6508.57708322107 
 924   6782.64515921615 
 925   7115.56937932697 
 926   7474.23298980416 
 927   7836.07789356836 
 928   8215.23693691081 
 929   8610.68585178189 
 930   9034.88976473395 
 931   9491.75932496865 
 932   9954.64081928381 
 933   10417.0421108634 
 934   10993.8438674189 
 935   11581.5232324306 
 936   12169.5110779434 
 937   12864.922631897 
 938   13609.8675194259 
 939   14375.4606695722 
 940   15175.4512538191 
 941   16043.2049045427 
 942   16980.5073456797 
 943   17906.0260367167 
 944   18893.5826690375 
 945   19940.6668105541 
 946   20931.1121865367 
 947   21841.0775587901 
 948   22662.1894167818 
 949   23358.6142858939 
 950   23882.6378084763 
 951   24213.139538958 
 952   24364.4545613211 
 953   24257.1603540551 
 954   23879.6288514939 
 955   23295.7786208226 
 956   22511.4023351636 
 957   21556.9955981768 
 958   20475.7593759943 
 959   19296.4684024734 
 960   18042.8111785527 
 961   16780.365105457 
 962   15552.087050881 
 963   14352.2169801773 
 964   13213.8735609519 
 965   12251.3178391758 
 966   11411.454460919 
 967   10569.4519687208 
 968   9772.42403444235 
 969   9160.12691507116 
 970   8620.81257536757 
 971   8191.00940284953 
 972   7859.95921535155 
 973   7573.20053822497 
 974   7336.3179025706 
 975   7156.88905390477 
 976   6986.44545845187 
 977   6847.53557040997 
 978   6795.66666438918 
 979   6777.35864102943 
 980   6747.30617323971 
 981   6752.46048328758 
 982   6797.25467713401 
 983   6834.93568436502 
 984   6944.26719546645 
 985   7118.68949418385 
 986   7303.32789352329 
 987   7489.40957137335 
 988   7735.79656430617 
 989   8064.21055731462 
 990   8469.59741037018 
 991   8888.34482999546 
 992   9317.47323372412 
 993   9886.81155198591 
 994   10540.4339475381 
 995   11341.3389359375 
 996   12243.154961535 
 997   13128.506225856 
 998   14135.9235837358 
 999   15221.4077151253 
 1000   16357.3831636174 
 1001   17537.9956546298 
 1002   18712.2352533594 
 1003   19821.1714834013 
 1004   20869.1329858142 
 1005   21875.6366345656 
 1006   22768.398340588 
 1007   23476.3539752786 
 1008   24218.1013497083 
 1009   24771.4135382115 
 1010   25109.7300260338 
 1011   25369.5088288447 
 1012   25467.6925452693 
 1013   25502.9063971231 
 1014   25552.8414647588 
 1015   25558.5595403719 
 1016   25449.4247276975 
 1017   25302.7582368261 
 1018   25165.7702304039 
 1019   25020.8878295034 
 1020   24841.2249325766 
 1021   24635.7362258997 
 1022   24435.1966443689 
 1023   24219.8203476946 
 1024   23961.5467492866 
 1025   23665.805465499 
 1026   23370.9337809697 
 1027   23088.7925447043 
 1028   22726.8083070309 
 1029   22356.1214352458 
 1030   22067.2060598018 
 1031   21831.3720803533 
 1032   21606.5697650375 
 1033   21404.6930111024 
 1034   21309.9612959319 
 1035   21290.9862215925 
 1036   21261.4011101911 
 1037   21375.9187296759 
 1038   21615.4162122837 
 1039   21855.9360511943 
 1040   22116.6108716319 
 1041   22522.408150641 
 1042   22993.4327801099 
 1043   23498.2398404431 
 1044   23963.0764059428 
 1045   24537.1990478829 
 1046   25375.4122848598 
 1047   26055.937079463 
 1048   26742.7560064624 
 1049   27291.5634070028 
 1050   27595.9326368197 
 1051   27898.2206671366 
 1052   28195.8431859245 
 1053   28128.5207734459 
 1054   27945.0916854786 
 1055   27847.3900292865 
 1056   27668.1531991437 
 1057   27508.3891483879 
 1058   27230.229753644 
 1059   26862.038269452 
 1060   26302.0283044184 
 1061   25443.1176283321 
 1062   24614.2683623173 
 1063   23695.3799872861 
 1064   22586.4201415334 
 1065   21393.0381655025 
 1066   20210.1141503822 
 1067   18933.0734696354 
 1068   17610.3362600579 
 1069   16291.1493923445 
 1070   14964.2683726482 
 1071   13653.4349564026 
 1072   12461.661243705 
 1073   11372.6693429271 
 1074   10371.2811162936 
 1075   9452.64300927943 
 1076   8636.92597911643 
 1077   7971.55224248876 
 1078   7454.87793777823 
 1079   6984.23134308153 
 1080   6552.91394912109 
 1081   6158.63347088083 
 1082   5759.9709382294 
 1083   5451.22225674915 
 1084   5189.87612203625 
 1085   4970.42951552632 
 1086   4777.41478364673 
 1087   4600.60924131328 
 1088   4520.16410017201 
 1089   4420.17985611019 
 1090   4295.00953253644 
 1091   4200.85329174542 
 1092   4140.75516447563 
 1093   4071.03293633796 
 1094   3984.07652951298 
 1095   3906.91886905268 
 1096   3835.38498996467 
 1097   3768.39370752965 
 1098   3729.3946195821 
 1099   3686.96430205726 
 1100   3628.47661620998 
 1101   3573.77722699045 
 1102   3530.61666451013 
 1103   3484.99022467518 
 1104   3437.92549568035 
 1105   3394.69232142201 
 1106   3377.64505459848 
 1107   3368.48156496247 
 1108   3327.21288166429 
 1109   3268.30238082494 
 1110   3250.59642206603 
 1111   3231.76415059369 
 1112   3191.86454419052 
 1113   3180.4781180552 
 1114   3204.35848195145 
 1115   3154.92486356986 
 1116   3110.96843193256 
 1117   3114.71427062126 
 1118   3121.8968615376 
 1119   3112.63237170144 
 1120   3130.80571098019 
 1121   3128.46611467986 
 1122   3099.21796199458 
 1123   3063.78655114653 
 1124   3042.00323284431 
 1125   3028.69584930685 
 1126   2991.05968369423 
 1127   2960.27873761999 
 1128   2930.1833465264 
 1129   2911.56177447012 
 1130   2915.30206029596 
 1131   2907.95829140119 
 1132   2901.57022000167 
 1133   2890.01237498373 
 1134   2881.49036947443 
 1135   2881.37802136653 
 1136   2885.61015808472 
 1137   2897.54431115633 
 1138   2885.6050743094 
 1139   2900.98864380088 
 1140   2896.43418247162 
 1141   2854.42785435946 
 1142   2872.20833211829 
 1143   2886.64260270257 
 1144   2883.72431219282 
 1145   2885.25852676158 
 1146   2892.92018728052 
 1147   2905.02422226878 
 1148   2941.96602923583 
 1149   2984.14357722293 
 1150   3002.93944213031 
 1151   3024.05418067821 
 1152   3060.38273706927 
 1153   3091.92972684698 
 1154   3130.73410444547 
 1155   3184.26151242496 
 1156   3245.76435019501 
 1157   3301.56114973001 
 1158   3356.78613776245 
 1159   3431.13407156461 
 1160   3518.31262304025 
 1161   3595.28526513789 
 1162   3677.23687464453 
 1163   3768.69187138813 
 1164   3847.02823477079 
 1165   3907.68740820649 
 1166   3987.40183900373 
 1167   4075.5469866199 
 1168   4149.43371758196 
 1169   4228.75488618485 
 1170   4310.45355714936 
 1171   4349.92180823174 
 1172   4388.05899682898 
 1173   4428.33202397903 
 1174   4437.89844131788 
 1175   4433.88568715263 
 1176   4439.0603285183 
 1177   4423.62200043976 
 1178   4402.80923136071 
 1179   4403.29816690593 
 1180   4404.79973686709 
 1181   4396.62261523925 
 1182   4412.53935697687 
 1183   4465.76956384796 
 1184   4489.41404792117 
 1185   4504.09003167913 
 1186   4510.3606531139 
 1187   4500.83769346885 
 1188   4492.43079457313 
 1189   4495.76215434663 
 1190   4481.68859209152 
 1191   4442.20265395427 
 1192   4398.41035735705 
 1193   4375.28048772681 
 1194   4369.27796016638 
 1195   4349.42821845747 
 1196   4306.86518751841 
 1197   4279.40193918389 
 1198   4244.41974916259 
 1199   4202.30205185207 
 1200   4173.55853023768 
 1201   4138.83070903977 
 1202   4078.64062913764 
 1203   4033.20696577804 
 1204   4001.30208530806 
 1205   3940.75984308029 
 1206   3872.07589786852 
 1207   3841.01360008837 
 1208   3799.38847501516 
 1209   3759.00704129945 
 1210   3716.26057312545 
 1211   3679.73383152454 
 1212   3661.29683464105 
 1213   3655.2097701994 
 1214   3648.71096977788 
 1215   3635.56465823716 
 1216   3609.92148301037 
 1217   3574.04826264666 
 1218   3559.87663133089 
 1219   3554.57881382472 
 1220   3508.80093702173 
 1221   3481.75239487947 
 1222   3461.88626492885 
 1223   3444.51020874872 
 1224   3450.65352401558 
 1225   3476.98525109526 
 1226   3489.54224057918 
 1227   3488.2602613342 
 1228   3513.04292291834 
 1229   3508.55877618709 
 1230   3504.76682825324 
 1231   3525.46757831443 
 1232   3540.49017205977 
 1233   3545.51188732429 
 1234   3541.49209606762 
 1235   3561.04231701216 
 1236   3570.03260708882 
 1237   3592.44037336947 
 1238   3632.58413335364 
 1239   3645.89668441555 
 1240   3668.89231786206 
 1241   3691.52320966542 
 1242   3702.92128743403 
 1243   3712.46062971591 
 1244   3746.51603442155 
 1245   3787.79504295586 
 1246   3801.43258425019 
 1247   3835.34373381379 
 1248   3839.79494638717 
 1249   3851.0091495865 
 1250   3915.31507767327 
 1251   3989.41772758767 
 1252   4011.39438791248 
 1253   4023.08232272326 
 1254   4094.1921233788 
 1255   4140.93537326009 
 1256   4204.26647655759 
 1257   4266.51329109614 
 1258   4284.74983661088 
 1259   4301.60102577827 
 1260   4342.93384544535 
 1261   4390.92453295307 
 1262   4433.67375796464 
 1263   4501.39270605563 
 1264   4570.93705954667 
 1265   4622.02896763624 
 1266   4689.33156411451 
 1267   4766.93619588681 
 1268   4831.64289783623 
 1269   4877.22761456334 
 1270   4955.32197624457 
 1271   5019.97961993945 
 1272   5049.68877766194 
 1273   5126.31990880167 
 1274   5220.63537989125 
 1275   5299.73708256228 
 1276   5383.85268119314 
 1277   5483.22258924882 
 1278   5592.90625478096 
 1279   5717.61566587214 
 1280   5851.89908551777 
 1281   5965.77411232302 
 1282   6080.83378273716 
 1283   6201.89915753991 
 1284   6322.54825880288 
 1285   6448.60444315521 
 1286   6560.35455589517 
 1287   6643.83208610499 
 1288   6757.17933040798 
 1289   6902.99076258435 
 1290   7028.78172942117 
 1291   7141.32396454717 
 1292   7272.7085146048 
 1293   7404.47352582793 
 1294   7517.62855079063 
 1295   7646.93406613634 
 1296   7770.73239515326 
 1297   7881.23123121255 
 1298   8013.06264808672 
 1299   8139.92568432593 
 1300   8256.04644576776 
 1301   8400.63267439498 
 1302   8575.71812350364 
 1303   8762.5966298688 
 1304   8914.05000559561 
 1305   9071.2133077405 
 1306   9206.40605648101 
 1307   9320.66590401577 
 1308   9445.42759620843 
 1309   9550.75226278234 
 1310   9614.43793901539 
 1311   9673.9276276999 
 1312   9710.04667837628 
 1313   9714.93887660848 
 1314   9700.74446342517 
 1315   9668.49453707444 
 1316   9610.74495474968 
 1317   9525.69077923595 
 1318   9410.78379453846 
 1319   9281.37428515752 
 1320   9112.96672766473 
 1321   8937.22397290286 
 1322   8765.04887953157 
 1323   8584.00342899218 
 1324   8407.56613258702 
 1325   8241.61247924009 
 1326   8070.65395013323 
 1327   7865.97021573033 
 1328   7741.05495116181 
 1329   7603.27320811056 
 1330   7438.42677116492 
 1331   7403.81643702841 
 1332   7514.89101103428 
 1333   7604.40165814392 
 1334   7544.86200815498 
 1335   7463.88203092065 
 1336   7424.52215128028 
 1337   7399.10229606116 
 1338   7399.17700173478 
 1339   7210.9612253394 
 1340   6791.45690879882 
 1341   6743.4697866699 
 1342   6709.10166663375 
 1343   6679.97436312079 
 1344   6625.74127883186 
 1345   6521.63940340332 
 1346   6454.71089383673 
 1347   6433.74185078453 
 1348   6386.90031389151 
 1349   6365.14526545334 
 1350   6330.09489110305 
 1351   6326.81011042406 
 1352   6337.06971868425 
 1353   6411.05720378785 
 1354   6492.21319932994 
 1355   6521.74468048288 
 1356   6585.21289074473 
 1357   6679.36201477841 
 1358   6763.08102459539 
 1359   6895.22909290867 
 1360   7015.57303218229 
 1361   7138.41303070751 
 1362   7307.72479671789 
 1363   7485.04862361032 
 1364   7687.80653251447 
 1365   8007.58297110549 
 1366   8347.13296804826 
 1367   8684.99250588136 
 1368   9080.38343732655 
 1369   9509.27095197319 
 1370   9935.47840413228 
 1371   10411.1208806949 
 1372   10851.1903993105 
 1373   11111.7767531395 
 1374   11327.7597656248 
 1375   11470.6323393693 
 1376   11629.6188852608 
 1377   11634.9885156189 
 1378   11521.4550731347 
 1379   11383.735651475 
 1380   11224.3067589934 
 1381   11062.3024318996 
 1382   10933.5679158891 
 1383   10844.8984332483 
 1384   10810.2063197725 
 1385   10859.5884307553 
 1386   10996.9506813693 
 1387   11231.8381114696 
 1388   11574.7736054201 
 1389   12003.890878351 
 1390   12529.2172823522 
 1391   13217.1564212301 
 1392   14036.7851292923 
 1393   14891.7982737909 
 1394   15778.7608784124 
 1395   16780.7242589018 
 1396   17803.0239019448 
 1397   18817.9157308918 
 1398   19867.7975973611 
 1399   20830.8951475536 
 1400   21658.8378383984 
 1401   22498.8808376258 
 1402   23091.6409277805 
 1403   23675.0217921893 
 1404   24275.2628901097 
 1405   24877.821659129 
 1406   25501.8041957777 
 1407   26160.1443941118 
 1408   26936.353386849 
 1409   27885.6865978533 
 1410   28873.3181925757 
 1411   29854.1943210721 
 1412   31009.206400051 
 1413   32189.8368959094 
 1414   33403.968695096 
 1415   34575.0081394697 
 1416   35602.3545431478 
 1417   36349.1090169354 
 1418   36754.0588243329 
 1419   36973.907635714 
 1420   36955.9440965859 
 1421   36975.7214553568 
 1422   36469.9727246339 
 1423   35587.3860977084 
 1424   34553.8298208977 
 1425   33434.6911198681 
 1426   32206.6572276132 
 1427   30812.79517877 
 1428   29355.7796361986 
 1429   27959.1691905861 
 1430   26556.2926427945 
 1431   25281.9133225759 
 1432   24018.8202929603 
 1433   22846.6499373137 
 1434   21824.5519315079 
 1435   20844.7227256262 
 1436   19868.736715981 
 1437   18953.8451961069 
 1438   18116.1269867327 
 1439   17371.7129816056 
 1440   16711.8008074967 
 1441   16078.8135081577 
 1442   15358.0795274917 
 1443   14593.375916998 
 1444   13981.3553003802 
 1445   13495.9340733659 
 1446   13038.3079208792 
 1447   12596.2168917274 
 1448   12196.5960282463 
 1449   11847.7681997287 
 1450   11548.3983854379 
 1451   11574.0311753577 
 1452   11358.7496256894 
 1453   11053.6159833935 
 1454   10771.6412096077 
 1455   10517.0454255163 
 1456   10219.7179472841 
 1457   9886.095759707 
 1458   9599.76205351788 
 1459   9310.09842790964 
 1460   8987.39712673578 
 1461   8700.66470378568 
 1462   8407.83772390961 
 1463   8123.34418826959 
 1464   7869.01575868356 
 1465   7608.7717118755 
 1466   7346.19448110566 
 1467   7138.43663519906 
 1468   6971.42361444203 
 1469   6808.8196332812 
 1470   6647.14026670139 
 1471   6480.5806974803 
 1472   6394.44622191879 
 1473   6316.83894843832 
 1474   6231.65887076961 
 1475   6163.54563317822 
 1476   6085.66365531297 
 1477   6015.79740304818 
 1478   5964.36035273819 
 1479   5917.32289862246 
 1480   5867.44414604804 
 1481   5813.25118954233 
 1482   5760.02174842098 
 1483   5708.36136646287 
 1484   5658.13069293295 
 1485   5583.4352085972 
 1486   5580.23441454061 
 1487   5508.30281041119 
 1488   5429.86790918918 
 1489   5386.74232854203 
 1490   5352.4698569518 
 1491   5304.18844981465 
 1492   5251.57224178536 
 1493   5192.9145002018 
 1494   5117.261737711 
 1495   5118.83532775058 
 1496   5091.57705382279 
 1497   5051.10390777412 
 1498   4989.93932698576 
 1499   4973.8967895147 
 1500   4972.06730105093 
 1501   4961.07036048311 
 1502   4923.68416550785 
 1503   4883.05860678032 
 1504   4860.22588020332 
 1505   4839.2931451667 
 1506   4823.08963594217 
 1507   4791.84352571879 
 1508   4756.66102487076 
 1509   4720.13376896629 
 1510   4683.95944178502 
 1511   4659.83812362948 
 1512   4663.74112953276 
 1513   4630.3079337787 
 1514   4582.1288551805 
 1515   4553.46900323854 
 1516   4526.60228484845 
 1517   4520.86008547109 
 1518   4521.08329059209 
 1519   4466.00909924616 
 1520   4412.56990372891 
 1521   4423.05581411394 
 1522   4462.7392624315 
 1523   4450.55706443963 
 1524   4435.71553769586 
 1525   4399.18336629691 
 1526   4377.71255521715 
 1527   4393.29363057376 
 1528   4377.84171860512 
 1529   4315.19079191656 
 1530   4273.30930207545 
 1531   4254.76200420484 
 1532   4240.02388647548 
 1533   4245.18126710138 
 1534   4225.65276734505 
 1535   4214.23768481978 
 1536   4195.63163759649 
 1537   4168.35783571821 
 1538   4123.81399081396 
 1539   4074.29690659774 
 1540   4021.17141826362 
 1541   3960.09212870077 
 1542   3888.97377756186 
 1543   3836.74954849679 
 1544   3806.79025629475 
 1545   3808.30271886453 
 1546   3838.09679473303 
 1547   3857.14323023858 
 1548   3893.82649281959 
 1549   3933.01779850915 
 1550   3959.64006847197 
 1551   4031.47712522442 
 1552   4059.02057709542 
 1553   4024.54062983062 
 1554   4012.63166818459 
 1555   4006.46820763888 
 1556   4011.87580373946 
 1557   4027.00291188933 
 1558   4009.42005606099 
 1559   3973.03776617121 
 1560   3967.93570789479 
 1561   3971.59589787555 
 1562   3952.66580808386 
 1563   3942.4003895652 
 1564   3933.15427845148 
 1565   3908.86795486964 
 1566   3901.28774361943 
 1567   3903.97165628399 
 1568   3933.37425341695 
 1569   3997.62737555999 
 1570   3972.65753428361 
 1571   3946.52695797241 
 1572   3960.6611980854 
 1573   3934.31881438951 
 1574   3916.63920542817 
 1575   3926.29420493866 
 1576   3903.28610339156 
 1577   3903.30824934575 
 1578   3948.41693156091 
 1579   3944.54729344499 
 1580   3935.77470683698 
 1581   3984.80555439957 
 1582   3990.86723956288 
 1583   3973.85478401925 
 1584   3968.77674598899 
 1585   4005.86066710197 
 1586   4044.97272057989 
 1587   4100.20169183458 
 1588   4120.41585787007 
 1589   4114.57754083613 
 1590   4118.33071456076 
 1591   4143.39393912444 
 1592   4118.6753418356 
 1593   4068.02642464024 
 1594   4054.33948083508 
 1595   4062.79113975539 
 1596   4083.0429573649 
 1597   4106.3433235306 
 1598   4125.99747272828 
 1599   4162.41418123855 
 1600   4203.2434200973 
 1601   4241.80123676621 
 1602   4277.5467352901 
 1603   4310.77424659979 
 1604   4375.92609565962 
 1605   4440.78932370908 
 1606   4483.24179446767 
 1607   4551.4346654762 
 1608   4591.3388872426 
 1609   4604.82954151391 
 1610   4643.34627242997 
 1611   4691.44817337587 
 1612   4717.81467001954 
 1613   4755.36587647631 
 1614   4781.21350146791 
 1615   4826.60143786192 
 1616   4918.21582214018 
 1617   5005.11020122266 
 1618   5076.07822764866 
 1619   5147.1214451057 
 1620   5246.7104494728 
 1621   5371.86585635034 
 1622   5579.58884948649 
 1623   5804.30675885644 
 1624   6089.50046168495 
 1625   6482.20155145498 
 1626   6954.74258076001 
 1627   7521.44410899103 
 1628   8256.60572504359 
 1629   8990.30579194959 
 1630   9870.93025796268 
 1631   10875.4423687248 
 1632   11958.0334178025 
 1633   13096.1504848351 
 1634   14289.4778092905 
 1635   15510.1826191876 
 1636   16630.1602573382 
 1637   17598.5930042903 
 1638   18396.9072343051 
 1639   18938.332159155 
 1640   19160.5470403093 
 1641   19027.9199889105 
 1642   18525.817619836 
 1643   17733.6139761628 
 1644   16721.4755189044 
 1645   15513.8465111455 
 1646   14213.9567542973 
 1647   12906.6987690989 
 1648   11692.1665358089 
 1649   10515.4299689013 
 1650   9457.82332763295 
 1651   8589.96277081409 
 1652   7832.74762999016 
 1653   7263.86140174319 
 1654   6769.56321445059 
 1655   6264.66732707089 
 1656   5985.84408901252 
 1657   5811.77811736989 
 1658   5629.07025952517 
 1659   5503.25649573683 
 1660   5462.19282201658 
 1661   5401.97516997537 
 1662   5371.29233085539 
 1663   5336.90813073257 
 1664   5315.21798039831 
 1665   5310.80388642898 
 1666   5317.4944210081 
 1667   5343.54436091002 
 1668   5360.03844023015 
 1669   5356.90887262356 
 1670   5378.65407068284 
 1671   5421.23794007426 
 1672   5485.09438018277 
 1673   5556.36890425811 
 1674   5622.00436333767 
 1675   5737.55267764117 
 1676   5858.63502883731 
 1677   6031.23621277897 
 1678   6244.65504214087 
 1679   6447.22724794463 
 1680   6706.54777034216 
 1681   7024.67935191628 
 1682   7379.24050864446 
 1683   7784.60928855685 
 1684   8262.67324631214 
 1685   8712.5821761766 
 1686   9309.25618448616 
 1687   9942.14505543656 
 1688   10638.0725271409 
 1689   11351.9151345191 
 1690   12180.9367035407 
 1691   12992.5382173169 
 1692   13874.6233588052 
 1693   14732.0597056623 
 1694   15525.6026445827 
 1695   16321.0519451768 
 1696   17040.1003664595 
 1697   17538.6628666474 
 1698   18028.9269924263 
 1699   18325.8365359493 
 1700   18428.9407458103 
 1701   18483.617304739 
 1702   18616.6141299179 
 1703   18843.5415543604 
 1704   18616.1147737829 
 1705   18129.6177716816 
 1706   17688.6666421176 
 1707   17186.5768880851 
 1708   16613.6226882248 
 1709   15665.2240705381 
 1710   14730.15553421 
 1711   13902.4714803611 
 1712   13165.8701377629 
 1713   12492.4545934867 
 1714   11831.0808327623 
 1715   11212.6378473122 
 1716   10609.0959982078 
 1717   10017.9621831388 
 1718   9423.69175869171 
 1719   8886.61593156557 
 1720   8386.08900403692 
 1721   7892.31828515483 
 1722   7458.4554751026 
 1723   7042.40393031513 
 1724   6637.67842973844 
 1725   6284.1627037948 
 1726   5954.71921376727 
 1727   5657.64230830546 
 1728   5364.1781781702 
 1729   5097.79670718695 
 1730   4892.70888269107 
 1731   4708.3907738714 
 1732   4528.53630403129 
 1733   4356.58351327722 
 1734   4203.24716138427 
 1735   4080.90630777654 
 1736   3973.9423921459 
 1737   3853.69338025901 
 1738   3741.84329782431 
 1739   3630.48227927675 
 1740   3517.793225346 
 1741   3439.25437569159 
 1742   3372.71018145782 
 1743   3279.52757298417 
 1744   3179.91563684672 
 1745   3087.72128131349 
 1746   3000.06102077979 
 1747   2953.45607234659 
 1748   2879.71625381592 
 1749   2812.90424578157 
 1750   2748.83972605194 
 1751   2719.24799529359 
 1752   2688.92964045357 
 1753   2667.12541278208 
 1754   2616.21435855954 
 1755   2582.87326030204 
 1756   2557.98074716088 
 1757   2533.38586751845 
 1758   2486.50478779425 
 1759   2468.697644994 
 1760   2483.68880851131 
 1761   2478.02432253038 
 1762   2436.25111550263 
 1763   2393.06276124252 
 1764   2366.98061554104 
 1765   2344.53824308718 
 1766   2313.49553464876 
 1767   2253.06130684299 
 1768   2236.51064576858 
 1769   2205.82004853381 
 1770   2197.04544699978 
 1771   2196.14298198859 
 1772   2175.39956904864 
 1773   2167.69114972905 
 1774   2144.99523215266 
 1775   2121.8149454435 
 1776   2133.91480275177 
 1777   2123.48016143508 
 1778   2122.12909039649 
 1779   2128.73852660302 
 1780   2116.96317738746 
 1781   2111.02008119002 
 1782   2095.3170197654 
 1783   2091.18654348899 
 1784   2077.44002074279 
 1785   2037.92756282844 
 1786   2025.27156762015 
 1787   2023.34842759703 
 1788   2019.24421222921 
 1789   2010.41384346563 
 1790   1991.90241087603 
 1791   1980.92078060003 
 1792   1986.45458151302 
 1793   1981.37639906298 
 1794   1966.43799961745 
 1795   1940.79793313088 
 1796   1929.09757973543 
 1797   1942.54206350215 
 1798   1859.45093428602 
 1799   1791.34580970726 
 1800   1780.53802095825 
 1801   1763.33053188414 
 1802   1771.18890733586 
 1803   1765.9908158356 
 1804   1736.7571959765 
 1805   1808.09209979317 
 1806   1837.67802011728 
 1807   1852.94273063262 
 1808   1908.20683901817 
 1809   1913.98753757666 
 1810   1884.54297139902 
 1811   1882.84793498544 
 1812   1908.67262010587 
 1813   1910.2127125853 
 1814   1868.76356504288 
 1815   1821.74623772608 
 1816   1802.50634586397 
 1817   1825.66433423586 
 1818   1827.32624311241 
 1819   1804.95654762842 
 1820   1802.29754615517 
 1821   1789.21874315791 
 1822   1791.92720088501 
 1823   1798.04187565182 
 1824   1770.93146570014 
 1825   1752.90752462455 
 1826   1738.49752257016 
 1827   1736.77222537268 
 1828   1707.07318259954 
 1829   1671.48120111494 
 1830   1650.46150942532 
 1831   1670.11914642802 
 1832   1649.87793502372 
 1833   1609.25707078161 
 1834   1568.46354854114 
 1835   1583.44118879761 
 1836   1590.93244217134 
 1837   1600.99963871577 
 1838   1580.47552172581 
 1839   1595.09218157619 
 1840   1616.90689810245 
 1841   1616.5315357052 
 1842   1600.8372483404 
 1843   1599.46113460692 
 1844   1592.72496305199 
 1845   1587.33698342717 
 1846   1570.76465317197 
 1847   1559.58918848595 
 1848   1577.00210334899 
 1849   1590.90585587576 
 1850   1584.70925481705 
 1851   1601.70629032997 
 1852   1616.52142453987 
 1853   1622.73296011879 
 1854   1623.23679611268 
 1855   1609.68062138239 
 1856   1596.95245936434 
 1857   1583.7052701439 
 1858   1559.29581177813 
 1859   1539.35763191844 
 1860   1552.19410941536 
 1861   1576.27047428269 
 1862   1571.61248538127 
 1863   1575.1679986309 
 1864   1590.49857430284 
 1865   1599.10534106681 
 1866   1613.96680520482 
 1867   1606.49076148856 
 1868   1586.18951924323 
 1869   1569.14618312817 
 1870   1549.55344278802 
 1871   1542.52042022035 
 1872   1528.40965470435 
 1873   1517.575185034 
 1874   1499.76894850434 
 1875   1493.65622692846 
 1876   1492.02282671813 
 1877   1488.9442249736 
 1878   1480.56714527152 
 1879   1485.66843325229 
 1880   1488.85088781431 
 1881   1506.57169163892 
 1882   1506.79137367172 
 1883   1508.55507092602 
 1884   1513.2115191677 
 1885   1516.35264266862 
 1886   1511.49135679465 
 1887   1482.43492555952 
 1888   1493.96893497625 
 1889   1517.7595441636 
 1890   1515.90311944782 
 1891   1501.52326479411 
 1892   1472.95527889543 
 1893   1469.81017620519 
 1894   1488.25981265347 
 1895   1461.2174144716 
 1896   1420.90951737193 
 1897   1413.13377505749 
 1898   1429.95990853161 
 1899   1435.15393459609 
 1900   1439.54897550338 
 1901   1364.47068417577 
 1902   1388.89627060041 
 1903   1391.55705758817 
 1904   1374.44887013959 
 1905   1347.74770020102 
 1906   1336.59990800021 
 1907   1311.45755226756 
 1908   1315.54043615157 
 1909   1309.56759001751 
 1910   1296.38633773264 
 1911   1306.36677675026 
 1912   1326.96162862662 
 1913   1321.27501171071 
 1914   1338.49890693662 
 1915   1324.19857462791 
 1916   1322.70008936015 
 1917   1307.6942737321 
 1918   1264.39215937517 
 1919   1252.07781573569 
 1920   1257.27260744754 
 1921   1252.11952937302 
 1922   1274.8351697471 
 1923   2396.97437931991 
 1924   2344.69943508159 
 1925   2360.54390580381 
 1926   2348.60493997406 
 1927   2313.46655273473 
 1928   2408.6713219963 
 1929   1802.69938446699 
 1930   1040.83068597649 
 1931   1154.71924127867 
 1932   1102.01545774989 
 1933   1103.18959461258 
 1934   1092.67571090499 
 1935   1076.55826462993 
 1936   1096.75512277753 
 1937   1107.8797654211 
 1938   1135.25023540706 
 1939   1141.40473977396 
 1940   1111.2376104636 
 1941   1115.29656314929 
 1942   1128.23754314554 
 1943   1108.27303435875 
 1944   1096.03917405472 
 1945   1088.62993509352 
 1946   1058.70346307764 
 1947   1292.88534054389 
 1948   1420.40377024334 
 1949   1388.18823567698 
 1950   1410.55497198014 
 1951   1411.34864167326 
 1952   1420.53231199157 
 1953   1404.05360111699 
 1954   1252.55342308235 
 1955   1112.18767740837 
 1956   1085.26680976814 
 1957   1063.94686938245 
 1958   1038.07188312015 
 1959   1029.97227804384 
 1960   1032.7279627275 
 1961   1012.33332160489 
 1962   1017.21848656526 
 1963   1024.82319701442 
 1964   1020.96275957885 
 1965   1026.58888020116 
 1966   1019.7738930144 
 1967   1016.40863410881 
 1968   1004.37451712572 
 1969   974.387855668937 
 1970   982.895212977597 
 1971   962.278975850507 
 1972   950.318428777897 
 1973   934.754174923628 
 1974   928.421966567552 
 1975   951.478864333441 
 1976   940.190213110412 
 1977   946.843461753225 
 1978   948.507446937782 
 1979   946.743773903876 
 1980   940.94738302677 
 1981   937.101216283299 
 1982   891.504036779993 
 1983   885.901369983109 
 1984   886.655571445839 
 1985   906.000182605079 
 1986   944.520063746906 
 1987   960.452128210639 
 1988   962.567474204615 
 1989   978.050129690434 
 1990   962.008680687418 
 1991   936.645740884904 
 1992   887.443387205303 
 1993   809.676604988969 
 1994   825.516889021371 
 1995   837.316626033088 
 1996   829.981689667865 
 1997   824.03733829314 
 1998   809.555170535721 
 1999   835.710761379082 
 2000   834.373055004542 
 2001   814.553226425804 
 2002   802.368226399033 
 2003   790.197818799704 
 2004   788.223444393551 
 2005   772.327743727768 
 2006   781.582845612676 
 2007   765.355622238086 
 2008   758.652565126634 
 2009   755.130924575133 
 2010   762.554456388937 
 2011   789.894607055555 
 2012   777.38400501939 
 2013   767.281622292404 
 2014   771.41471431898 
 2015   789.06874860735 
 2016   776.796536245032 
 2017   750.45658015859 
 2018   772.322297987066 
 2019   714.859958207762 
 2020   1157.14166116374 
 2021   1884.06235856688 
 2022   1743.08125515524 
 2023   1737.66068695806 
 2024   1715.22563440673 
 2025   1687.55171563355 
 2026   1756.73071120034 
 2027   678.778778838169 
 2028   707.326881841864 
 2029   682.396152889809 
 2030   683.738676860873 
 2031   683.594456279231 
 2032   664.676426136821 
 2033   646.645671341028 
 2034   636.079171726394 
 2035   644.142008166177 
 2036   687.903995424285 
 2037   678.733473320139 
 2038   656.172554296163 
 2039   640.265775800818 
 2040   658.134901060452 
 2041   658.019970054869 
 2042   662.600187231531 
 2043   640.397850351625 
 2044   646.621281795145 
 2045   625.416188352737 
 2046   598.519022733944 
 2047   580.737429493185 
 2048   553.810204979928 
 2049   546.083609095356 
 2050   514.735517303972 
 2051   506.753005264423 
 2052   520.200847401632 
 2053   538.283453786163 
 2054   549.853783094139 
 2055   537.966371188069 
 2056   556.539899980314 
 2057   576.038777560648 
 2058   580.725560839308 
 2059   563.525729108616 
 2060   550.291772753207 
 2061   554.728481934456 
 2062   594.530538955438 
 2063   584.999995173099 
 2064   575.684527350098 
 2065   563.878587042141 
 2066   574.422613200451 
 2067   567.836739184288 
 2068   553.151834861514 
 2069   523.410482315032 
 2070   527.695219431804 
 2071   521.380497579251 
 2072   540.639352029237 
 2073   539.236438051266 
 2074   551.273163052937 
 2075   522.503650255957 
 2076   528.546644723688 
 2077   533.304144774 
 2078   536.755785706028 
 2079   506.086687678327 
 2080   500.221606687429 
 2081   531.946677983693 
 2082   538.594680983433 
 2083   544.753404107134 
 2084   535.452222650654 
 2085   532.875615787288 
 2086   545.353115136086 
 2087   483.134225093672 
 2088   469.708791229374 
 2089   464.147959071045 
 2090   447.704440141136 
 2091   466.8576552099 
 2092   439.367224044963 
 2093   474.355189043491 
 2094   512.194768433189 
 2095   481.456151787958 
 2096   473.035169787022 
 2097   455.889533513597 
 2098   457.33865781819 
 2099   441.51151277593 
 2100   399.322642783991 
 2101   441.654665501343 
 2102   451.407370966412 
 2103   450.289838181389 
 2104   435.635642833619 
 2105   445.337337375206 
 2106   467.672301259546 
 2107   434.27417900426 
 2108   454.339333558495 
 2109   459.256010601625 
 2110   462.851096001137 
 2111   446.452462810795 
 2112   411.02252850132 
 2113   414.787767328534 
 2114   401.114015971322 
 2115   383.857300280302 
 2116   372.911174373598 
 2117   386.89579871542 
 2118   409.094667942458 
 2119   410.620467010174 
 2120   381.014568719699 
 2121   371.987515888557 
 2122   380.051953286538 
 2123   363.634345040434 
 2124   367.711524903797 
 2125   354.526260546831 
 2126   372.132663172733 
 2127   371.742995515439 
 2128   353.708480641696 
 2129   342.519656759366 
 2130   330.552741794808 
 2131   323.868261334318 
 2132   315.643198313991 
 2133   298.989432584522 
 2134   319.058503750181 
 2135   337.986928325315 
 2136   342.047152318195 
 2137   328.914011574595 
 2138   310.722602791254 
 2139   325.011226950629 
 2140   295.111517023459 
 2141   295.316603385081 
 2142   281.991160356948 
 2143   296.162537645376 
 2144   308.018940191999 
 2145   324.271352038691 
 2146   333.734630372786 
 2147   356.599934960348 
 2148   359.099196516594 
 2149   358.795312197507 
 2150   361.345194618037 
 2151   343.285022667244 
 2152   361.964867846484 
 2153   358.436297652529 
 2154   366.232574239337 
 2155   388.99797212388 
 2156   371.562552871382 
 2157   374.044991997225 
 2158   362.739056564969 
 2159   326.297762625219 
 2160   310.893454037402 
 2161   306.442892024697 
 2162   343.340231668708 
 2163   339.11791666713 
 2164   335.511202807291 
 2165   364.885871140425 
 2166   462.093589139468 
 2167   445.834176896874 
 2168   410.930259427823 
 2169   431.869451865025 
 2170   441.73809062059 
 2171   403.011961274348 
 2172   338.437383211877 
 2173   320.482577784758 
 2174   321.308095077073 
 2175   319.430974898862 
 2176   311.082879568708 
 2177   345.085039245254 
 2178   339.416170095535 
 2179   348.13990385637 
 2180   353.688573955885 
 2181   347.252743317104 
 2182   344.187352484182 
 2183   323.826198682301 
 2184   305.191656017686 
 2185   320.268600379191 
 2186   321.518068713275 
 2187   295.156653709141 
 2188   303.034427138406 
 2189   311.838039554128 
 2190   310.863658486603 
 2191   285.45032884417 
 2192   294.655717366602 
 2193   315.098558408799 
 2194   301.268013270065 
 2195   298.3113043815 
 2196   290.751930469241 
 2197   283.574747183125 
 2198   275.382361339877 
 2199   265.622992063637 
 2200   270.080627804321 
 2201   272.235156894037 
 2202   281.48293259472 
 2203   291.629395015302 
 2204   311.556452863427 
 2205   302.960640246613 
 2206   297.246333785861 
 2207   313.295027453205 
 2208   326.475638768061 
 2209   301.191871872003 
 2210   270.273607052649 
 2211   296.722818441261 
 2212   280.876070700061 
 2213   272.033248754408 
 2214   263.708305225055 
 2215   274.485831977237 
 2216   283.206502192666 
 2217   258.584089954114 
 2218   272.424184945535 
 2219   255.65250103513 
 2220   256.589410063744 
 2221   264.407079305028 
 2222   265.695214003272 
 2223   278.162153755052 
 2224   297.396155892559 
 2225   318.46914182302 
 2226   311.169371761182 
 2227   307.297665105796 
 2228   291.388777666759 
 2229   306.609566054921 
 2230   295.826275286698 
 2231   316.743691492245 
 2232   60.0210742845447 
 2233   1832.44765989361 
 2234   2747.62088379905 
 2235   2622.58672122474 
 2236   2617.88610416399 
 2237   2554.85988509898 
 2238   2834.91960214729 
 2239   921.830856956493 
 2240   139.957177367045 
 2241   220.385632594975 
 2242   224.59638330684 
 2243   258.198421342246 
 2244   268.407756584295 
 2245   266.655858118423 
 2246   279.667564654714 
 2247   267.925316361126 
 2248   255.578599809984 
 2249   240.604482133901 
 2250   230.850610850114 
 2251   252.40232410898 
 2252   251.504726534556 
 2253   248.775666599668 
 2254   260.537854314359 
 2255   261.722200098093 
 2256   265.061480279123 
 2257   253.218838383019 
 2258   266.734288354535 
 2259   275.075569910715 
 2260   286.499869650412 
 2261   292.787643066208 
 2262   304.339747166309 
 2263   305.976278228294 
 2264   294.64731891331 
 2265   280.395218752028 
 2266   274.258805192079 
 2267   263.137213595974 
 2268   231.427416977029 
 2269   221.936390061106 
 2270   206.834600438503 
 2271   213.126374852844 
 2272   224.554677028378 
 2273   243.64310205765 
 2274   243.917533979637 
 2275   226.39211588845 
 2276   241.598749106202 
 2277   225.228284875793 
 2278   213.873824655399 
 2279   212.506561943539 
 2280   220.447904838126 
 2281   244.83047630668 
 2282   243.243979349922 
 2283   260.070082445617 
 2284   245.337307045595 
 2285   204.62422151375 
 2286   228.701331859375 
 2287   248.168990955718 
 2288   262.635356189471 
 2289   271.554209911107 
 2290   287.989512233613 
 2291   299.074319231309 
 2292   280.467702871255 
 2293   277.741367769544 
 2294   261.737683495676 
 2295   257.961401013205 
 2296   212.409211631165 
 2297   228.672896033643 
 2298   242.486473838612 
 2299   239.710030259196 
 2300   268.301458808631 
 2301   267.552101850778 
 2302   300.938660948795 
 2303   273.650110349991 
 2304   252.103772749772 
 2305   222.552983987621 
 2306   202.905733530592 
 2307   213.572802339556 
 2308   210.251462771664 
 2309   221.689657220746 
 2310   243.682279617372 
 2311   262.451713905139 
 2312   270.01407533083 
 2313   277.330568074656 
 2314   269.001813401971 
 2315   256.689474889423 
 2316   232.316630120322 
 2317   229.983545235261 
 2318   215.818503349326 
 2319   213.236611807009 
 2320   238.068083924591 
 2321   279.526119343724 
 2322   304.359000636581 
 2323   303.129824612434 
 2324   313.054252817876 
 2325   310.097854359433 
 2326   291.333202107438 
 2327   265.411415045742 
 2328   281.349907606923 
 2329   277.57314619797 
 2330   248.173510167566 
 2331   240.153488426937 
 2332   250.006380067313 
 2333   221.943806704901 
 2334   197.794922269761 
 2335   217.90009383988 
 2336   231.498888334426 
 2337   244.625642084021 
 2338   249.26248478128 
 2339   279.967141680812 
