05-29-2020  14:11:04
Wavenumber (cm-1)  CCD Output
 251   2577.25310448312 
 252   2635.39858944269 
 253   2697.92931469902 
 254   2739.44790652815 
 255   2785.01197357653 
 256   2847.46257460066 
 257   2915.62891365347 
 258   2977.89945129277 
 259   3029.87839356447 
 260   3076.02404883968 
 261   3123.04283367432 
 262   3169.34222132268 
 263   3204.57267028615 
 264   3243.77272737918 
 265   3302.16817006334 
 266   3375.29275452619 
 267   3442.59904883552 
 268   3494.41539702614 
 269   3555.53825600731 
 270   3641.97495443806 
 271   3745.70997074427 
 272   3825.77684200242 
 273   3911.80597590189 
 274   4047.90207148351 
 275   4181.09679366866 
 276   4305.8493542638 
 277   4457.6367107542 
 278   4641.00990236899 
 279   4844.33220449708 
 280   5053.2185738479 
 281   5275.64700213177 
 282   5520.46932065516 
 283   5786.34479791243 
 284   6048.55700943759 
 285   6313.01170823715 
 286   6619.02227846398 
 287   6955.15842026328 
 288   7303.19935511521 
 289   7661.12713910995 
 290   8042.01291631859 
 291   8449.03637884796 
 292   8868.37679606733 
 293   9322.7387076131 
 294   9820.13279092054 
 295   10321.1523218422 
 296   10814.7161689129 
 297   11291.0996557111 
 298   11722.669713784 
 299   12156.6446164181 
 300   12613.5849411178 
 301   12985.0661527183 
 302   13260.290056456 
 303   13498.5244792197 
 304   13756.8153747942 
 305   13972.1458003795 
 306   14061.603009277 
 307   14082.7068607459 
 308   14063.1953421142 
 309   13984.8928221428 
 310   13808.2757245023 
 311   13567.2869157927 
 312   13321.8305396408 
 313   13037.2293366966 
 314   12724.2877977599 
 315   12425.0465339161 
 316   12116.9063227731 
 317   11829.8775020569 
 318   11618.7143519611 
 319   11424.6693035966 
 320   11249.1168090677 
 321   11170.2820379286 
 322   11249.6973055554 
 323   11425.4265723424 
 324   11572.6419303919 
 325   11782.078731395 
 326   12103.3502327468 
 327   12480.8890183112 
 328   12843.0791249642 
 329   13207.615593577 
 330   13657.0284268078 
 331   14115.1447541312 
 332   14489.6604277295 
 333   14743.3560754729 
 334   14936.7493396669 
 335   15098.7709227599 
 336   15206.6797736506 
 337   15323.5057627974 
 338   15425.6038984635 
 339   15388.3400301175 
 340   15268.2027956883 
 341   15115.9179006852 
 342   14912.4951857493 
 343   14693.7376615842 
 344   14496.900107384 
 345   14329.1753484961 
 346   14157.8706879227 
 347   13968.7765948094 
 348   13788.6215538681 
 349   13650.875606604 
 350   13539.2270979653 
 351   13395.182407731 
 352   13281.5544648172 
 353   13224.548976953 
 354   13159.6105833756 
 355   13071.5783821828 
 356   12963.8492384043 
 357   12840.8402583277 
 358   12711.6704432396 
 359   12565.3537877514 
 360   12378.2796640164 
 361   12200.7203437654 
 362   12039.4868639202 
 363   11832.2536659905 
 364   11592.3008489643 
 365   11350.5634253474 
 366   11130.1691151568 
 367   10961.647378066 
 368   10829.6610178238 
 369   10685.8942415215 
 370   10593.6358680837 
 371   10574.4638392276 
 372   10579.6994608431 
 373   10634.8294769425 
 374   10782.3481655935 
 375   11042.4333589856 
 376   11365.5530461721 
 377   11709.962458892 
 378   12070.801988109 
 379   12478.391095363 
 380   12939.9055420951 
 381   13430.4995444861 
 382   13924.8052024155 
 383   14400.1377120097 
 384   14831.2324576875 
 385   15177.4040829537 
 386   15439.0783175745 
 387   15657.5180969174 
 388   15873.9752659632 
 389   16068.4843790705 
 390   16188.5072231291 
 391   16237.8887913258 
 392   16226.9058341807 
 393   16163.1812115722 
 394   16057.3099060951 
 395   15919.1294867257 
 396   15760.8781226655 
 397   15598.7791265577 
 398   15394.2551042495 
 399   15104.6318621623 
 400   14762.7750458499 
 401   14393.7219976471 
 402   14003.4524201289 
 403   13583.2259502716 
 404   13139.1497815422 
 405   12679.2945674467 
 406   12196.4101199148 
 407   11671.1181694029 
 408   11102.8800868079 
 409   10528.2500066119 
 410   9953.64535260145 
 411   9371.28016589699 
 412   8781.8853210567 
 413   8231.50677605097 
 414   7729.74562833448 
 415   7224.68024305518 
 416   6732.29568543491 
 417   6284.45086619831 
 418   5898.31638534377 
 419   5573.19296991644 
 420   5305.60456200758 
 421   5094.49274430668 
 422   4937.26568084205 
 423   4802.19120437945 
 424   4654.18543423597 
 425   4538.37006936972 
 426   4472.17345748127 
 427   4430.43816859691 
 428   4376.14429446764 
 429   4311.605547525 
 430   4248.77837800816 
 431   4154.85226089128 
 432   4053.33468056335 
 433   3981.80873755516 
 434   3925.22179735794 
 435   3874.6177284926 
 436   3826.56362774847 
 437   3777.38192090764 
 438   3738.74640200183 
 439   3708.14704107102 
 440   3660.26580242501 
 441   3624.57062862377 
 442   3613.46421649999 
 443   3598.0217052406 
 444   3588.01894808881 
 445   3581.89998995743 
 446   3559.58316484516 
 447   3531.20312695192 
 448   3501.88879525902 
 449   3471.20218332363 
 450   3456.39754844138 
 451   3445.08071537553 
 452   3419.9727857153 
 453   3411.49617682023 
 454   3391.39009159924 
 455   3331.498177011 
 456   3286.4340500361 
 457   3262.82691169428 
 458   3238.17457074238 
 459   3197.02410728769 
 460   3158.52693597039 
 461   3140.45418213723 
 462   3134.81733614702 
 463   3113.23841708127 
 464   3081.270091717 
 465   3076.24275881843 
 466   3079.78938202494 
 467   3067.11276132754 
 468   3038.31639797963 
 469   3042.39467781522 
 470   3058.04544537811 
 471   3037.68742189891 
 472   3013.99677688911 
 473   3013.78135327638 
 474   3034.83842916975 
 475   3044.62901884826 
 476   3046.67459473854 
 477   3051.80062827224 
 478   3055.65426924019 
 479   3062.53097979304 
 480   3072.71938056883 
 481   3077.7505497513 
 482   3070.75515786022 
 483   3051.08933425811 
 484   3027.34779329459 
 485   3018.6146691491 
 486   3016.23179822632 
 487   3005.54249080636 
 488   3006.70280398823 
 489   3006.67079515254 
 490   2991.02570395847 
 491   2981.65138271169 
 492   2992.05062106418 
 493   3012.10002508368 
 494   3014.1274786074 
 495   3010.96905100478 
 496   3012.46228755421 
 497   3011.63612828372 
 498   3005.00601171487 
 499   2996.42053081051 
 500   2995.13683933958 
 501   3008.54840529466 
 502   3017.07624005234 
 503   3007.24640000909 
 504   3005.90103912437 
 505   3008.85084910675 
 506   3009.49103820626 
 507   3020.67706777863 
 508   3048.49291090915 
 509   3081.34883926875 
 510   3100.18324537827 
 511   3118.57567947656 
 512   3148.84036398014 
 513   3194.54521052146 
 514   3256.23550088648 
 515   3338.56587789603 
 516   3432.01290904465 
 517   3509.60149105172 
 518   3642.64896106695 
 519   3753.36307735225 
 520   3627.09133135084 
 521   3650.44478228603 
 522   3915.1171203672 
 523   4139.12633206947 
 524   4403.56037155142 
 525   4746.1375257475 
 526   5120.11260924354 
 527   5505.95623314203 
 528   6004.13997297516 
 529   6627.61354879005 
 530   7189.42064054255 
 531   7732.70583664937 
 532   8276.91296751619 
 533   8737.31901082941 
 534   9137.25667371426 
 535   9480.4978876128 
 536   9734.49518576551 
 537   9877.17425451733 
 538   9909.15897486136 
 539   9839.33606318782 
 540   9670.13405310626 
 541   9407.49111210441 
 542   9079.51076920939 
 543   8723.5366581209 
 544   8310.65589046095 
 545   7847.80366698552 
 546   7384.08956780761 
 547   6950.46433366245 
 548   6529.32445430184 
 549   6102.42246738119 
 550   5702.22195872332 
 551   5367.62142359801 
 552   5078.64143813958 
 553   4773.7885850337 
 554   4528.12668455948 
 555   4361.05047437011 
 556   4216.17821403626 
 557   4058.45895595622 
 558   3926.5082405757 
 559   3853.80798245246 
 560   3796.85586534002 
 561   3746.80401958185 
 562   3716.34828075371 
 563   3712.15263294575 
 564   3698.02225958562 
 565   3682.98863432192 
 566   3700.20776566838 
 567   3734.62478840841 
 568   3803.81101173664 
 569   3916.88296951833 
 570   4044.4015423261 
 571   4209.6590279323 
 572   4427.29481777148 
 573   4697.02639003048 
 574   5064.83203472367 
 575   5524.76960388385 
 576   6046.52615176061 
 577   6632.03637591527 
 578   7223.22360044441 
 579   7820.96036158337 
 580   8517.74225266595 
 581   9279.3228409139 
 582   10023.5318677831 
 583   10698.3133988197 
 584   11346.4769211853 
 585   11915.3445630662 
 586   12342.0767426755 
 587   12632.4170456991 
 588   12674.9911545503 
 589   12480.8418200385 
 590   12188.3016023169 
 591   11770.488149743 
 592   11318.546718094 
 593   10876.7015939708 
 594   10225.3004209266 
 595   9470.72852140831 
 596   8745.45039033581 
 597   8030.65036627651 
 598   7357.54400895394 
 599   6776.96451749608 
 600   6316.40476831086 
 601   5931.95773112866 
 602   5513.02092846152 
 603   5056.19420442155 
 604   4718.57940453248 
 605   4489.95246543786 
 606   4283.65019458533 
 607   4064.91049958678 
 608   3970.46824243517 
 609   3931.15814032802 
 610   3863.32206111448 
 611   3840.41610313843 
 612   3795.1176406849 
 613   3856.97715826844 
 614   4175.90475733364 
 615   4299.01895680522 
 616   4265.00494225649 
 617   4292.8033741386 
 618   4309.1248712287 
 619   4349.79177728721 
 620   4427.52813626545 
 621   4492.66256473596 
 622   4535.83095695731 
 623   4582.83779491354 
 624   4662.01670075648 
 625   4771.71887250782 
 626   4882.70245666832 
 627   4989.65163745624 
 628   5113.25040151535 
 629   5247.84334958555 
 630   5391.43553729939 
 631   5553.50522559435 
 632   5749.6693592301 
 633   5972.58648348587 
 634   6192.9801160787 
 635   6396.83714248467 
 636   6651.38811011351 
 637   6945.59989383035 
 638   7243.5023650122 
 639   7565.49410044529 
 640   7935.58696192415 
 641   8348.17827507749 
 642   8777.58417854356 
 643   9227.64253906233 
 644   9749.44983096037 
 645   10345.919658315 
 646   10939.7840324776 
 647   11620.8752879154 
 648   12411.3491882867 
 649   13266.7458118463 
 650   14258.8750655695 
 651   15427.9938612851 
 652   16798.3417664046 
 653   18390.2250010661 
 654   20160.1424890813 
 655   22396.4231595995 
 656   25237.7971834253 
 657   27983.3261805808 
 658   31069.873158455 
 659   34916.2387917278 
 660   39141.5000829477 
 661   43207.6986315959 
 662   46947.6711714464 
 663   50417.9197415641 
 664   53547.8485742205 
 665   56180.4065562176 
 666   58257.4534603029 
 667   59846.2779861017 
 668   60000 
 669   60000 
 670   60000 
 671   60000 
 672   60000 
 673   60000 
 674   60000 
 675   60000 
 676   60000 
 677   60000 
 678   59998.6295201202 
 679   59829.1759821338 
 680   59719.9209273266 
 681   59732.0935946778 
 682   59417.5465564639 
 683   58628.1510545919 
 684   56850.9902793571 
 685   53684.5217457975 
 686   50321.6813022283 
 687   47043.5853536464 
 688   43692.021154997 
 689   40358.3187655615 
 690   36965.4263502004 
 691   33520.4860493044 
 692   30604.868742678 
 693   29444.9567732037 
 694   29348.0297691521 
 695   29646.6976178295 
 696   30438.2666827102 
 697   31548.5502577447 
 698   32873.1269127928 
 699   34425.9140288304 
 700   36231.7820154886 
 701   38081.7603930143 
 702   39918.4774728351 
 703   41767.669463187 
 704   43495.7379068447 
 705   44994.0408144088 
 706   46203.6485095583 
 707   47086.8955313884 
 708   47574.3179829912 
 709   47613.1467532552 
 710   47167.6326540859 
 711   46220.4097320673 
 712   44799.0961755841 
 713   42949.9448667251 
 714   40757.9863096675 
 715   38340.0846550759 
 716   35667.6590523012 
 717   32869.2798863297 
 718   30150.1768257623 
 719   27454.7774174354 
 720   24853.884041467 
 721   22467.0622795267 
 722   20350.6609876475 
 723   18465.3402248088 
 724   16793.3602316614 
 725   15353.1012239085 
 726   14155.9768135737 
 727   13110.7669546097 
 728   12186.071741804 
 729   11431.4607623873 
 730   10882.8288911389 
 731   10353.864266634 
 732   9842.35736263345 
 733   9473.20606645855 
 734   9093.66356761833 
 735   8755.37693012317 
 736   8494.87246242238 
 737   8234.85683872606 
 738   8014.5609977706 
 739   7820.0025957447 
 740   7632.90685699289 
 741   7477.7494662588 
 742   7319.29735761555 
 743   7161.57876092218 
 744   7031.92745170446 
 745   6933.31000954748 
 746   6880.8127794923 
 747   6836.19825206564 
 748   6758.30863433083 
 749   6695.68373537422 
 750   6645.5681484708 
 751   6618.49138367918 
 752   6634.53104873315 
 753   6646.81317816774 
 754   6657.25835769116 
 755   6676.41849216232 
 756   6712.85543444029 
 757   6825.52229255124 
 758   6946.08171371288 
 759   7045.22193581769 
 760   7203.28558293439 
 761   7338.78083010395 
 762   7510.81875537805 
 763   7768.68425364933 
 764   8008.17966057552 
 765   8309.52140255573 
 766   8642.95163317444 
 767   8988.99610546526 
 768   9521.1679909891 
 769   10192.5883370346 
 770   10879.8107690013 
 771   11567.6202011199 
 772   12425.6094137715 
 773   13429.1165045169 
 774   14549.3988783821 
 775   15858.3372329402 
 776   17463.4294013501 
 777   19247.9096385995 
 778   21195.6767944812 
 779   23333.423275785 
 780   25391.494887677 
 781   27779.0177018858 
 782   30648.1563118997 
 783   33643.4688086912 
 784   36795.5044155382 
 785   40076.5182033816 
 786   43432.6273558432 
 787   46785.744834628 
 788   49874.0308316736 
 789   52689.3563203361 
 790   55054.3600854724 
 791   56724.6776157915 
 792   58448.5478776306 
 793   59858.1493768089 
 794   60000 
 795   60000 
 796   60000 
 797   60000 
 798   60000 
 799   58410.4199500435 
 800   55784.9861216543 
 801   52939.190355363 
 802   49834.2265440646 
 803   46825.0014797811 
 804   43219.946383581 
 805   38996.8770936952 
 806   34604.8240505063 
 807   30441.0026477519 
 808   27226.9438846543 
 809   24691.7602710356 
 810   22333.028346957 
 811   20271.428229474 
 812   18464.3651112438 
 813   16883.874752979 
 814   15529.0516946324 
 815   14373.6813830816 
 816   13387.7435824466 
 817   12563.3801454058 
 818   11840.0535976223 
 819   11123.799783475 
 820   10541.0645795741 
 821   10040.2397250312 
 822   9534.06840693313 
 823   9066.35890961752 
 824   8610.74255489083 
 825   8189.42526346101 
 826   7797.32777055542 
 827   7380.6718973211 
 828   7021.66638063669 
 829   6677.91368864473 
 830   6329.54106589341 
 831   6050.66723448812 
 832   5764.34685552612 
 833   5518.58834586622 
 834   5323.41963644748 
 835   5096.25691500162 
 836   4919.88820970533 
 837   4779.97082328662 
 838   4637.94624537878 
 839   4501.59145399879 
 840   4376.2318373927 
 841   4272.10528427428 
 842   4178.16537054193 
 843   4081.56067317163 
 844   4014.55978830138 
 845   3921.52431349712 
 846   3893.14012541641 
 847   3870.21435027608 
 848   3493.0638334489 
 849   4829.00762917129 
 850   6702.74943154792 
 851   6632.83752640249 
 852   6559.89837759134 
 853   6614.5499887021 
 854   6569.4224067121 
 855   6579.92852997281 
 856   6670.65416304745 
 857   6012.03933949698 
 858   4746.48433988824 
 859   3767.05534795658 
 860   3551.68198849267 
 861   3583.7264082579 
 862   3586.8330513885 
 863   3567.85313760436 
 864   3533.29393785592 
 865   3510.3164466042 
 866   3491.52145957367 
 867   3474.55388185292 
 868   3475.09093707251 
 869   3476.13707777532 
 870   3450.28994974225 
 871   3405.77542472447 
 872   3380.43122981838 
 873   3387.24245041099 
 874   3399.01457542891 
 875   3405.61351167162 
 876   3421.73457426998 
 877   3453.92569603508 
 878   3479.85337265723 
 879   3508.50239930699 
 880   3556.79766222894 
 881   3609.22017567336 
 882   3644.53152966864 
 883   3660.77001915268 
 884   3688.19893720968 
 885   3746.47322549883 
 886   3765.09227957905 
 887   3788.11938308348 
 888   3830.9367035535 
 889   3853.65620929216 
 890   3894.60047770037 
 891   3963.85867835347 
 892   4027.01141795931 
 893   4062.56643286268 
 894   4107.24920536657 
 895   4156.92275058932 
 896   4201.13827813705 
 897   4245.70262610461 
 898   4304.68426753717 
 899   4364.06279827458 
 900   4401.94557779389 
 901   4435.62880801969 
 902   4492.93198081583 
 903   4529.59773754282 
 904   4566.77024249025 
 905   4592.08938044975 
 906   4584.01515221108 
 907   4589.80046944255 
 908   4590.80525621785 
 909   4602.51463959956 
 910   4636.75620651804 
 911   4663.67555327831 
 912   4699.67453441713 
 913   4748.63268237126 
 914   4821.73998854498 
 915   4925.06512266007 
 916   5019.22272501634 
 917   5132.947751817 
 918   5277.46156743794 
 919   5434.47167968746 
 920   5603.08288681064 
 921   5807.03255058967 
 922   6043.65798491877 
 923   6301.77175366567 
 924   6591.14109617971 
 925   6940.33936889571 
 926   7357.08688166187 
 927   7802.40986822587 
 928   8263.84047869114 
 929   8820.03358425227 
 930   9439.09556051933 
 931   10055.0561959936 
 932   10690.327820713 
 933   11437.4956199869 
 934   12245.5080736042 
 935   13112.1645765696 
 936   14040.7435444459 
 937   15013.8846011279 
 938   16029.0051153642 
 939   17063.2570803398 
 940   18110.3671526093 
 941   19172.5093988436 
 942   20233.7915931814 
 943   21253.8175303944 
 944   22172.3962617406 
 945   22955.0765440144 
 946   23656.6314433038 
 947   24384.752838428 
 948   24950.0901294871 
 949   25281.7015772756 
 950   25393.5385267527 
 951   25244.5959083394 
 952   24880.3049673014 
 953   24317.9065357682 
 954   23543.5551033055 
 955   22579.0078340096 
 956   21509.6030746068 
 957   20315.2382772219 
 958   19031.2564302887 
 959   17738.8917075311 
 960   16479.5155083662 
 961   15231.29123039 
 962   14033.4775608978 
 963   12922.4200228312 
 964   11911.284222343 
 965   11014.6934304074 
 966   10221.7048404739 
 967   9529.59086648145 
 968   8946.29466786793 
 969   8468.3245973651 
 970   8062.06659504582 
 971   7714.62388525778 
 972   7466.95164992319 
 973   7288.5734903696 
 974   7072.96142291305 
 975   6936.27420898678 
 976   6844.2170221419 
 977   6748.885278043 
 978   6684.97782783197 
 979   6689.55477108665 
 980   6728.04497215074 
 981   6754.49206525505 
 982   6799.42009487183 
 983   6930.07630018361 
 984   7098.10610011868 
 985   7255.31761226283 
 986   7453.37582619999 
 987   7741.99422035032 
 988   8078.46320357385 
 989   8460.35740457056 
 990   8962.98791697447 
 991   9583.50520349138 
 992   10287.3553245136 
 993   11099.9789151215 
 994   11882.8158569023 
 995   12815.7318011327 
 996   13913.3304794872 
 997   15008.293314014 
 998   16275.5451882923 
 999   17561.7714384055 
 1000   18842.987333617 
 1001   20169.7821552648 
 1002   21468.7734539951 
 1003   22628.7124691729 
 1004   23687.7455284191 
 1005   24672.6795464187 
 1006   25438.7029671514 
 1007   25867.091884845 
 1008   26328.4006569704 
 1009   26588.2784114423 
 1010   26518.5829513439 
 1011   26306.1893766603 
 1012   26043.4804270629 
 1013   25613.8856816688 
 1014   25124.0506783757 
 1015   24617.3488786145 
 1016   24056.4806063154 
 1017   23532.5362686907 
 1018   23000.7895344108 
 1019   22493.5002403655 
 1020   22017.9051058633 
 1021   21536.0939246344 
 1022   21082.0738248173 
 1023   20663.3248794436 
 1024   20255.7387787826 
 1025   19847.8639511886 
 1026   19444.7593337657 
 1027   19030.9403151858 
 1028   18597.9061394771 
 1029   18147.3980230643 
 1030   17693.2708138806 
 1031   17250.9251242077 
 1032   16812.2013297442 
 1033   16340.4290518606 
 1034   15869.8131931879 
 1035   15428.7088461026 
 1036   14988.3927498595 
 1037   14541.958281 
 1038   14111.8236592299 
 1039   13717.8350302345 
 1040   13322.4234256662 
 1041   12905.467618721 
 1042   12582.8875617892 
 1043   12271.922297233 
 1044   11973.9359525618 
 1045   11715.5683154198 
 1046   11458.2874968107 
 1047   11208.8036108691 
 1048   10972.1441833528 
 1049   10755.2572277591 
 1050   10547.391030868 
 1051   10339.163627123 
 1052   10163.4328644432 
 1053   9996.56847290296 
 1054   9880.4714629904 
 1055   9810.94433715206 
 1056   9721.38401416303 
 1057   9634.60042105094 
 1058   9545.3167520878 
 1059   9453.00340746639 
 1060   9310.13853095973 
 1061   9100.22762526331 
 1062   8931.12496371688 
 1063   8708.01282592213 
 1064   8431.16432044341 
 1065   8148.76816450197 
 1066   7844.5098454063 
 1067   7486.62211429633 
 1068   7170.66064693441 
 1069   6785.83464183153 
 1070   6803.49080312338 
 1071   7227.27212201248 
 1072   6903.1935233662 
 1073   6552.94151023104 
 1074   6294.87074894561 
 1075   6041.38579922261 
 1076   5805.54499820382 
 1077   5584.70807878369 
 1078   5477.69505699919 
 1079   4703.26933096056 
 1080   4000.31643697396 
 1081   3981.56184640581 
 1082   3854.48079230445 
 1083   3732.23653361912 
 1084   3625.02356629387 
 1085   3558.06089440285 
 1086   3517.02687424158 
 1087   3446.50548455941 
 1088   3400.29293673099 
 1089   3361.78088482086 
 1090   3313.59394418613 
 1091   3266.92449783103 
 1092   3241.72676387831 
 1093   3226.00563781182 
 1094   3169.26754638885 
 1095   3151.5239553256 
 1096   3154.36222931008 
 1097   3128.47651195728 
 1098   3121.64113779344 
 1099   3125.14081894111 
 1100   3121.3855163207 
 1101   3114.2115256469 
 1102   3102.84041429814 
 1103   3078.58528037373 
 1104   3053.50321517763 
 1105   3032.73431570075 
 1106   3021.00070730254 
 1107   3017.99140303913 
 1108   3011.65618264022 
 1109   2990.55438688007 
 1110   2974.38958115523 
 1111   2983.11046114536 
 1112   3005.16041083404 
 1113   2959.37138969884 
 1114   2946.72031194253 
 1115   3407.88228287391 
 1116   4000.41336106411 
 1117   4230.26082740841 
 1118   4183.15446844833 
 1119   4178.05762484225 
 1120   4157.37157642646 
 1121   4187.24054121919 
 1122   4149.768604269 
 1123   4282.0725256848 
 1124   4032.13681775765 
 1125   2932.11872261071 
 1126   2847.89362939697 
 1127   2942.54487878958 
 1128   2917.05664536681 
 1129   2939.56014129028 
 1130   2956.08580161907 
 1131   2922.25108579753 
 1132   2916.71412181341 
 1133   2922.69929871115 
 1134   2940.32517634868 
 1135   2955.0379892659 
 1136   2945.2226401306 
 1137   2956.89764587854 
 1138   2940.96820490789 
 1139   2950.33593050894 
 1140   3000.07509335534 
 1141   3044.18221309884 
 1142   3070.3522828581 
 1143   3101.01171367539 
 1144   3140.84541389407 
 1145   3189.25973009365 
 1146   3240.13047699949 
 1147   3291.50169013502 
 1148   3344.27668745462 
 1149   3376.66414924219 
 1150   3436.50655270042 
 1151   3490.91118070613 
 1152   3523.6195339376 
 1153   3574.28453397441 
 1154   3632.00569027718 
 1155   3717.49608683663 
 1156   3797.31228763787 
 1157   3886.23679039276 
 1158   3979.1730211306 
 1159   4047.8188441567 
 1160   4163.59941375111 
 1161   4280.74731482819 
 1162   4394.45122474682 
 1163   4492.70224372188 
 1164   4588.27830756904 
 1165   4711.33497802894 
 1166   4795.25712654932 
 1167   4899.33068019785 
 1168   4998.50743613451 
 1169   5084.43684805606 
 1170   5151.351420107 
 1171   5170.38441648068 
 1172   5228.65495670434 
 1173   5252.12616543533 
 1174   5248.86963862455 
 1175   5247.81455365852 
 1176   5242.68186380454 
 1177   5231.82494668505 
 1178   5207.69217655362 
 1179   5202.72574166173 
 1180   5193.17944063228 
 1181   5170.55962295071 
 1182   5164.39830121873 
 1183   5182.46909475947 
 1184   5203.24049897205 
 1185   5197.91525136957 
 1186   5184.99356396972 
 1187   5188.96275242057 
 1188   5202.42997101714 
 1189   5206.86287015661 
 1190   5204.15674363443 
 1191   5176.60894806877 
 1192   5119.23198635535 
 1193   5079.24438216644 
 1194   5061.69072106188 
 1195   5009.88092393907 
 1196   4957.27228774401 
 1197   4894.51437646917 
 1198   4843.17475124975 
 1199   4814.07232456213 
 1200   4789.29355112395 
 1201   4760.32723753702 
 1202   4731.46358178395 
 1203   4666.96448251771 
 1204   4628.63732261636 
 1205   4594.59104868411 
 1206   4531.11642206861 
 1207   4468.2254944178 
 1208   4398.92537514714 
 1209   4351.90232025196 
 1210   4255.88565693703 
 1211   4190.53172676677 
 1212   4181.40254350843 
 1213   4147.23504979577 
 1214   4112.63696621799 
 1215   4074.20452252813 
 1216   4017.78958038343 
 1217   3966.36365165729 
 1218   3949.59447599264 
 1219   3955.5884297936 
 1220   3937.79849318764 
 1221   3884.21519141958 
 1222   3853.37396140806 
 1223   3839.69082553827 
 1224   3839.94663169072 
 1225   3839.64551052948 
 1226   3810.32426929359 
 1227   3778.98255543883 
 1228   3758.93218860267 
 1229   3737.09528455125 
 1230   3728.89928205142 
 1231   3742.51576472163 
 1232   3753.94232639095 
 1233   3750.53179317662 
 1234   3763.36855824198 
 1235   3805.07186202764 
 1236   3824.99284740904 
 1237   3843.46093998117 
 1238   3884.07502414334 
 1239   3910.53108369276 
 1240   3923.37998838827 
 1241   3931.6405462117 
 1242   3947.13792718786 
 1243   3954.68102114731 
 1244   3967.47333255257 
 1245   3991.63126329866 
 1246   3992.89564917844 
 1247   3985.62654308404 
 1248   3983.83336552205 
 1249   4026.11935932476 
 1250   4088.85071632682 
 1251   4148.67551485247 
 1252   4207.28199988198 
 1253   4258.73837197693 
 1254   4348.82844466834 
 1255   4424.60564011758 
 1256   4502.57335981588 
 1257   4582.41831380922 
 1258   4655.37848308602 
 1259   4726.13520290314 
 1260   4778.92780557081 
 1261   4861.55785147163 
 1262   4909.47216439093 
 1263   4964.70828764565 
 1264   5057.39411316793 
 1265   5168.92280772221 
 1266   5278.50968281058 
 1267   5345.87056971264 
 1268   5413.99660663284 
 1269   5501.33853922247 
 1270   5619.06632409146 
 1271   5727.77692525658 
 1272   5811.19160440047 
 1273   5893.62987990802 
 1274   5955.57183216819 
 1275   6076.49342039994 
 1276   6213.63154841538 
 1277   6326.50155045526 
 1278   6429.86003599554 
 1279   6564.29385861518 
 1280   6734.88137167276 
 1281   6893.55506953226 
 1282   7053.66952166454 
 1283   7219.21829136962 
 1284   7380.31269050024 
 1285   7542.39039173052 
 1286   7696.35514429388 
 1287   7821.55822406925 
 1288   7938.23650093708 
 1289   8056.83511783529 
 1290   8156.03357733177 
 1291   8249.00526982145 
 1292   8308.26427158399 
 1293   8368.49615014275 
 1294   8492.73548865494 
 1295   8616.09318862272 
 1296   8719.18899762552 
 1297   8793.5938953129 
 1298   8872.56031929294 
 1299   8955.16183886933 
 1300   9060.66666792557 
 1301   9179.27572657181 
 1302   9240.24027868215 
 1303   9293.07090341571 
 1304   9370.91294887625 
 1305   9468.82404008948 
 1306   9545.78087186559 
 1307   9612.16779227036 
 1308   9705.304722952 
 1309   9807.38913901941 
 1310   9895.90189620583 
 1311   10017.6689475635 
 1312   10114.9208711095 
 1313   10175.3050074787 
 1314   10258.8936023238 
 1315   10307.6777558921 
 1316   10286.3829464464 
 1317   10293.0104675538 
 1318   10230.0375559883 
 1319   10139.3097672611 
 1320   9997.05050815783 
 1321   9852.46894218272 
 1322   9689.50495001856 
 1323   9506.98292110216 
 1324   9343.33738657129 
 1325   9125.71454766797 
 1326   8896.18260961119 
 1327   8707.1530071979 
 1328   8535.79407009511 
 1329   8324.79960898969 
 1330   8119.67228086192 
 1331   8051.29792083278 
 1332   8136.13493996856 
 1333   8198.75179637698 
 1334   8134.42938110505 
 1335   8091.98008431826 
 1336   8003.02046796231 
 1337   7923.86029068664 
 1338   7912.95693047583 
 1339   7694.3352677264 
 1340   7260.20870249957 
 1341   7191.96555950119 
 1342   7074.76279983008 
 1343   6946.48017000468 
 1344   6854.81417258034 
 1345   6745.29602814448 
 1346   6660.98034666676 
 1347   6604.2903999873 
 1348   6519.89785188536 
 1349   6504.9749905308 
 1350   6466.30641473903 
 1351   6460.79709295936 
 1352   6509.35394512675 
 1353   6618.932296195 
 1354   6724.73519221465 
 1355   6824.94641080265 
 1356   6971.32374750045 
 1357   7084.27475175788 
 1358   7240.07423957271 
 1359   7449.24691486022 
 1360   7606.75582520442 
 1361   7776.60740547588 
 1362   8015.51301515394 
 1363   8257.76180984391 
 1364   8532.60405498438 
 1365   8956.40951305895 
 1366   9435.98657548772 
 1367   9964.17584334321 
 1368   10582.8506163063 
 1369   11244.3320171525 
 1370   11888.0172104143 
 1371   12516.9977614534 
 1372   13118.2445211992 
 1373   13616.8134629342 
 1374   13976.2851562497 
 1375   14209.7761942996 
 1376   14304.9136724291 
 1377   14263.3911330188 
 1378   14220.0080427483 
 1379   14072.6876326923 
 1380   13745.5854301967 
 1381   13404.623636207 
 1382   13114.5493324076 
 1383   12860.1835240325 
 1384   12713.8670708292 
 1385   12676.6636046635 
 1386   12762.2485619743 
 1387   12989.2924077963 
 1388   13350.8755315325 
 1389   13858.8465368375 
 1390   14563.247844116 
 1391   15470.5788411014 
 1392   16507.4897646889 
 1393   17633.0473268207 
 1394   18803.7715720428 
 1395   20125.4481499122 
 1396   21541.8015424549 
 1397   22922.696873229 
 1398   24245.251732337 
 1399   25418.6385654877 
 1400   26398.5190809651 
 1401   27391.352341793 
 1402   28040.9212584618 
 1403   28565.1376109622 
 1404   29034.0450096858 
 1405   29365.5534268777 
 1406   29547.2466774037 
 1407   29707.1939309769 
 1408   29885.3394533409 
 1409   30124.1169163094 
 1410   30609.3859300087 
 1411   30931.6048958761 
 1412   31284.5179640006 
 1413   31759.6709915456 
 1414   32330.2683602098 
 1415   32800.8305956322 
 1416   33220.2338512142 
 1417   33526.2811051652 
 1418   33537.6214112958 
 1419   33498.8720242952 
 1420   33268.8814137534 
 1421   32763.5705379557 
 1422   32068.7238070709 
 1423   31263.9720716063 
 1424   30285.8101045275 
 1425   29262.8132489385 
 1426   28249.9108073627 
 1427   27120.7169854556 
 1428   25929.3867574148 
 1429   24818.1280907352 
 1430   23765.5401432452 
 1431   22704.6680920943 
 1432   21749.2904887251 
 1433   20870.455655789 
 1434   20054.530689963 
 1435   19378.0673324682 
 1436   18779.0049860071 
 1437   18169.4686742847 
 1438   17606.8435719524 
 1439   17097.7591354752 
 1440   16621.8084572074 
 1441   16163.194945719 
 1442   15770.9971033514 
 1443   15060.3984891363 
 1444   14548.7994161472 
 1445   14240.0647368583 
 1446   13864.5298699225 
 1447   13511.2429289204 
 1448   13217.5994137077 
 1449   12954.7021384715 
 1450   12708.1885190638 
 1451   12824.6603058214 
 1452   12631.1795193064 
 1453   12365.4540015609 
 1454   12150.5944324719 
 1455   11892.2287044565 
 1456   11595.7899698019 
 1457   11284.8883705616 
 1458   10925.7807792696 
 1459   10531.0875065828 
 1460   10148.1619453619 
 1461   9735.84954262768 
 1462   9344.45305232689 
 1463   8970.20420649014 
 1464   8590.81557045561 
 1465   8226.79463469997 
 1466   7945.79789009695 
 1467   7713.33043833893 
 1468   7483.95898082855 
 1469   7268.48047921629 
 1470   7078.72721108704 
 1471   6942.72711655284 
 1472   6829.15713608258 
 1473   6757.7050503929 
 1474   6620.59644138144 
 1475   6498.40269424962 
 1476   6415.57729198762 
 1477   6366.43194671668 
 1478   6293.65483751973 
 1479   6210.97928645793 
 1480   6126.38529319061 
 1481   6029.19717913366 
 1482   5988.52454595987 
 1483   5940.35795410623 
 1484   5895.13226457525 
 1485   5794.53649759628 
 1486   5745.92739098204 
 1487   5700.3511055454 
 1488   5652.94608019775 
 1489   5615.21722192127 
 1490   5575.3396249117 
 1491   5516.55352298472 
 1492   5466.47546100961 
 1493   5450.46429498911 
 1494   5419.62748785771 
 1495   5382.31872325383 
 1496   5357.60351631877 
 1497   5307.11363977224 
 1498   5259.52072512682 
 1499   5249.01518490371 
 1500   5237.72961490636 
 1501   5195.3897676974 
 1502   5145.52266472762 
 1503   5094.024110765 
 1504   5050.40630628811 
 1505   5040.01987618301 
 1506   5025.09707421641 
 1507   4976.91613811569 
 1508   4953.86714819498 
 1509   4946.87203703103 
 1510   4911.95101624158 
 1511   4926.3003615134 
 1512   4952.41289245752 
 1513   4934.10878202527 
 1514   4899.84338011187 
 1515   4889.68126183348 
 1516   4865.99994906601 
 1517   4851.11987423848 
 1518   4869.62296819926 
 1519   4835.54151454826 
 1520   4779.84108133742 
 1521   4750.91484734175 
 1522   4738.23205382323 
 1523   4729.92378304559 
 1524   4726.69567827483 
 1525   4677.51561314354 
 1526   4645.23419270955 
 1527   4655.42985955134 
 1528   4652.66328598092 
 1529   4625.4481076301 
 1530   4623.04941403708 
 1531   4621.59537967669 
 1532   4601.11758675522 
 1533   4602.89306451477 
 1534   4573.58736850714 
 1535   4559.49510002405 
 1536   4538.55485942657 
 1537   4475.11028504995 
 1538   4410.96152631165 
 1539   4365.81232731587 
 1540   4314.96472790875 
 1541   4251.50312172492 
 1542   4168.15979200491 
 1543   4110.26799935757 
 1544   4037.9445884381 
 1545   3993.397964676 
 1546   4040.59867357467 
 1547   4076.82589520131 
 1548   4121.17914764388 
 1549   4166.97373699418 
 1550   4232.50834807844 
 1551   4312.70186802375 
 1552   4417.01174523292 
 1553   4409.35509390814 
 1554   4361.77688073369 
 1555   4345.06782881759 
 1556   4359.14895702287 
 1557   4361.25984853602 
 1558   4326.95296652414 
 1559   4300.11594218888 
 1560   4286.67881152723 
 1561   4284.57185189717 
 1562   4297.90835327453 
 1563   4282.52247364753 
 1564   4264.84685097647 
 1565   4249.62828408936 
 1566   4256.28415411584 
 1567   4269.05449752338 
 1568   4300.19105972404 
 1569   4319.04459001369 
 1570   4315.8028584745 
 1571   4302.43737993705 
 1572   4313.18855740193 
 1573   4292.66139595888 
 1574   4277.9764904728 
 1575   4288.58618299156 
 1576   4289.07075747684 
 1577   4314.2901347434 
 1578   4354.50900528451 
 1579   4349.18874198751 
 1580   4345.46056865279 
 1581   4381.26270934159 
 1582   4386.65244600289 
 1583   4364.79267340864 
 1584   4370.2533991704 
 1585   4398.71423759997 
 1586   4465.08829939168 
 1587   4497.10069165774 
 1588   4544.23603002058 
 1589   4553.33278613316 
 1590   4584.82510630648 
 1591   4641.43572377088 
 1592   4647.18630810316 
 1593   4626.05967635002 
 1594   4636.35893634977 
 1595   4655.82888819021 
 1596   4697.4502344001 
 1597   4763.27903359121 
 1598   4790.56650887831 
 1599   4805.3343528799 
 1600   4830.64314236738 
 1601   4877.15152971617 
 1602   4906.25423038528 
 1603   4994.55842191898 
 1604   5057.11344738762 
 1605   5105.7453489821 
 1606   5180.99388421633 
 1607   5285.56118611766 
 1608   5379.47706791579 
 1609   5444.17617761373 
 1610   5547.04150046672 
 1611   5624.31335443523 
 1612   5706.97417108751 
 1613   5791.70589364883 
 1614   5866.84979324122 
 1615   5937.71285680511 
 1616   6037.50860492278 
 1617   6162.11108803173 
 1618   6252.81006135437 
 1619   6376.62271349003 
 1620   6542.09006035598 
 1621   6733.52561334066 
 1622   7003.5051920747 
 1623   7344.1423223696 
 1624   7771.29387026484 
 1625   8314.78335821089 
 1626   9071.63569780546 
 1627   9970.70848738509 
 1628   10997.6768203027 
 1629   12205.3713371455 
 1630   13578.2169782073 
 1631   15137.3531415119 
 1632   16846.9139443218 
 1633   18689.3019113692 
 1634   20594.4568065464 
 1635   22497.4011798107 
 1636   24421.9175618039 
 1637   26166.0322977661 
 1638   27552.9085338291 
 1639   28527.2218618089 
 1640   29041.039532405 
 1641   29033.0403261311 
 1642   28462.6768410399 
 1643   27370.1453270427 
 1644   25825.5113166979 
 1645   24035.3777587708 
 1646   22082.3622477461 
 1647   20034.2230818261 
 1648   18064.436716986 
 1649   16203.8318392361 
 1650   14540.1151064096 
 1651   13161.0711301761 
 1652   12013.9055938038 
 1653   11161.6145370673 
 1654   10447.2533815127 
 1655   9719.89143243474 
 1656   9291.34130290986 
 1657   9024.16324241246 
 1658   8835.12580052302 
 1659   8673.55734588329 
 1660   8602.4916844672 
 1661   8559.09721899468 
 1662   8529.26369272733 
 1663   8523.32831039876 
 1664   8512.73989611653 
 1665   8502.97306793565 
 1666   8524.25023544429 
 1667   8575.66734864437 
 1668   8619.1252025853 
 1669   8696.91191317056 
 1670   8787.8277370662 
 1671   8894.45883743326 
 1672   9037.43590582353 
 1673   9154.47203667724 
 1674   9297.9883667659 
 1675   9487.4168258671 
 1676   9675.57745929068 
 1677   9869.35513569501 
 1678   10103.73638922 
 1679   10318.3296718285 
 1680   10580.1011358046 
 1681   10817.746794789 
 1682   11101.0965437897 
 1683   11395.1098995722 
 1684   11745.1500781583 
 1685   12115.6276902282 
 1686   12583.8104409475 
 1687   13105.5562615169 
 1688   13675.8885581572 
 1689   14245.9850509379 
 1690   14943.1645550697 
 1691   15655.1414391829 
 1692   16445.0640468226 
 1693   17256.4800629002 
 1694   18078.1070372524 
 1695   18928.8700857067 
 1696   19691.2749160315 
 1697   20364.5132147978 
 1698   21012.9679244711 
 1699   21488.2115079154 
 1700   21850.3392723859 
 1701   22068.021985068 
 1702   22447.7574662701 
 1703   22677.990894082 
 1704   22667.9738150844 
 1705   22665.3023279447 
 1706   22464.3657496206 
 1707   22182.5832157757 
 1708   21797.790411819 
 1709   21415.9918284988 
 1710   20730.0455738239 
 1711   19805.8029528804 
 1712   19142.0802118286 
 1713   18631.3913482207 
 1714   18078.4867997216 
 1715   17513.4687600669 
 1716   16895.7977748897 
 1717   16238.3195908046 
 1718   15535.362258716 
 1719   14839.3797132054 
 1720   14179.5857987524 
 1721   13489.6868808737 
 1722   12802.1345532896 
 1723   12153.329917367 
 1724   11560.2200706911 
 1725   10975.3748061411 
 1726   10369.6907150075 
 1727   9794.84804844103 
 1728   9279.53373179188 
 1729   8779.29415702057 
 1730   8327.09498512868 
 1731   7901.17054879909 
 1732   7474.31623047056 
 1733   7137.11472812865 
 1734   6774.1032323811 
 1735   6386.43959889706 
 1736   6058.88355596044 
 1737   5746.85145274427 
 1738   5439.47858580332 
 1739   5197.3052193682 
 1740   4930.15597410478 
 1741   4712.25097874413 
 1742   4542.33726295992 
 1743   4338.43309717228 
 1744   4171.77033988706 
 1745   3993.91873772567 
 1746   3816.49269326836 
 1747   3688.70756969656 
 1748   3561.41540074711 
 1749   3442.94043834336 
 1750   3355.63625445813 
 1751   3257.15738436419 
 1752   3196.06595996308 
 1753   3124.90170004844 
 1754   3057.28400935459 
 1755   2964.70512762911 
 1756   2905.59606212799 
 1757   2830.01762781363 
 1758   2798.29610328906 
 1759   2750.48249399342 
 1760   2713.6610027091 
 1761   2664.54158751237 
 1762   2625.42638127324 
 1763   2579.54172487834 
 1764   2560.63458637377 
 1765   2518.47566532929 
 1766   2485.73130926366 
 1767   2472.23565904762 
 1768   2455.58539999766 
 1769   2431.1525545162 
 1770   2431.25424209724 
 1771   2405.79771659785 
 1772   2369.20743552811 
 1773   2347.61881291187 
 1774   2311.82603384824 
 1775   2308.00188063832 
 1776   2311.85313358199 
 1777   2277.20280801567 
 1778   2265.01976229032 
 1779   2263.21415406688 
 1780   2274.72617076184 
 1781   2269.68606386462 
 1782   2243.88371494204 
 1783   2238.85897997494 
 1784   2232.13840327985 
 1785   2210.36193722136 
 1786   2203.14488089946 
 1787   2171.61294183828 
 1788   2145.52084486917 
 1789   2134.74655535606 
 1790   2112.81533011923 
 1791   2095.71232230173 
 1792   2098.4872471585 
 1793   2093.78659571192 
 1794   2109.15272033693 
 1795   2108.8986734328 
 1796   2094.8334329052 
 1797   2105.07712813973 
 1798   2007.38165418165 
 1799   1934.11662032993 
 1800   1912.32015503964 
 1801   1878.73740831918 
 1802   1866.9837298058 
 1803   1848.57723416125 
 1804   1813.64539784705 
 1805   1884.3170647357 
 1806   1894.31571754181 
 1807   1876.67529295234 
 1808   1925.50435082512 
 1809   1932.39880063023 
 1810   1916.21847393472 
 1811   1909.71116183844 
 1812   1936.63635991462 
 1813   1946.64809961965 
 1814   1950.17041237409 
 1815   1888.73291933997 
 1816   1864.88433350912 
 1817   1858.98491652243 
 1818   1842.50599052966 
 1819   1824.10813238167 
 1820   1821.10778534771 
 1821   1820.67987747748 
 1822   1799.43722761804 
 1823   1805.46451358944 
 1824   1782.67003158633 
 1825   1785.58151269547 
 1826   1780.82232686252 
 1827   1772.53246529836 
 1828   1752.51229666544 
 1829   1731.01761931817 
 1830   1736.06396743438 
 1831   1751.37812401612 
 1832   1758.33786380489 
 1833   1727.24770793696 
 1834   1690.55354716991 
 1835   1680.92149037426 
 1836   1675.07099662103 
 1837   1656.34597776076 
 1838   1648.64000044708 
 1839   1655.43304501484 
 1840   1684.56849713959 
 1841   1693.62772818091 
 1842   1692.91197693507 
 1843   1708.23193222766 
 1844   1706.0510996316 
 1845   1665.90619068439 
 1846   1612.61379483563 
 1847   1600.12901111676 
 1848   1598.22806418423 
 1849   1636.48438052416 
 1850   1620.94269597604 
 1851   1620.51824397369 
 1852   1656.72357381618 
 1853   1661.65566294141 
 1854   1661.00446698642 
 1855   1651.33439009887 
 1856   1638.99492692719 
 1857   1652.63774635547 
 1858   1669.45068096467 
 1859   1674.31510068321 
 1860   1693.50691307803 
 1861   1684.72326134696 
 1862   1675.11846523053 
 1863   1663.79140749249 
 1864   1665.93955648843 
 1865   1656.92776272473 
 1866   1653.89450575911 
 1867   1647.91940481894 
 1868   1661.89970933848 
 1869   1660.04307650533 
 1870   1659.70585421114 
 1871   1657.5661871213 
 1872   1640.03950938627 
 1873   1621.07326553087 
 1874   1606.55471848076 
 1875   1624.22779104389 
 1876   1595.88819700638 
 1877   1554.53179902401 
 1878   1556.33627607721 
 1879   1552.03526782054 
 1880   1545.42148383535 
 1881   1554.73554211755 
 1882   1514.01721134114 
 1883   1553.72888110355 
 1884   1553.30606490375 
 1885   1531.64443198496 
 1886   1524.52234828918 
 1887   1523.35921284503 
 1888   1518.93540183203 
 1889   1532.47034008896 
 1890   1535.79300862909 
 1891   1548.57650811501 
 1892   1542.58051788432 
 1893   1551.53962099383 
 1894   1562.19578352322 
 1895   1544.59448344127 
 1896   1519.64732487986 
 1897   1493.003800331 
 1898   1500.70022094257 
 1899   1475.30853989516 
 1900   1446.32200351507 
 1901   1419.93584690451 
 1902   1454.88278252332 
 1903   1441.71837205013 
 1904   1442.86832373737 
 1905   1418.3495920661 
 1906   1439.87153555612 
 1907   1435.34444986467 
 1908   1411.91620244418 
 1909   1385.83321115552 
 1910   1376.02332099599 
 1911   1363.97273575057 
 1912   1375.00434402257 
 1913   1357.08484869715 
 1914   1363.95561085589 
 1915   1357.81158694843 
 1916   1365.68100345998 
 1917   1347.98017518729 
 1918   1308.93988262181 
 1919   1305.07341600774 
 1920   1294.01362354931 
 1921   1286.45238038669 
 1922   1302.87101369284 
 1923   2392.04073060446 
 1924   2339.37912024805 
 1925   2365.09437016445 
 1926   2361.23923099016 
 1927   2323.68522575104 
 1928   2409.88981001117 
 1929   1829.12370607497 
 1930   1083.48129616072 
 1931   1201.88321428953 
 1932   1144.66279985909 
 1933   1145.06008033723 
 1934   1150.48931266044 
 1935   1135.0828046634 
 1936   1149.52945994035 
 1937   1152.87630213412 
 1938   1164.48478946942 
 1939   1189.2947063737 
 1940   1149.41714640793 
 1941   1125.32673298866 
 1942   1138.27075039496 
 1943   1117.40828324115 
 1944   1126.23313651354 
 1945   1124.51343842029 
 1946   1072.85617130122 
 1947   1357.54744565551 
 1948   1523.39188396859 
 1949   1469.81609046472 
 1950   1476.2760107728 
 1951   1461.99410766931 
 1952   1464.9563470671 
 1953   1469.89955768302 
 1954   1102.02931927121 
 1955   1126.63675261932 
 1956   1118.08843511439 
 1957   1105.78859286051 
 1958   1064.45690474493 
 1959   1035.55024245682 
 1960   1031.41144630289 
 1961   1018.725471618 
 1962   1019.22872518274 
 1963   1021.16042268468 
 1964   1020.73046910578 
 1965   1046.55536295784 
 1966   1028.46737794281 
 1967   1025.2516833711 
 1968   1031.16849900006 
 1969   1030.31568097251 
 1970   1023.25107199871 
 1971   1011.04322691014 
 1972   1006.12019910756 
 1973   1004.4101148957 
 1974   989.509830993082 
 1975   973.173645068119 
 1976   957.031899992805 
 1977   964.044060329416 
 1978   948.913013468594 
 1979   927.54615517811 
 1980   912.556498891609 
 1981   911.175638959151 
 1982   901.70206164035 
 1983   889.091532199802 
 1984   912.43952876192 
 1985   947.053377192158 
 1986   946.868863407686 
 1987   952.595171563833 
 1988   935.258181255887 
 1989   930.947302970693 
 1990   928.974542624656 
 1991   899.086154871174 
 1992   898.881570851234 
 1993   868.113884182241 
 1994   859.891024824761 
 1995   899.090558836773 
 1996   907.157999273047 
 1997   905.822080866143 
 1998   887.827072563617 
 1999   899.722809364573 
 2000   905.841454434593 
 2001   886.546583035277 
 2002   881.548759176426 
 2003   851.483795265714 
 2004   849.07282238371 
 2005   834.121772506978 
 2006   844.339924416971 
 2007   841.374630221216 
 2008   832.214234872477 
 2009   821.731025075496 
 2010   829.306201018845 
 2011   820.321248290931 
 2012   782.981237478416 
 2013   753.636344403015 
 2014   763.803205642005 
 2015   769.364664225269 
 2016   756.750099098525 
 2017   739.72676528841 
 2018   787.190096782239 
 2019   735.528490242881 
 2020   1188.48440530568 
 2021   1909.98825852912 
 2022   1770.60928263554 
 2023   1779.88072306493 
 2024   1743.28520585008 
 2025   1702.0786843082 
 2026   1733.53019699571 
 2027   659.359663950734 
 2028   690.146413928732 
 2029   676.784442423085 
 2030   709.036603361594 
 2031   742.475444749135 
 2032   747.48473770194 
 2033   727.130624452535 
 2034   727.617107565646 
 2035   719.101245659613 
 2036   722.215806757365 
 2037   688.886347481546 
 2038   661.081598473609 
 2039   647.317714802548 
 2040   639.961118505982 
 2041   612.459300167517 
 2042   612.848769333531 
 2043   583.631742565771 
 2044   573.883538778739 
 2045   563.135091396512 
 2046   558.540879204568 
 2047   575.909983001164 
 2048   543.33508149434 
 2049   552.504922035364 
 2050   546.41772553945 
 2051   527.753883057217 
 2052   523.473846053223 
 2053   515.174565191167 
 2054   547.960587268953 
 2055   550.770225638101 
 2056   570.543467397337 
 2057   585.560433712984 
 2058   576.534346658863 
 2059   546.415982664241 
 2060   520.381770697501 
 2061   476.468695327585 
 2062   510.92924739994 
 2063   524.5911267485 
 2064   543.11970054278 
 2065   568.82270874305 
 2066   565.683885800631 
 2067   588.097250279495 
 2068   573.309093795118 
 2069   496.584578615405 
 2070   480.672463794278 
 2071   473.903507421382 
 2072   487.598579022999 
 2073   477.225579243697 
 2074   464.563825429111 
 2075   455.373183192767 
 2076   487.3168039276 
 2077   482.11073015064 
 2078   469.99792884777 
 2079   472.75382935087 
 2080   502.213068731858 
 2081   529.104030188692 
 2082   546.238754494467 
 2083   538.509180810986 
 2084   524.503927341662 
 2085   526.254146671533 
 2086   515.691095636371 
 2087   494.21849920495 
 2088   486.837565170054 
 2089   479.281687831926 
 2090   483.230258228472 
 2091   500.783847641024 
 2092   492.257731854901 
 2093   486.65136875973 
 2094   486.313023624707 
 2095   471.558509542074 
 2096   470.198102381023 
 2097   447.938062041976 
 2098   431.377653081937 
 2099   419.278579997373 
 2100   424.18358096623 
 2101   445.129722234032 
 2102   427.69583135322 
 2103   446.603451825107 
 2104   460.516511653514 
 2105   462.681682048157 
 2106   470.339321676936 
 2107   441.54873893151 
 2108   469.393212684438 
 2109   435.301179713995 
 2110   430.112313730643 
 2111   405.182297844415 
 2112   381.062645779741 
 2113   369.739542487758 
 2114   354.456068246663 
 2115   364.890414945972 
 2116   367.163967331383 
 2117   377.421224822454 
 2118   411.134126634776 
 2119   400.550481712653 
 2120   388.248562512979 
 2121   406.563056996952 
 2122   403.743541607038 
 2123   388.483620563416 
 2124   367.998104747967 
 2125   361.448131753316 
 2126   370.643602091259 
 2127   360.532443370114 
 2128   335.640535952967 
 2129   338.671473455795 
 2130   367.074957863479 
 2131   329.973387924824 
 2132   309.020722235057 
 2133   305.157555580415 
 2134   326.833462804064 
 2135   336.649236580199 
 2136   350.91459914757 
 2137   379.366312072722 
 2138   421.07902539247 
 2139   426.084423289826 
 2140   408.295173439252 
 2141   427.125210705172 
 2142   388.815690844673 
 2143   379.815039912249 
 2144   370.884418702308 
 2145   375.075013362928 
 2146   379.562220809563 
 2147   352.190998601845 
 2148   361.22762270518 
 2149   369.098682185088 
 2150   383.421489706377 
 2151   359.841929079921 
 2152   323.622255208218 
 2153   326.783074408413 
 2154   323.643605779724 
 2155   318.837749516128 
 2156   294.957287851674 
 2157   303.474868836811 
 2158   324.217842630205 
 2159   321.427595977228 
 2160   330.296606603373 
 2161   360.794137085266 
 2162   365.14591678221 
 2163   361.846229097769 
 2164   366.620170573166 
 2165   371.12760019408 
 2166   473.308055390768 
 2167   441.904309803437 
 2168   441.147827205535 
 2169   447.788221090521 
 2170   473.011322857109 
 2171   489.163986039317 
 2172   374.629267873417 
 2173   367.702145894073 
 2174   362.655191315021 
 2175   367.681587795673 
 2176   336.337191992448 
 2177   318.923727544273 
 2178   325.096987596818 
 2179   315.548868640277 
 2180   318.875847102263 
 2181   312.927928019375 
 2182   307.5747297986 
 2183   298.207829517574 
 2184   285.185658497321 
 2185   306.227216251253 
 2186   320.383690674349 
 2187   282.229430756704 
 2188   281.567358953865 
 2189   271.772541683755 
 2190   286.199621579796 
 2191   274.826363469325 
 2192   271.005145759825 
 2193   297.658017941504 
 2194   310.135235276202 
 2195   314.850922967756 
 2196   307.43108317729 
 2197   322.317459408693 
 2198   311.202190735591 
 2199   300.743430919629 
 2200   317.666803135168 
 2201   350.291450286889 
 2202   366.01077354658 
 2203   355.634304347297 
 2204   370.114523232555 
 2205   362.098449813234 
 2206   341.748357276465 
 2207   315.81004722687 
 2208   302.426327038699 
 2209   295.84630776622 
 2210   286.378734283981 
 2211   314.98118518436 
 2212   301.822375419753 
 2213   314.128157992923 
 2214   339.023654079313 
 2215   329.911069439082 
 2216   331.480707603987 
 2217   353.030918614259 
 2218   388.754029176601 
 2219   383.517684813335 
 2220   386.146145010795 
 2221   384.013818736215 
 2222   373.233278247687 
 2223   341.153273060884 
 2224   331.996864780129 
 2225   337.028251050429 
 2226   315.411604305504 
 2227   318.905938649341 
 2228   311.101378163085 
 2229   308.48233448611 
 2230   299.821141917226 
 2231   293.614354933274 
 2232   298.630232457908 
 2233   314.214168778211 
 2234   323.469981057868 
 2235   308.738935456152 
 2236   302.5842744125 
 2237   287.399583213314 
 2238   310.869602701486 
 2239   284.168455032667 
 2240   272.710989634494 
 2241   292.062975408417 
 2242   298.477628264368 
 2243   307.743107997673 
 2244   279.174986987754 
 2245   279.873816155473 
 2246   279.332118256565 
 2247   284.540974747057 
 2248   279.389495477644 
 2249   275.535930623888 
 2250   264.836758245696 
 2251   276.646236561103 
 2252   272.594522725138 
 2253   255.143690650809 
 2254   243.888487166422 
 2255   249.405745375838 
 2256   251.877370037134 
 2257   252.907519623294 
 2258   263.302769033942 
 2259   260.028420033543 
 2260   267.494454017642 
 2261   274.400299566417 
 2262   279.929869521952 
 2263   264.052955684563 
 2264   249.418513178204 
 2265   269.724011435204 
 2266   299.261503105785 
 2267   296.091972084986 
 2268   279.665087569462 
 2269   279.142203820785 
 2270   250.837075548249 
 2271   217.705041845514 
 2272   181.099661432947 
 2273   195.137070379519 
 2274   209.224028735368 
 2275   221.951792312016 
 2276   250.036800940056 
 2277   259.276020909273 
 2278   264.534169572356 
 2279   261.029406278565 
 2280   257.747262494478 
 2281   255.863200264585 
 2282   268.288636997291 
 2283   252.6408617522 
 2284   240.554326126699 
 2285   211.14039029488 
 2286   210.69889969763 
 2287   232.873053408705 
 2288   241.374223437186 
 2289   243.558871777496 
 2290   248.957370753233 
 2291   255.108950701719 
 2292   247.122542051494 
 2293   241.89588719741 
 2294   216.111248358781 
 2295   214.963525449003 
 2296   206.144198771612 
 2297   208.388455637796 
 2298   239.228499092109 
 2299   224.379964134672 
 2300   289.108431534563 
 2301   291.759279585977 
 2302   309.626290438285 
 2303   306.995573786193 
 2304   260.160599804245 
 2305   272.059027804459 
 2306   243.257097000284 
 2307   253.753689722735 
 2308   246.941179108397 
 2309   253.004550607887 
 2310   273.847591014396 
 2311   232.70182642091 
 2312   250.062696754314 
 2313   257.12370327182 
 2314   257.256671296022 
 2315   253.861226905034 
 2316   260.429811026735 
 2317   278.69339856474 
 2318   249.769402713025 
 2319   236.856907923346 
 2320   239.108276746537 
 2321   255.665772565838 
 2322   247.956851500539 
 2323   250.931081048775 
 2324   267.105085661505 
 2325   285.295071508806 
 2326   277.512501142794 
 2327   261.815567239643 
 2328   260.382407224648 
 2329   250.756696425421 
 2330   234.783395245552 
 2331   233.264944786261 
 2332   237.355478064456 
 2333   247.521204272629 
 2334   250.313300652808 
 2335   254.915055684231 
 2336   233.669423402738 
 2337   231.613299010075 
 2338   236.087470785542 
 2339   246.314174991857 
