05-29-2020  14:20:57
Wavenumber (cm-1)  CCD Output
 251   3013.83920094375 
 252   3106.63159060308 
 253   3208.24362399041 
 254   3320.73603068214 
 255   3429.74624109751 
 256   3538.00149564839 
 257   3662.02036160753 
 258   3787.67801207774 
 259   3896.62165489379 
 260   3980.78275841262 
 261   4058.35458407397 
 262   4139.31143997659 
 263   4210.42389799176 
 264   4264.40871479599 
 265   4311.40483121798 
 266   4381.16482273941 
 267   4468.66353973462 
 268   4550.97924581234 
 269   4611.22144869722 
 270   4690.4293048086 
 271   4819.65548317331 
 272   4935.98455303352 
 273   5058.72903584754 
 274   5234.35243848888 
 275   5408.85574975093 
 276   5573.04180322522 
 277   5756.14946495699 
 278   5954.82629354668 
 279   6180.68556402075 
 280   6448.94196635804 
 281   6716.00530823156 
 282   6988.82731707104 
 283   7320.14638669105 
 284   7671.83377417447 
 285   8033.68874646443 
 286   8455.52652344941 
 287   8970.14530002278 
 288   9571.39843431932 
 289   10220.8055475806 
 290   10941.2618823468 
 291   11777.246188751 
 292   12758.2203996049 
 293   13832.6883809763 
 294   14955.5130416624 
 295   16148.6503299889 
 296   17438.0046566563 
 297   18802.0513367912 
 298   20145.292437393 
 299   21478.007130983 
 300   22826.0563483227 
 301   24123.7459051079 
 302   25308.9085412937 
 303   26352.8262810091 
 304   27279.1687320961 
 305   28066.8659142713 
 306   28667.9267695944 
 307   29053.5324954304 
 308   29232.4534231601 
 309   29234.5032556861 
 310   29079.2484166599 
 311   28761.083018647 
 312   28285.148915591 
 313   27739.7003026016 
 314   27176.5462301872 
 315   26615.3773232395 
 316   26111.3779319898 
 317   25740.7145362642 
 318   25565.0654630986 
 319   25557.7925408108 
 320   25769.9111764697 
 321   26316.9205147297 
 322   27213.4773754226 
 323   28419.9718491307 
 324   29875.4150365219 
 325   31548.9713822908 
 326   33398.0672226452 
 327   35351.1191836672 
 328   37301.9897338979 
 329   39195.8158074318 
 330   41007.2896058856 
 331   42552.7380584479 
 332   43703.561936609 
 333   44436.6563772709 
 334   44692.0266326455 
 335   44453.2863564781 
 336   43762.1361102404 
 337   42623.0092169646 
 338   41045.4432968879 
 339   39074.6856769839 
 340   36827.61672702 
 341   34395.2369357992 
 342   31821.5600811768 
 343   29212.7029804723 
 344   26677.2648463961 
 345   24287.2511667164 
 346   22046.8213373671 
 347   19987.2652320641 
 348   18185.59792869 
 349   16632.5943888683 
 350   15287.0358429823 
 351   14116.3766305559 
 352   13147.5200611781 
 353   12372.8408684465 
 354   11723.8657463179 
 355   11177.8143754264 
 356   10734.9348747129 
 357   10394.2173866476 
 358   10107.0891559793 
 359   9875.38623459975 
 360   9755.38889731896 
 361   9656.89086179105 
 362   9551.03787965992 
 363   9522.48575195291 
 364   9540.11262713434 
 365   9603.55018660774 
 366   9778.59886207177 
 367   10039.5983503266 
 368   10365.3017163772 
 369   10783.375938244 
 370   11359.8841085739 
 371   12088.0338149379 
 372   12888.1928667797 
 373   13783.0851961833 
 374   14817.0921073274 
 375   15993.5790327346 
 376   17185.0282182773 
 377   18338.31506197 
 378   19485.9773213629 
 379   20540.3806874582 
 380   21435.8451522311 
 381   22152.0336705828 
 382   22635.7681108141 
 383   22866.4659315477 
 384   22837.6000505324 
 385   22460.5927471564 
 386   21778.4641175136 
 387   20921.8213850616 
 388   19869.6026816715 
 389   18651.0735034656 
 390   17343.39188704 
 391   15960.8386698892 
 392   14564.558217598 
 393   13232.3236329359 
 394   11961.3388196176 
 395   10785.0918409166 
 396   9750.80180621819 
 397   8845.61487586826 
 398   8039.7327462856 
 399   7323.55414643727 
 400   6740.38283273993 
 401   6274.96512406619 
 402   5879.28948575597 
 403   5525.43750687068 
 404   5230.20667535452 
 405   5000.79944983425 
 406   4787.86203477703 
 407   4590.67041946037 
 408   4420.95524788431 
 409   4264.48503851807 
 410   4102.86618746813 
 411   3933.70478530716 
 412   3776.81240135715 
 413   3629.86790618266 
 414   3483.47421011301 
 415   3336.97191803206 
 416   3219.01703558836 
 417   3135.27165932385 
 418   3061.34519647169 
 419   3019.00750198378 
 420   3018.9571214653 
 421   3045.02480803443 
 422   3083.3833925212 
 423   3128.83583074843 
 424   3183.02997950677 
 425   3245.90235685898 
 426   3313.9785358437 
 427   3376.66570479523 
 428   3412.43913899421 
 429   3435.86720100966 
 430   3462.89694357053 
 431   3450.64683107991 
 432   3421.05572868308 
 433   3415.97870530064 
 434   3421.84100870814 
 435   3420.95920472053 
 436   3408.25017205627 
 437   3396.99641787584 
 438   3390.61711201708 
 439   3378.88984245602 
 440   3348.26295648976 
 441   3339.92189858559 
 442   3356.10327466208 
 443   3339.79456757405 
 444   3318.67095023407 
 445   3310.8336955594 
 446   3298.02123645426 
 447   3277.62233912828 
 448   3256.44511557601 
 449   3244.36993525774 
 450   3245.02871638969 
 451   3240.6431294441 
 452   3214.61120513354 
 453   3190.91428258852 
 454   3170.05677526199 
 455   3140.4885039564 
 456   3106.83591544553 
 457   3087.79578513823 
 458   3085.85158795122 
 459   3071.03421964255 
 460   3052.75727188933 
 461   3047.03120883994 
 462   3051.22748894536 
 463   3047.10404756499 
 464   3030.17996172252 
 465   3016.88773367326 
 466   3021.89537155718 
 467   3028.86228312797 
 468   3013.44784038238 
 469   3010.97943946782 
 470   3018.05233187311 
 471   3009.35609464214 
 472   2998.08721095404 
 473   2996.82977678551 
 474   3006.62463926005 
 475   3015.08531750045 
 476   3019.65093549068 
 477   3020.20755725278 
 478   3013.0155358594 
 479   2998.29535045637 
 480   2984.48213140341 
 481   2980.83280426321 
 482   2967.28646821734 
 483   2947.19845439325 
 484   2943.70665606233 
 485   2948.19312285657 
 486   2943.42532790652 
 487   2926.87367525483 
 488   2930.21137478195 
 489   2940.03923714389 
 490   2932.09417857054 
 491   2915.85465407532 
 492   2910.70677218198 
 493   2915.62360091933 
 494   2905.01621795668 
 495   2892.10267305818 
 496   2881.95345402101 
 497   2862.13084590149 
 498   2839.40595709404 
 499   2820.61099364879 
 500   2805.42377739218 
 501   2786.03196538069 
 502   2770.2169914165 
 503   2761.37708074023 
 504   2737.36511266429 
 505   2703.07770846729 
 506   2677.79218912633 
 507   2674.51514040158 
 508   2669.70933077077 
 509   2652.16879579327 
 510   2638.2925259338 
 511   2645.50073799333 
 512   2654.92718475703 
 513   2642.36387786798 
 514   2644.98258597548 
 515   2676.70724673581 
 516   2717.46176821292 
 517   2727.70487867858 
 518   2714.96054617059 
 519   2690.61950342846 
 520   2649.52434816121 
 521   2621.47922023051 
 522   2602.93094081642 
 523   2564.00581848834 
 524   2532.32840677925 
 525   2494.89495238278 
 526   2430.4244134188 
 527   2383.38407273736 
 528   2363.11621707429 
 529   2364.60512367007 
 530   2390.04043544447 
 531   2401.095647588 
 532   2393.76327638809 
 533   2406.22176828592 
 534   2419.69554255889 
 535   2427.4339667813 
 536   2439.98742766106 
 537   2455.07250538355 
 538   2466.37497043808 
 539   2477.0291136199 
 540   2504.24962831468 
 541   2535.1779339558 
 542   2563.8025729966 
 543   2601.07162130187 
 544   2627.98780190068 
 545   2646.89175706255 
 546   2676.32494743264 
 547   2707.34376229807 
 548   2724.56989070206 
 549   2729.72160446306 
 550   2750.52812839044 
 551   2767.11382774202 
 552   2763.67566068616 
 553   2758.37972807913 
 554   2777.74532163475 
 555   2806.85351571201 
 556   2813.2560242503 
 557   2817.51115752384 
 558   2831.97723036866 
 559   2854.24707457971 
 560   2875.71635135897 
 561   2898.85787220421 
 562   2929.65400906615 
 563   2966.37734703341 
 564   2984.67148254266 
 565   2996.13176950175 
 566   3025.66287983642 
 567   3049.88877489188 
 568   3060.17142412091 
 569   3068.97089791742 
 570   3096.67043984136 
 571   3127.75420688876 
 572   3154.16013191534 
 573   3187.58299494352 
 574   3232.93167121125 
 575   3280.57927656245 
 576   3327.51308259129 
 577   3398.85313755043 
 578   3484.31749289798 
 579   3565.29365609132 
 580   3637.35699818898 
 581   3702.39893125314 
 582   3771.55958764543 
 583   3851.96420242211 
 584   3924.94551388024 
 585   4004.50796251035 
 586   4100.96828402962 
 587   4189.20238871574 
 588   4280.12611582402 
 589   4382.9003075498 
 590   4491.63944210272 
 591   4606.61577648105 
 592   4718.0761725828 
 593   4822.24074839167 
 594   4938.29338582321 
 595   5049.97963671292 
 596   5151.93775690645 
 597   5259.58220222092 
 598   5336.07351676684 
 599   5403.66498372278 
 600   5498.22497132287 
 601   5564.81355343214 
 602   5671.33404479578 
 603   5741.2995366389 
 604   5533.92647652589 
 605   5454.22835214337 
 606   5596.36311000782 
 607   5704.9127380415 
 608   5811.78082391257 
 609   5928.98976306594 
 610   6052.01565107867 
 611   6196.59376859774 
 612   6302.83879448061 
 613   6511.94623072359 
 614   6966.06051579251 
 615   7210.36996783648 
 616   7291.7084907591 
 617   7455.73184816829 
 618   7659.31730381444 
 619   7864.91236764872 
 620   8064.56168446924 
 621   8271.96489449765 
 622   8509.57289712017 
 623   8771.59482512396 
 624   9048.19353949478 
 625   9353.46844309515 
 626   9691.04381700432 
 627   10053.4768648925 
 628   10433.5389139398 
 629   10845.0652318397 
 630   11297.88044813 
 631   11814.9120229008 
 632   12440.6360267039 
 633   13157.4022871759 
 634   13896.5042368873 
 635   14621.6555342704 
 636   15470.0856328193 
 637   16445.509603078 
 638   17507.523249673 
 639   18700.7828429612 
 640   19996.4607742552 
 641   21387.1217029632 
 642   22909.9943322719 
 643   24591.5788982548 
 644   26481.8921878546 
 645   28579.6718112992 
 646   30852.4051537213 
 647   33606.1120560521 
 648   36648.1426008337 
 649   39603.8308569681 
 650   42974.9166113352 
 651   46435.0586704691 
 652   49555.0245488626 
 653   52438.4533682491 
 654   54973.5498117086 
 655   57222.8401936273 
 656   59061.5223200139 
 657   59692.7207483677 
 658   59899.8265953331 
 659   60000 
 660   60000 
 661   60000 
 662   60000 
 663   60000 
 664   60000 
 665   60000 
 666   60000 
 667   60000 
 668   60000 
 669   60000 
 670   60000 
 671   60000 
 672   60000 
 673   60000 
 674   60000 
 675   60000 
 676   60000 
 677   60000 
 678   60000 
 679   59949.957726706 
 680   59789.495889606 
 681   59591.5188949752 
 682   59825.7031431898 
 683   60000 
 684   60000 
 685   60000 
 686   58990.7376153203 
 687   57981.239061876 
 688   58023.0262169532 
 689   58034.5949001357 
 690   57913.0519009189 
 691   57799.2884100942 
 692   57679.7821864378 
 693   57372.9860983899 
 694   57062.3227593359 
 695   57522.6193482822 
 696   59068.0734364036 
 697   59585.1787759338 
 698   59433.1378596646 
 699   59642.1997846389 
 700   59918.1371078753 
 701   60000 
 702   60000 
 703   60000 
 704   60000 
 705   60000 
 706   60000 
 707   60000 
 708   60000 
 709   57781.4091540375 
 710   55100.5754742023 
 711   52085.973994044 
 712   48799.537304386 
 713   45263.5163237519 
 714   41517.8954397176 
 715   37662.6930193812 
 716   33475.5491824823 
 717   29690.526091774 
 718   27274.825710112 
 719   25393.0350211126 
 720   23316.7054406419 
 721   20829.5003982686 
 722   18329.656865976 
 723   16778.0655691396 
 724   15814.8195661888 
 725   14819.8700076664 
 726   14006.4626427121 
 727   13292.4868333513 
 728   12496.4710257391 
 729   11832.1446888042 
 730   12058.5393937442 
 731   12693.6023256378 
 732   12910.8225912441 
 733   12428.0762308401 
 734   11931.631946427 
 735   11542.8404956418 
 736   11145.9427424029 
 737   10753.519850768 
 738   10431.5080735617 
 739   10139.5831826801 
 740   9839.04438433828 
 741   9571.35048208359 
 742   9309.47975718135 
 743   9060.07817956481 
 744   8835.28862065266 
 745   8604.28244506093 
 746   8397.06159800132 
 747   8213.03436427129 
 748   8031.16470119827 
 749   7871.93537134584 
 750   7710.30221294306 
 751   7544.89789146107 
 752   7394.60141633661 
 753   7227.91318081877 
 754   7088.5972094925 
 755   6990.58734470581 
 756   6876.72374423978 
 757   6728.64625411072 
 758   6592.13157595053 
 759   6485.52845057979 
 760   6360.8564564157 
 761   6220.38877786913 
 762   6083.10689139548 
 763   5962.34590566804 
 764   5856.03505334695 
 765   5751.17797725257 
 766   5648.43570496432 
 767   5548.66559381167 
 768   5438.90762465001 
 769   5341.96028833993 
 770   5268.87948950341 
 771   5211.33854046697 
 772   5158.95279580993 
 773   5088.7638223518 
 774   5012.24749115759 
 775   4954.14459784707 
 776   4890.09629952554 
 777   4813.90748028639 
 778   4744.32057585729 
 779   4699.12764343664 
 780   4654.81526145904 
 781   4579.82015782017 
 782   4493.91468410115 
 783   4440.20808104251 
 784   4372.6793643761 
 785   4294.06150611683 
 786   4230.80304618875 
 787   4187.15915065922 
 788   4133.70646126221 
 789   4071.89757590677 
 790   4023.95902019833 
 791   3994.93868583527 
 792   3937.80692317895 
 793   3880.32761893456 
 794   3848.58330486544 
 795   3810.73169896455 
 796   3766.06771742866 
 797   3721.03413839951 
 798   3672.35171853007 
 799   3611.76733686614 
 800   3558.22732325464 
 801   3513.03580150005 
 802   3465.60545404746 
 803   3415.29224908208 
 804   3380.29881613735 
 805   3347.04073093815 
 806   3299.35120737221 
 807   3254.68148728669 
 808   3240.35692080738 
 809   3222.91951773607 
 810   3184.82740538684 
 811   3175.03944478037 
 812   3180.70691888741 
 813   3180.44628923789 
 814   3167.62031227603 
 815   3150.55459997756 
 816   3139.20463530268 
 817   3132.44487402372 
 818   3117.18933792912 
 819   3085.46435538491 
 820   3070.21779450564 
 821   3056.10187142109 
 822   3026.16916825581 
 823   3004.61212616328 
 824   2989.03743532914 
 825   2975.72076484751 
 826   2957.83502835052 
 827   2931.41102388788 
 828   2927.67505969393 
 829   2933.92737058166 
 830   2929.24601111364 
 831   2921.32603381966 
 832   2919.21055354676 
 833   2919.27405873682 
 834   2919.66936183714 
 835   2920.67597405281 
 836   2904.18839480572 
 837   2905.19693882212 
 838   2920.29391820359 
 839   2902.06365334918 
 840   2889.72018468086 
 841   2887.55627384575 
 842   2883.19151325039 
 843   2874.33930576076 
 844   2861.68630603363 
 845   2823.30021827097 
 846   2847.36380268035 
 847   2846.31597213604 
 848   2514.62534717218 
 849   3938.37341901803 
 850   5891.3600714928 
 851   5843.57610904042 
 852   5777.58887331266 
 853   5837.91138173264 
 854   5862.86572192006 
 855   5897.22246465123 
 856   5835.50944603902 
 857   6175.502737953 
 858   5311.16586941689 
 859   3093.33722965587 
 860   2829.15479675108 
 861   3013.88032815353 
 862   2967.30681294903 
 863   2982.77299036737 
 864   2986.13358474847 
 865   3001.71056905894 
 866   3024.46328981201 
 867   3023.84617461455 
 868   2998.3598131088 
 869   3002.47104149742 
 870   3014.33152952595 
 871   3020.4072437211 
 872   3042.62996246282 
 873   3079.10148581436 
 874   3124.29433692078 
 875   3166.55458296419 
 876   3215.82070035517 
 877   3310.09346091586 
 878   3393.59874872226 
 879   3472.41610197076 
 880   3571.29612363448 
 881   3657.72622900929 
 882   3739.78880852902 
 883   3816.21265335669 
 884   3899.15928039947 
 885   4006.439675742 
 886   4093.95070307822 
 887   4208.33821269917 
 888   4347.19185743438 
 889   4451.43794172749 
 890   4556.31528496909 
 891   4685.06192410692 
 892   4811.77496731508 
 893   4918.15374324614 
 894   5040.20249670999 
 895   5139.08060940354 
 896   5209.18956570621 
 897   5263.48679061211 
 898   5300.93204902784 
 899   5349.44230191027 
 900   5366.64372410444 
 901   5351.08936134722 
 902   5346.06416959198 
 903   5302.07895010018 
 904   5259.61750245754 
 905   5213.07631816911 
 906   5140.75579544333 
 907   5104.76124593564 
 908   5061.34043849646 
 909   5036.51498598409 
 910   5048.42111019809 
 911   5040.13929804961 
 912   5054.25581727107 
 913   5112.94072142105 
 914   5202.08633416819 
 915   5300.12877956613 
 916   5411.83267921008 
 917   5570.44440610816 
 918   5739.08276982087 
 919   5887.35742187496 
 920   6082.94930284552 
 921   6314.09894785431 
 922   6555.7164399019 
 923   6794.04752888027 
 924   7035.57992846618 
 925   7312.05668866667 
 926   7587.15691163805 
 927   7858.76643544564 
 928   8143.44512873876 
 929   8391.58540373977 
 930   8605.49596741119 
 931   8793.96314094468 
 932   8957.26660969269 
 933   9103.29508826502 
 934   9258.83830226825 
 935   9385.86091282209 
 936   9491.3218671415 
 937   9639.98883659424 
 938   9851.93656082507 
 939   10107.7174361714 
 940   10451.1030193439 
 941   10915.0015169222 
 942   11428.5113034871 
 943   11908.1556570584 
 944   12540.8341835413 
 945   13379.9647968885 
 946   14277.4266414752 
 947   15210.0407253887 
 948   16173.688134309 
 949   17162.8854856533 
 950   18121.6428378962 
 951   18952.6502892698 
 952   19643.9888084194 
 953   20188.7361081846 
 954   20425.6877112645 
 955   20341.5664577704 
 956   20316.9758595904 
 957   19994.3589691889 
 958   19333.8133272148 
 959   18508.6306338597 
 960   17546.8362391229 
 961   16538.4495496977 
 962   15463.3652870903 
 963   14324.2143328913 
 964   13196.9192785059 
 965   12155.2872245092 
 966   11198.3055517321 
 967   10344.6270627272 
 968   9615.99221099456 
 969   8984.15037753584 
 970   8378.9184586802 
 971   7868.37783426533 
 972   7503.21806562975 
 973   7230.96524142039 
 974   6962.82287438491 
 975   6737.06625895765 
 976   6544.08986548789 
 977   6374.05894163217 
 978   6250.75472676333 
 979   6183.19601479835 
 980   6111.6558122794 
 981   6030.55983337994 
 982   5958.7154448546 
 983   5891.47019816488 
 984   5827.97787179717 
 985   5809.2080098414 
 986   5799.86457836919 
 987   5771.14667835522 
 988   5775.05688805825 
 989   5791.10677619315 
 990   5815.62011283486 
 991   5853.10902217163 
 992   5918.8921645763 
 993   6033.30982000469 
 994   6138.59416142603 
 995   6268.75890535742 
 996   6417.11768983484 
 997   6540.35015906684 
 998   6722.37475153441 
 999   6955.17238095054 
 1000   7199.36092107856 
 1001   7443.4498580136 
 1002   7696.91580001852 
 1003   7959.80584294674 
 1004   8336.03745945973 
 1005   8765.07721635596 
 1006   9195.71712044905 
 1007   9724.37414504523 
 1008   10248.201754528 
 1009   10817.6056645166 
 1010   11500.0287438954 
 1011   12274.2657809984 
 1012   13072.9851094637 
 1013   13882.5821955268 
 1014   14789.7152281648 
 1015   15767.0960851625 
 1016   16764.5798803153 
 1017   17881.8214526158 
 1018   18995.9083840171 
 1019   20164.1901040513 
 1020   21398.3076326928 
 1021   22627.7704620004 
 1022   23936.2949352546 
 1023   25321.0674822488 
 1024   26727.4450834806 
 1025   28151.5128720912 
 1026   29650.5876560025 
 1027   31234.8108245315 
 1028   32782.2712004529 
 1029   34238.6716647413 
 1030   35789.2878289763 
 1031   37620.7206347029 
 1032   39530.613882425 
 1033   41552.9984489509 
 1034   43620.1725328143 
 1035   45687.7386577164 
 1036   47853.4841936224 
 1037   50102.9741135776 
 1038   52167.3031433937 
 1039   54007.8632438877 
 1040   55591.6780692704 
 1041   56888.0576393416 
 1042   58235.287781265 
 1043   59289.9866850683 
 1044   60000 
 1045   60000 
 1046   60000 
 1047   60000 
 1048   60000 
 1049   60000 
 1050   60000 
 1051   60000 
 1052   59231.4956004739 
 1053   57789.8604240267 
 1054   56259.5951505882 
 1055   54503.2185941287 
 1056   52514.6176167942 
 1057   50287.3666428406 
 1058   48038.3132031919 
 1059   45783.6788752911 
 1060   43545.3190720533 
 1061   41441.1349869324 
 1062   39425.3920496145 
 1063   37353.6897630827 
 1064   35239.6531817945 
 1065   33138.7039566241 
 1066   31043.5653331337 
 1067   28940.8700403185 
 1068   26870.7181074122 
 1069   24862.1767475674 
 1070   22943.3085796593 
 1071   21075.7330629813 
 1072   19193.6875275118 
 1073   17501.7755594363 
 1074   15972.9996678228 
 1075   14578.6016776034 
 1076   13315.0464235798 
 1077   12179.7007455897 
 1078   11369.516136121 
 1079   10610.1857364288 
 1080   9877.8691096916 
 1081   9263.94610073446 
 1082   8695.59934473604 
 1083   8240.14768663542 
 1084   7783.61912846788 
 1085   7388.1821999921 
 1086   7092.2551134338 
 1087   6812.34272446542 
 1088   6568.31895928132 
 1089   6323.33749016007 
 1090   6126.43385036199 
 1091   5971.59986121296 
 1092   5821.77108487046 
 1093   5707.90830720471 
 1094   5550.28396825468 
 1095   5437.61725947652 
 1096   5358.52757014329 
 1097   5262.57081167286 
 1098   5193.3766261283 
 1099   5112.55341684268 
 1100   5050.18840536184 
 1101   4961.86728299609 
 1102   4848.34821179546 
 1103   4773.42287447079 
 1104   4699.95816523176 
 1105   4629.40460447215 
 1106   4571.64653114544 
 1107   4525.4014147382 
 1108   4467.96482463705 
 1109   4391.00899427161 
 1110   4367.21902070011 
 1111   4349.55593258153 
 1112   4301.74540818993 
 1113   4248.81611407378 
 1114   4213.96426256443 
 1115   4172.61478802817 
 1116   4129.4942133909 
 1117   4098.5208914302 
 1118   4073.83228287091 
 1119   4049.42461858483 
 1120   4033.86081635851 
 1121   4001.19221625858 
 1122   3970.80408481432 
 1123   3935.35463813432 
 1124   3885.52668414139 
 1125   3842.55552748844 
 1126   3809.733930169 
 1127   3773.59123325298 
 1128   3727.11519425677 
 1129   3685.48016197019 
 1130   3652.58765498767 
 1131   3618.08323350944 
 1132   3624.96124640664 
 1133   3611.74069775278 
 1134   3589.80868803686 
 1135   3575.62848291078 
 1136   3552.14129952209 
 1137   3552.038579541 
 1138   3518.3769481469 
 1139   3522.12888214818 
 1140   3522.966923464 
 1141   3475.07048680648 
 1142   3452.48006203542 
 1143   3407.5432766575 
 1144   3387.40246363673 
 1145   3381.07862018184 
 1146   3362.69148168012 
 1147   3336.11773373369 
 1148   3310.86126033775 
 1149   3311.86614965096 
 1150   3302.92829946656 
 1151   3304.27211668836 
 1152   3302.54996213657 
 1153   3266.97423391391 
 1154   3264.31345960202 
 1155   3254.86121045843 
 1156   3250.55179534213 
 1157   3242.06734882125 
 1158   3223.75223729828 
 1159   3214.83772937236 
 1160   3199.94174919801 
 1161   3215.50098441105 
 1162   3209.84447616234 
 1163   3189.72179219302 
 1164   3195.15682857233 
 1165   3206.27493576585 
 1166   3219.17682532108 
 1167   3243.29465914969 
 1168   3247.3723020652 
 1169   3264.89422133653 
 1170   3300.39196116145 
 1171   3284.30732003171 
 1172   3288.19138796185 
 1173   3286.48476456162 
 1174   3260.91084101355 
 1175   3235.51889667705 
 1176   3229.13844483371 
 1177   3216.82839298297 
 1178   3172.51651476331 
 1179   3169.81690820541 
 1180   3175.98974091553 
 1181   3172.16509249223 
 1182   3189.19532487397 
 1183   3214.15702427783 
 1184   3228.24493046204 
 1185   3240.55714764386 
 1186   3239.64877258992 
 1187   3241.3651545569 
 1188   3260.07665756187 
 1189   3265.6942531795 
 1190   3260.37608414839 
 1191   3265.98083609111 
 1192   3259.88799428955 
 1193   3269.27586668882 
 1194   3304.26838800836 
 1195   3300.14321218936 
 1196   3281.2845120854 
 1197   3306.07135769528 
 1198   3325.79341018889 
 1199   3323.83633543392 
 1200   3334.66324498209 
 1201   3350.6274039358 
 1202   3340.91632584997 
 1203   3351.94938700774 
 1204   3376.47101219583 
 1205   3361.68242721751 
 1206   3327.63101390915 
 1207   3333.03289720272 
 1208   3341.81450790283 
 1209   3347.57974211686 
 1210   3315.19326325303 
 1211   3303.48517575849 
 1212   3336.26299209069 
 1213   3364.17585063106 
 1214   3389.25735317622 
 1215   3412.04590852385 
 1216   3424.00624147425 
 1217   3428.81366630946 
 1218   3471.26485554394 
 1219   3528.31352666731 
 1220   3519.87583394382 
 1221   3523.22302203892 
 1222   3542.84482471233 
 1223   3560.28373302412 
 1224   3572.71039857357 
 1225   3576.54979639921 
 1226   3575.48454791104 
 1227   3593.10913511827 
 1228   3606.91136151856 
 1229   3635.35486847447 
 1230   3666.15528223386 
 1231   3693.6218678049 
 1232   3728.31901660067 
 1233   3759.91573117831 
 1234   3787.55949156821 
 1235   3811.27904093908 
 1236   3837.71385636634 
 1237   3863.11719318559 
 1238   3879.44328529347 
 1239   3892.42365466314 
 1240   3907.61016832029 
 1241   3904.68897552694 
 1242   3927.53119283463 
 1243   3943.06713694531 
 1244   3953.77104448053 
 1245   3970.64094035472 
 1246   3962.20556064107 
 1247   3985.66602866905 
 1248   3978.85088220434 
 1249   3994.83651248551 
 1250   4023.45774258737 
 1251   4045.59999244936 
 1252   4083.55281857926 
 1253   4128.72629486175 
 1254   4200.20293528252 
 1255   4233.45418538136 
 1256   4283.49816498811 
 1257   4333.62921350534 
 1258   4354.36905042619 
 1259   4380.68360956811 
 1260   4397.11879165318 
 1261   4419.06611043292 
 1262   4418.96497981355 
 1263   4438.42590884565 
 1264   4465.45288817803 
 1265   4487.13656532029 
 1266   4531.9708199232 
 1267   4563.34290003051 
 1268   4615.85127452398 
 1269   4647.60809021542 
 1270   4688.6222067304 
 1271   4745.92411770456 
 1272   4795.19875908381 
 1273   4842.85863405824 
 1274   4890.99060161813 
 1275   4963.38146148493 
 1276   4976.91565720819 
 1277   4995.68923151469 
 1278   5059.75292774777 
 1279   5117.82537418133 
 1280   5167.43043212834 
 1281   5243.96781073849 
 1282   5306.05287540617 
 1283   5382.14848210337 
 1284   5492.37824283506 
 1285   5594.61206196597 
 1286   5667.46304095008 
 1287   5748.83125466712 
 1288   5848.1367509874 
 1289   5938.92618927233 
 1290   6050.64465502043 
 1291   6137.16204999899 
 1292   6231.50334255694 
 1293   6346.85776456266 
 1294   6433.45452331843 
 1295   6528.14054541016 
 1296   6636.40712999676 
 1297   6740.10070663331 
 1298   6857.22153136795 
 1299   7004.83770569202 
 1300   7158.0039212892 
 1301   7324.75225551554 
 1302   7544.57502623647 
 1303   7751.63052946145 
 1304   7953.57435505184 
 1305   8177.78933741729 
 1306   8424.18447902703 
 1307   8603.96433286529 
 1308   8737.68577750328 
 1309   8897.49196991784 
 1310   8949.02436672534 
 1311   8954.63467640359 
 1312   8899.71084000488 
 1313   8849.56034063852 
 1314   8727.47209715103 
 1315   8521.06008720446 
 1316   8317.43317781101 
 1317   8095.93839750711 
 1318   7897.00781156962 
 1319   7693.66511467952 
 1320   7506.61576538189 
 1321   7350.4071689984 
 1322   7211.33551666334 
 1323   7083.58208243842 
 1324   6987.05798576647 
 1325   6919.27896982301 
 1326   6818.3024833099 
 1327   6710.92689287924 
 1328   6684.6197082787 
 1329   6671.74701523859 
 1330   6579.232206632 
 1331   6692.22366638588 
 1332   7052.95647304351 
 1333   6995.44620316448 
 1334   6981.51056567591 
 1335   6999.00627106428 
 1336   6945.63152154548 
 1337   6929.77498167258 
 1338   6889.30743423656 
 1339   6937.3997063837 
 1340   7202.73755051175 
 1341   7142.10732358625 
 1342   7118.67251879989 
 1343   7097.60433213415 
 1344   7075.72136273999 
 1345   6981.86048156487 
 1346   6966.70318643242 
 1347   6704.56005834572 
 1348   6002.59308563373 
 1349   6008.02528671777 
 1350   5973.16716308975 
 1351   5908.6900666916 
 1352   5899.58186549793 
 1353   5971.7284681477 
 1354   6061.44583014214 
 1355   6122.60619756491 
 1356   6200.66687875183 
 1357   6264.30030717915 
 1358   6329.19118766503 
 1359   6428.94136639378 
 1360   6514.84927602996 
 1361   6542.88836922061 
 1362   6591.21409354612 
 1363   6594.95390328339 
 1364   6531.12782468717 
 1365   6604.86800788056 
 1366   6631.64968901636 
 1367   6649.31938499631 
 1368   6667.0692453924 
 1369   6673.84356911437 
 1370   6682.79486621499 
 1371   6764.62697853565 
 1372   6870.8764650254 
 1373   6899.53182655723 
 1374   6955.14355468746 
 1375   6986.10694645305 
 1376   7073.84223538101 
 1377   7172.77410497868 
 1378   7262.52807682006 
 1379   7358.13204086627 
 1380   7452.67065922932 
 1381   7551.1698630768 
 1382   7685.73769024817 
 1383   7849.30618050147 
 1384   7983.28768024459 
 1385   8112.92368147576 
 1386   8269.95074993477 
 1387   8437.71176056905 
 1388   8614.65242875651 
 1389   8799.76915296427 
 1390   8985.2650450408 
 1391   9194.75067722536 
 1392   9431.40032255967 
 1393   9698.48628259613 
 1394   9998.22267604186 
 1395   10342.9256820106 
 1396   10727.9032422543 
 1397   11150.7501607302 
 1398   11646.8182839137 
 1399   12196.6446366899 
 1400   12785.1838543933 
 1401   13511.23272942 
 1402   14191.1750408043 
 1403   15150.0655218641 
 1404   16266.2806891405 
 1405   17460.774569691 
 1406   18797.3763793477 
 1407   20271.462889283 
 1408   21896.7232690251 
 1409   23690.7665978152 
 1410   25508.0172908404 
 1411   27320.6961502614 
 1412   29279.5076649261 
 1413   31261.0610280103 
 1414   33220.5344645261 
 1415   35057.4334338531 
 1416   36747.9254072833 
 1417   38160.8475492823 
 1418   39201.5550842757 
 1419   40091.2865179201 
 1420   40604.6607663739 
 1421   40742.3900999486 
 1422   40562.0113979603 
 1423   39886.1326052341 
 1424   39109.7147646466 
 1425   38216.0539681382 
 1426   37049.6552497108 
 1427   35645.3173417602 
 1428   34017.3837504369 
 1429   32460.3193842512 
 1430   30879.1400265698 
 1431   29232.1790657023 
 1432   27632.0781729558 
 1433   26096.7920607285 
 1434   24577.3075060247 
 1435   23197.7842473483 
 1436   21923.1552362531 
 1437   20609.9716286758 
 1438   19375.6335758802 
 1439   18299.5048809006 
 1440   17290.3101565948 
 1441   16368.6156318818 
 1442   15373.0813602547 
 1443   14312.4515798699 
 1444   13506.855129568 
 1445   12858.6652600397 
 1446   12197.6933446224 
 1447   11598.9496506831 
 1448   11082.2799987654 
 1449   10587.6790303762 
 1450   10162.7078570804 
 1451   10071.5281669448 
 1452   9714.85181830326 
 1453   9344.60452124119 
 1454   9018.00637239499 
 1455   8697.86867848189 
 1456   8393.56215059797 
 1457   8124.33693445626 
 1458   7911.77011733066 
 1459   7701.79431632265 
 1460   7477.64717920836 
 1461   7317.54213457705 
 1462   7186.94122013794 
 1463   7061.07416964672 
 1464   6979.96611621106 
 1465   6856.83530536403 
 1466   6716.21670111548 
 1467   6624.20507885157 
 1468   6547.58677324209 
 1469   6460.05553887325 
 1470   6361.62891475612 
 1471   6241.43789595562 
 1472   6164.5874893037 
 1473   6103.61886022139 
 1474   6062.3857860708 
 1475   5992.31568892469 
 1476   5950.030221202 
 1477   5939.56099839547 
 1478   5898.0275596413 
 1479   5839.20311748509 
 1480   5793.96625018846 
 1481   5732.41433386429 
 1482   5675.64628611238 
 1483   5661.87875583574 
 1484   5590.98601209115 
 1485   5467.71623227563 
 1486   5461.79072011029 
 1487   5456.99515944141 
 1488   5413.71056417817 
 1489   5391.6739499668 
 1490   5356.45347614041 
 1491   5300.19226787978 
 1492   5271.24068558956 
 1493   5240.06630026953 
 1494   5181.48475181937 
 1495   5140.49545587627 
 1496   5111.99859992595 
 1497   5080.38713840728 
 1498   5045.94487284773 
 1499   5016.9641987544 
 1500   5007.50154785804 
 1501   4997.11923011304 
 1502   4961.89293163547 
 1503   4940.3036341345 
 1504   4939.59551517997 
 1505   4930.84423787989 
 1506   4921.46140740841 
 1507   4894.91746100322 
 1508   4879.23885591226 
 1509   4858.81545485323 
 1510   4805.16684313231 
 1511   4785.17605213484 
 1512   4758.66363691755 
 1513   4720.61272594486 
 1514   4697.03073231302 
 1515   4676.41268212779 
 1516   4615.82422807098 
 1517   4585.97339941747 
 1518   4597.28490603846 
 1519   4542.71980366832 
 1520   4512.35042895531 
 1521   4498.10009781434 
 1522   4512.74547787683 
 1523   4496.91795247329 
 1524   4524.11355088978 
 1525   4513.15420164205 
 1526   4477.97346587576 
 1527   4474.54158561478 
 1528   4461.00962756067 
 1529   4405.29848347393 
 1530   4367.9830043244 
 1531   4350.01377864089 
 1532   4304.38045715143 
 1533   4274.6282992705 
 1534   4271.7904412101 
 1535   4265.56173741835 
 1536   4215.51474112037 
 1537   4167.33717618796 
 1538   4092.13194581515 
 1539   4019.02981361571 
 1540   3972.58944458619 
 1541   3904.14239378492 
 1542   3806.01784964839 
 1543   3752.41231293209 
 1544   3741.75622694682 
 1545   3739.72808124173 
 1546   3773.71138908945 
 1547   3814.78873074771 
 1548   3831.19644268579 
 1549   3876.39332647169 
 1550   3910.12017660581 
 1551   3948.66012490763 
 1552   3993.94915749786 
 1553   4001.09194822795 
 1554   3969.92368244582 
 1555   3982.93229288638 
 1556   3987.39791690798 
 1557   3991.57621773008 
 1558   3977.61208968199 
 1559   3941.15148074353 
 1560   3928.2179997938 
 1561   3922.61435304698 
 1562   3900.58336680923 
 1563   3885.72857589295 
 1564   3880.52782427473 
 1565   3867.84863116171 
 1566   3887.09423563919 
 1567   3867.57156806532 
 1568   3857.07424559066 
 1569   3887.20300953193 
 1570   3863.56061460716 
 1571   3828.54973262974 
 1572   3816.96000335231 
 1573   3778.88070032064 
 1574   3754.01471860177 
 1575   3753.284188092 
 1576   3737.15868787205 
 1577   3744.52930056317 
 1578   3757.07961283467 
 1579   3717.8036433793 
 1580   3705.17585361167 
 1581   3738.84026230786 
 1582   3755.67987154397 
 1583   3771.66181400302 
 1584   3763.80410044689 
 1585   3742.15596941126 
 1586   3828.91947001872 
 1587   3876.58860786314 
 1588   3883.9476866371 
 1589   3852.79108030754 
 1590   3844.5150259062 
 1591   3850.99439173377 
 1592   3862.12779920731 
 1593   3833.25803967547 
 1594   3806.24095654344 
 1595   3791.46941340143 
 1596   3777.08168572333 
 1597   3785.14363158807 
 1598   3769.90130122992 
 1599   3780.22892148317 
 1600   3802.8602045534 
 1601   3821.03993751671 
 1602   3840.05244498578 
 1603   3860.61848838775 
 1604   3863.12906364827 
 1605   3872.83068017389 
 1606   3839.68752762535 
 1607   3835.36973297067 
 1608   3814.79058802135 
 1609   3759.30138713549 
 1610   3758.92358780293 
 1611   3799.05173474239 
 1612   3821.43194379488 
 1613   3842.87905002996 
 1614   3840.98524583027 
 1615   3837.97687385136 
 1616   3884.77406690256 
 1617   3912.80012859091 
 1618   3894.35347623197 
 1619   3886.86128546637 
 1620   3895.43283753829 
 1621   3910.546999343 
 1622   3911.58286704334 
 1623   3906.44168844224 
 1624   3883.08801331858 
 1625   3886.35921668809 
 1626   3893.16513278077 
 1627   3874.46634960347 
 1628   3867.95769136979 
 1629   3861.26536302939 
 1630   3870.25258228274 
 1631   3863.03769645723 
 1632   3851.76545574147 
 1633   3823.24316617004 
 1634   3818.82590953429 
 1635   3812.94792966601 
 1636   3848.2200983418 
 1637   3848.95782676904 
 1638   3819.92768235738 
 1639   3830.70422292928 
 1640   3833.34853383367 
 1641   3807.33923368075 
 1642   3783.86138063809 
 1643   3747.36913359555 
 1644   3704.51041005551 
 1645   3731.13809012367 
 1646   3727.25307965395 
 1647   3719.91333357339 
 1648   3736.34286098128 
 1649   3743.46363340571 
 1650   3712.18078702519 
 1651   3696.73185528065 
 1652   3669.81518978507 
 1653   3622.51322267661 
 1654   3604.74438200218 
 1655   3570.60690672743 
 1656   3564.22754904586 
 1657   3575.88309739708 
 1658   3565.06382052801 
 1659   3545.04456355993 
 1660   3570.05240404552 
 1661   3578.01596393361 
 1662   3575.9576024387 
 1663   3574.52216995689 
 1664   3573.12885842702 
 1665   3570.87265946191 
 1666   3585.18935378713 
 1667   3592.75920960408 
 1668   3567.62834338268 
 1669   3543.69771835215 
 1670   3515.87354540955 
 1671   3498.27447219464 
 1672   3512.34389562256 
 1673   3487.02511346193 
 1674   3436.14058746355 
 1675   3426.82808600636 
 1676   3425.88557695362 
 1677   3435.91812094191 
 1678   3444.88445436603 
 1679   3422.55269187647 
 1680   3444.05919685296 
 1681   3473.99561458793 
 1682   3491.3195348765 
 1683   3495.06955588451 
 1684   3469.13660525255 
 1685   3409.5616865084 
 1686   3392.80794661012 
 1687   3335.50476586909 
 1688   3288.53427249811 
 1689   3251.68899400293 
 1690   3241.83698523189 
 1691   3230.18193527578 
 1692   3242.7399355218 
 1693   3213.63607173395 
 1694   3203.99463374198 
 1695   3203.23936213052 
 1696   3186.69448930241 
 1697   3174.38354031945 
 1698   3157.18884862739 
 1699   3134.1147139397 
 1700   3097.54955358427 
 1701   3118.58716869765 
 1702   3015.07400271579 
 1703   3696.0568751216 
 1704   3897.97483873642 
 1705   3817.09138910987 
 1706   3844.63523416724 
 1707   3861.57071869501 
 1708   3799.88906375172 
 1709   3860.58421689152 
 1710   3232.16294148494 
 1711   2854.48134534945 
 1712   2899.40344479407 
 1713   2816.54861306663 
 1714   2807.30437797518 
 1715   2804.76978280887 
 1716   2786.68523482721 
 1717   2765.54711216783 
 1718   2725.95297966926 
 1719   2725.24443443732 
 1720   2752.2097710587 
 1721   2721.16073791692 
 1722   2706.68680728703 
 1723   2726.6928599038 
 1724   2748.3334316675 
 1725   2765.06870179804 
 1726   2749.90236598385 
 1727   2706.27983104525 
 1728   2688.82076546858 
 1729   2685.43498926731 
 1730   2644.88700751747 
 1731   2615.71952862255 
 1732   2579.99090294327 
 1733   2569.56583890771 
 1734   2562.86365367748 
 1735   2537.95836017435 
 1736   2526.23413990665 
 1737   2542.55723936762 
 1738   2517.39602173064 
 1739   2524.46744545935 
 1740   2506.58651122981 
 1741   2489.33385763442 
 1742   2485.72979749809 
 1743   2450.33054911032 
 1744   2398.83682072037 
 1745   2377.63661919191 
 1746   2348.65568969689 
 1747   2352.11234155225 
 1748   2359.35948093835 
 1749   2372.06861602358 
 1750   2375.10017309425 
 1751   2384.52574903669 
 1752   2383.89436923824 
 1753   2367.19710740426 
 1754   2353.36884693642 
 1755   2316.46178332524 
 1756   2285.29459870308 
 1757   2255.17988880944 
 1758   2235.15635030694 
 1759   2225.04848206208 
 1760   2212.16133914527 
 1761   2218.69725638028 
 1762   2194.96356030059 
 1763   2178.90497707272 
 1764   2176.2935002881 
 1765   2172.26540185459 
 1766   2163.09166921868 
 1767   2153.20625735353 
 1768   2139.66535651083 
 1769   2132.03561686713 
 1770   2109.88913139082 
 1771   2103.2493579495 
 1772   2097.38034811115 
 1773   2080.21720640382 
 1774   2066.01400777605 
 1775   2033.15163258459 
 1776   2053.41439428628 
 1777   2064.97386328624 
 1778   2046.50732149583 
 1779   2041.38022067243 
 1780   2070.81681677675 
 1781   2087.19811497999 
 1782   2086.88649738626 
 1783   2059.77657065074 
 1784   2039.38359002267 
 1785   2033.12203306576 
 1786   2019.3244675127 
 1787   1985.44077681438 
 1788   1958.29068377868 
 1789   1949.97362815608 
 1790   1950.43871684271 
 1791   1961.93586229071 
 1792   1965.66339145781 
 1793   1965.41388264641 
 1794   1965.72483091714 
 1795   1967.02786362074 
 1796   1975.64130211487 
 1797   1967.64602912967 
 1798   1873.09475749742 
 1799   1821.16914172783 
 1800   1802.05278901355 
 1801   1786.17888248456 
 1802   1773.48834844999 
 1803   1739.9395087803 
 1804   1747.12791796448 
 1805   1817.77541420006 
 1806   1833.84492525673 
 1807   1837.46214871447 
 1808   1848.04884062506 
 1809   1849.64801038599 
 1810   1844.06433340741 
 1811   1814.79879132372 
 1812   1847.92807670261 
 1813   1857.78919538806 
 1814   1851.78943076996 
 1815   1846.05732329966 
 1816   1830.12065572504 
 1817   1851.59789983395 
 1818   1845.96941299232 
 1819   1813.89651700161 
 1820   1820.17979877846 
 1821   1804.08751890129 
 1822   1791.78002465156 
 1823   1799.56379987707 
 1824   1804.3339027851 
 1825   1827.88516411081 
 1826   1822.00465772545 
 1827   1776.75025394371 
 1828   1757.21967660693 
 1829   1729.03658627307 
 1830   1689.37469032035 
 1831   1652.57650470045 
 1832   1638.71533512785 
 1833   1623.60688562559 
 1834   1624.46995417254 
 1835   1635.36730261941 
 1836   1654.78785765977 
 1837   1661.83634134889 
 1838   1652.49224596186 
 1839   1648.67117539944 
 1840   1660.01645509906 
 1841   1657.87228161338 
 1842   1650.94880428257 
 1843   1655.36762910499 
 1844   1656.92499640948 
 1845   1660.10045207338 
 1846   1623.53483767832 
 1847   1598.82560991317 
 1848   1620.59132508387 
 1849   1614.41048783415 
 1850   1597.17186256965 
 1851   1583.55343770385 
 1852   1578.97178620228 
 1853   1595.35074927063 
 1854   1596.01014927601 
 1855   1584.46371186575 
 1856   1593.6157069002 
 1857   1590.57120444654 
 1858   1609.5150229168 
 1859   1624.56893491439 
 1860   1602.44128332756 
 1861   1612.7226385014 
 1862   1587.53753375843 
 1863   1582.58162370236 
 1864   1596.94173906759 
 1865   1586.6523110071 
 1866   1573.53054411212 
 1867   1577.56699716024 
 1868   1567.40538859232 
 1869   1577.19359538032 
 1870   1577.10827987479 
 1871   1549.48684259178 
 1872   1519.59265298911 
 1873   1524.55193146428 
 1874   1520.17215647875 
 1875   1533.58801755324 
 1876   1512.81304301322 
 1877   1482.37978551848 
 1878   1491.5644706019 
 1879   1526.33923176542 
 1880   1512.96199298049 
 1881   1521.56440145929 
 1882   1469.42972165712 
 1883   1487.82998736923 
 1884   1503.63606532041 
 1885   1499.66731357104 
 1886   1482.82868084145 
 1887   1503.72300255337 
 1888   1504.23295073841 
 1889   1514.54027849573 
 1890   1504.42999921598 
 1891   1472.11457037082 
 1892   1462.36373068506 
 1893   1456.72185488936 
 1894   1441.65000711534 
 1895   1435.33186122265 
 1896   1415.96449139545 
 1897   1407.59939354955 
 1898   1433.91035681932 
 1899   1425.91375900887 
 1900   1425.37266259377 
 1901   1398.06918955343 
 1902   1402.03572160601 
 1903   1396.55443219082 
 1904   1408.99423243891 
 1905   1400.19306312641 
 1906   1389.18252214175 
 1907   1368.99844896004 
 1908   1371.59584224462 
 1909   1373.06827011106 
 1910   1362.93414064264 
 1911   1348.99442255845 
 1912   1353.03269188159 
 1913   1349.67236952201 
 1914   1380.94067176274 
 1915   1374.77079463692 
 1916   1376.93443057457 
 1917   1356.44564714051 
 1918   1314.56373675779 
 1919   1308.2655244361 
 1920   1295.09065907385 
 1921   1267.74361342023 
 1922   1287.29995151764 
 1923   2406.40460800564 
 1924   2363.25557730307 
 1925   2380.32127458481 
 1926   2370.65928512601 
 1927   2341.33396960095 
 1928   2449.03626819108 
 1929   1862.5591064605 
 1930   1118.65476952222 
 1931   1251.62733076706 
 1932   1192.81990891644 
 1933   1179.83354202833 
 1934   1141.90654631122 
 1935   1119.69164976586 
 1936   1137.86063721218 
 1937   1121.41421583919 
 1938   1118.40424044749 
 1939   1127.61416973144 
 1940   1126.10748943118 
 1941   1139.93784217235 
 1942   1151.62383313753 
 1943   1146.8017009837 
 1944   1142.77918247531 
 1945   1146.36662193933 
 1946   1117.77089766937 
 1947   1291.94819566362 
 1948   1396.19726488075 
 1949   1353.04677975932 
 1950   1352.04520854139 
 1951   1364.26110216745 
 1952   1388.25134993636 
 1953   1383.83662688359 
 1954   1148.12178360149 
 1955   1147.19176189841 
 1956   1144.33937582744 
 1957   1162.6498803823 
 1958   1131.83773944314 
 1959   1114.68816890565 
 1960   1117.3799626323 
 1961   1118.87522109074 
 1962   1116.52721306344 
 1963   1108.5612709803 
 1964   1090.79946033621 
 1965   1080.36924674408 
 1966   1048.13148051154 
 1967   1038.72544715921 
 1968   1026.67419357702 
 1969   994.890587606656 
 1970   997.768319367406 
 1971   999.879797291339 
 1972   1004.72286382572 
 1973   993.654694266404 
 1974   963.655963720172 
 1975   976.385419446677 
 1976   977.469448536382 
 1977   986.946214111485 
 1978   1003.22449489073 
 1979   1019.65888971356 
 1980   1031.14691974061 
 1981   1075.33105317621 
 1982   1031.82989154618 
 1983   1005.41116530352 
 1984   990.437337168875 
 1985   979.006371388872 
 1986   990.149138618204 
 1987   984.964590001971 
 1988   977.501047723054 
 1989   989.955093065394 
 1990   975.889989093656 
 1991   961.412252358034 
 1992   944.847573772963 
 1993   947.595932551563 
 1994   918.863424853025 
 1995   939.934209172351 
 1996   927.894524204811 
 1997   941.430736585907 
 1998   929.217387022424 
 1999   926.929421378805 
 2000   917.232153851458 
 2001   904.372287467118 
 2002   916.078390532415 
 2003   884.408107945854 
 2004   889.389666122295 
 2005   859.082500411322 
 2006   848.433488788917 
 2007   848.530285826995 
 2008   842.428411554286 
 2009   840.004076204531 
 2010   847.950122551855 
 2011   876.836856337827 
 2012   865.575126992836 
 2013   846.375909928084 
 2014   860.509778781281 
 2015   837.915494450007 
 2016   838.98863221368 
 2017   828.968337415003 
 2018   808.060578307673 
 2019   831.756935424242 
 2020   802.836238250096 
 2021   740.716117915774 
 2022   724.913578184678 
 2023   695.057071003654 
 2024   673.613121737031 
 2025   682.322716830132 
 2026   674.711509738192 
 2027   708.497994896957 
 2028   721.359225711271 
 2029   709.944855685852 
 2030   701.248200271531 
 2031   703.917490132305 
 2032   705.367649094886 
 2033   718.374810488697 
 2034   723.029969794292 
 2035   727.602718973621 
 2036   734.067896490517 
 2037   722.038984504156 
 2038   695.799351808324 
 2039   672.595730722815 
 2040   671.479614731266 
 2041   659.648683462267 
 2042   670.813640006491 
 2043   656.436096159865 
 2044   654.834485994198 
 2045   641.679536511015 
 2046   624.179353940761 
 2047   623.073010993332 
 2048   593.587412090278 
 2049   595.583228404415 
 2050   601.710740623838 
 2051   591.618207935741 
 2052   597.720650621866 
 2053   602.453942382956 
 2054   606.407512330473 
 2055   594.148557120489 
 2056   590.805537335864 
 2057   595.850318411851 
 2058   594.928486128911 
 2059   558.537773132349 
 2060   540.410003317405 
 2061   542.096023211887 
 2062   562.308764499053 
 2063   558.467359287778 
 2064   559.959888391729 
 2065   570.083624600093 
 2066   592.363707773128 
 2067   605.66335812851 
 2068   582.799964476151 
 2069   565.654509604494 
 2070   565.635191278696 
 2071   561.301766222658 
 2072   556.871225775062 
 2073   516.681115798898 
 2074   517.119143438491 
 2075   501.673164452011 
 2076   501.989347047323 
 2077   511.768869352772 
 2078   505.24016467023 
 2079   503.423260078607 
 2080   530.677376680225 
 2081   566.453912530595 
 2082   567.659071304529 
 2083   557.053372635167 
 2084   558.818202656387 
 2085   578.405711557992 
 2086   546.24871964154 
 2087   510.675910941676 
 2088   504.841498555723 
 2089   506.142574169261 
 2090   494.930801809456 
 2091   525.274944546304 
 2092   546.293210748368 
 2093   536.097485696843 
 2094   508.782101855673 
 2095   494.695902780714 
 2096   496.163567735994 
 2097   475.394631709603 
 2098   464.719016861572 
 2099   477.062218475666 
 2100   484.576351034022 
 2101   497.554986941555 
 2102   503.17623461863 
 2103   507.166525891236 
 2104   490.824693568092 
 2105   480.923446130537 
 2106   502.151741246116 
 2107   494.340163109789 
 2108   507.21152079716 
 2109   448.952844752246 
 2110   457.030127386946 
 2111   432.222655834546 
 2112   424.992249011171 
 2113   386.155854828835 
 2114   396.3136091334 
 2115   411.115139642287 
 2116   413.151749834838 
 2117   409.517036578194 
 2118   406.716407847306 
 2119   426.817978922232 
 2120   436.027414016465 
 2121   435.727660657271 
 2122   414.115672655482 
 2123   413.831080118536 
 2124   433.442168843846 
 2125   419.358408912099 
 2126   430.171777756487 
 2127   397.643124931786 
 2128   401.945699482289 
 2129   411.660182615772 
 2130   391.482222487166 
 2131   363.664264899331 
 2132   349.316785900044 
 2133   338.35953282706 
 2134   358.254520157892 
 2135   345.222692296484 
 2136   361.115913031903 
 2137   377.194299676157 
 2138   364.91472251506 
 2139   378.5487705131 
 2140   352.844263342592 
 2141   361.934163336291 
 2142   357.923204997252 
 2143   359.422047282595 
 2144   375.786316481038 
 2145   371.656202697174 
 2146   349.745563277797 
 2147   333.17447405126 
 2148   329.44178508449 
 2149   313.910349771107 
 2150   300.137312876095 
 2151   312.665404139112 
 2152   321.383720869639 
 2153   325.777859403566 
 2154   321.167627740036 
 2155   336.144265096835 
 2156   331.087939889706 
 2157   316.510859455538 
 2158   313.821631993938 
 2159   303.209264035638 
 2160   280.194347849577 
 2161   267.960104762091 
 2162   272.453503909814 
 2163   282.736693927111 
 2164   299.301991942259 
 2165   311.179757682408 
 2166   395.042121298031 
 2167   396.354279482699 
 2168   415.273726267029 
 2169   415.279206869913 
 2170   401.859255518292 
 2171   391.259248530709 
 2172   308.501668144182 
 2173   303.468747252689 
 2174   277.070077975423 
 2175   286.074055690114 
 2176   290.662599519882 
 2177   277.578255927985 
 2178   276.263692157741 
 2179   280.059165045248 
 2180   290.890438080028 
 2181   278.506708992373 
 2182   268.320967156041 
 2183   282.163314035887 
 2184   305.519801764809 
 2185   307.359208261175 
 2186   313.912632766639 
 2187   301.821912358621 
 2188   292.355103581813 
 2189   302.408862631696 
 2190   289.20672898184 
 2191   275.53534792574 
 2192   278.219471899246 
 2193   276.44600466808 
 2194   311.643461995831 
 2195   288.311343305803 
 2196   300.44605341905 
 2197   317.52894257469 
 2198   301.94645906927 
 2199   314.047104027961 
 2200   313.801819030881 
 2201   341.04286928219 
 2202   346.279772258506 
 2203   344.284979536467 
 2204   355.983306704956 
 2205   336.107916127485 
 2206   315.319299303629 
 2207   306.957587930832 
 2208   306.769824041804 
 2209   290.950635542461 
 2210   302.156470566836 
 2211   327.782153030512 
 2212   304.645278224978 
 2213   310.731256488986 
 2214   305.302124658392 
 2215   297.903277076511 
 2216   267.905446271902 
 2217   241.669540462618 
 2218   271.796243704533 
 2219   263.842512088642 
 2220   265.743202025401 
 2221   303.14515957213 
 2222   342.538554777341 
 2223   343.798442658364 
 2224   345.531869866883 
 2225   321.505776979834 
 2226   332.079042796505 
 2227   306.364623257247 
 2228   252.567484775675 
 2229   270.859445542028 
 2230   264.892420065353 
 2231   289.973590534137 
 2232   282.598486363145 
 2233   255.952324080256 
 2234   268.316160958386 
 2235   255.296876093108 
 2236   254.122983420781 
 2237   227.824756460874 
 2238   220.858968564597 
 2239   229.088384941281 
 2240   231.82735332701 
 2241   245.278483628272 
 2242   220.530284879961 
 2243   242.327562605792 
 2244   233.855587859513 
 2245   253.330040745844 
 2246   240.511333810117 
 2247   229.558570066352 
 2248   238.500577637417 
 2249   217.376122920661 
 2250   242.675587495245 
 2251   242.411615270911 
 2252   259.469625327394 
 2253   274.557913224246 
 2254   289.59506702399 
 2255   298.137413441267 
 2256   293.659649089323 
 2257   273.759353935153 
 2258   266.867460440036 
 2259   251.232968423165 
 2260   240.856349204885 
 2261   238.03302485615 
 2262   234.663611405237 
 2263   277.119368889643 
 2264   289.555066555007 
 2265   315.062318526773 
 2266   329.586392193619 
 2267   336.838889598166 
 2268   314.778694266683 
 2269   304.038212830695 
 2270   266.981348918132 
 2271   243.883760942097 
 2272   241.920355755967 
 2273   260.205360317807 
 2274   243.703134771999 
 2275   236.933786757853 
 2276   260.022212312021 
 2277   261.723890486775 
 2278   253.967155067714 
 2279   257.142880801074 
 2280   285.860969179455 
 2281   285.127223363005 
 2282   274.856445331857 
 2283   251.760774626221 
 2284   227.592156790807 
 2285   211.530292112425 
 2286   198.389992284263 
 2287   218.697989537544 
 2288   229.42506334961 
 2289   258.899670761614 
 2290   286.140425247435 
 2291   282.592156121479 
 2292   281.792188306769 
 2293   286.126498214794 
 2294   288.682647681515 
 2295   294.425257967717 
 2296   260.382391628065 
 2297   261.966374787852 
 2298   271.620263092015 
 2299   232.792206109702 
 2300   254.385181429307 
 2301   248.773548706169 
 2302   269.916331147187 
 2303   259.050049126223 
 2304   262.566538811085 
 2305   246.48786962864 
 2306   243.916556648269 
 2307   267.537660407124 
 2308   279.880415029024 
 2309   287.311935409223 
 2310   317.51461828268 
 2311   330.363448696165 
 2312   316.059919200647 
 2313   309.98661474976 
 2314   299.498466177416 
 2315   277.290702922562 
 2316   251.799788913723 
 2317   261.701663452781 
 2318   236.535210368841 
 2319   246.650111230086 
 2320   251.711903006513 
 2321   276.221989560516 
 2322   275.600215936503 
 2323   285.400419993241 
 2324   296.170222630498 
 2325   304.524499921421 
 2326   307.640977557721 
 2327   307.200851247965 
 2328   313.854364422519 
 2329   295.152105571544 
 2330   291.324479070564 
 2331   249.415761614516 
 2332   245.973574725995 
 2333   227.845238738965 
 2334   220.12104321652 
 2335   234.731083014754 
 2336   236.877034005364 
 2337   259.745052028427 
 2338   251.125624905092 
 2339   277.204201354925 
