05-29-2020  14:23:23
Wavenumber (cm-1)  CCD Output
 251   1293.74496955885 
 252   1317.63159648292 
 253   1339.86445441512 
 254   1356.187855964 
 255   1366.37666841164 
 256   1374.6556330189 
 257   1388.74961290673 
 258   1415.86825166342 
 259   1442.85324023166 
 260   1441.09288281984 
 261   1428.46325743341 
 262   1420.23719748187 
 263   1406.95738832984 
 264   1391.85770329409 
 265   1383.22295378081 
 266   1386.8104539877 
 267   1400.84380118007 
 268   1413.36610484692 
 269   1403.66152541512 
 270   1394.06012751363 
 271   1409.09598228939 
 272   1421.57241858524 
 273   1437.69593796498 
 274   1472.6177940347 
 275   1492.56388485174 
 276   1501.64412341828 
 277   1525.91922277244 
 278   1546.03520286409 
 279   1561.53182974668 
 280   1587.32045571706 
 281   1600.92131076473 
 282   1603.62531032359 
 283   1618.70602826669 
 284   1617.85796804378 
 285   1597.39657024984 
 286   1591.82274381328 
 287   1595.32322342722 
 288   1594.69853209547 
 289   1587.18997211444 
 290   1581.58922570931 
 291   1582.58278703473 
 292   1583.70409189151 
 293   1584.85503254346 
 294   1590.48237000074 
 295   1606.10890468723 
 296   1626.45837915099 
 297   1637.84792556187 
 298   1625.70015275628 
 299   1620.78862328439 
 300   1644.19537380727 
 301   1652.00603574502 
 302   1645.53570855878 
 303   1645.01449423762 
 304   1643.59065274556 
 305   1644.25790319088 
 306   1653.14817626996 
 307   1663.10576866523 
 308   1678.5736574371 
 309   1700.22146258649 
 310   1695.28201391248 
 311   1679.42934459176 
 312   1686.52480333877 
 313   1683.26054644069 
 314   1664.04233807837 
 315   1649.65781582334 
 316   1638.68046079739 
 317   1627.19655102389 
 318   1613.09673745585 
 319   1594.1389741931 
 320   1578.84805404151 
 321   1580.20815686328 
 322   1590.17256983044 
 323   1602.4804433338 
 324   1618.32814514282 
 325   1641.13574857623 
 326   1662.27096921993 
 327   1667.51241201633 
 328   1673.9639227147 
 329   1693.75188874084 
 330   1721.44937067749 
 331   1739.27766788699 
 332   1741.13589111506 
 333   1738.77381187808 
 334   1747.8888498906 
 335   1767.21231149156 
 336   1783.16648378754 
 337   1821.39682825412 
 338   1831.46179077821 
 339   1712.82940435472 
 340   1643.33648143198 
 341   1698.12467721683 
 342   1741.76755164476 
 343   1773.65187959322 
 344   1825.29784264224 
 345   1900.50517719576 
 346   1963.95098675054 
 347   2009.81644557889 
 348   2087.39695309774 
 349   2253.50791850482 
 350   2455.39756425992 
 351   2541.61210224856 
 352   2587.53339116898 
 353   2671.79885247017 
 354   2772.28324347618 
 355   2842.89158641126 
 356   2883.88798612763 
 357   2944.7062007322 
 358   2985.6665216503 
 359   2989.99824344456 
 360   2999.84564881154 
 361   3013.49547706341 
 362   3023.58533995597 
 363   3028.07564220828 
 364   2991.18324873104 
 365   2922.18204075278 
 366   2883.43469027325 
 367   2865.02803478032 
 368   2844.34912252323 
 369   2817.65669847073 
 370   2809.08131227736 
 371   2811.99545073733 
 372   2788.24757718796 
 373   2757.72154737078 
 374   2751.47243710742 
 375   2782.00787937002 
 376   2811.48393172151 
 377   2821.13882496107 
 378   2828.28301658471 
 379   2856.23355642481 
 380   2903.23643868107 
 381   2951.13626609749 
 382   3018.32257305973 
 383   3103.20117904449 
 384   3184.34839381305 
 385   3267.87450647206 
 386   3357.4106832989 
 387   3452.94740295244 
 388   3567.38321765525 
 389   3687.71511493268 
 390   3786.77295659624 
 391   3867.24322023755 
 392   3930.90289588349 
 393   3979.48552363637 
 394   4026.61768636376 
 395   4046.27109618206 
 396   4016.71818455071 
 397   3997.65402123855 
 398   3964.95740816132 
 399   3873.6552930202 
 400   3776.48419999734 
 401   3687.5437757133 
 402   3588.59805905034 
 403   3464.77807500378 
 404   3340.22963199726 
 405   3237.18243215828 
 406   3133.94919002534 
 407   3010.68211695205 
 408   2872.47355734221 
 409   2754.90625474062 
 410   2646.00976878708 
 411   2525.34301002974 
 412   2398.54266660814 
 413   2300.00441450489 
 414   2225.07437053499 
 415   2120.47191825242 
 416   2036.08652746847 
 417   1996.17009008269 
 418   1960.1556534575 
 419   1939.0948911716 
 420   1944.56571323438 
 421   1969.88550893522 
 422   2004.49137261782 
 423   2039.37157961232 
 424   2070.37255832025 
 425   2102.26471754272 
 426   2136.1366935234 
 427   2167.42492862408 
 428   2189.65905610433 
 429   2210.68337704705 
 430   2236.18712120757 
 431   2242.98541922534 
 432   2237.45481506886 
 433   2236.00195928307 
 434   2233.21350651954 
 435   2238.08988048998 
 436   2252.84978252989 
 437   2254.72287870006 
 438   2247.47989780716 
 439   2238.10349814766 
 440   2223.59256497095 
 441   2229.93663198581 
 442   2252.18450328543 
 443   2246.01153043618 
 444   2238.96344641047 
 445   2244.63186678483 
 446   2241.013289524 
 447   2225.25829055987 
 448   2212.48061569815 
 449   2217.50664691838 
 450   2219.12768264969 
 451   2222.87898528102 
 452   2240.94080196117 
 453   2239.38966898595 
 454   2227.7006395685 
 455   2227.86467473956 
 456   2224.35296242789 
 457   2232.65387554825 
 458   2258.47814032092 
 459   2266.14193972487 
 460   2266.78492276676 
 461   2269.81777348095 
 462   2259.04721829964 
 463   2251.04034650565 
 464   2249.3981070809 
 465   2237.87794115788 
 466   2231.29017941895 
 467   2224.9566645587 
 468   2203.92086906525 
 469   2198.80487730911 
 470   2202.92884548374 
 471   2193.5188771354 
 472   2190.6965075271 
 473   2191.99790560387 
 474   2190.75930681387 
 475   2202.22146526622 
 476   2217.01925064428 
 477   2228.23240007075 
 478   2247.43429454751 
 479   2261.99154255501 
 480   2267.4233411601 
 481   2276.38288175454 
 482   2285.57603134298 
 483   2285.21382966711 
 484   2272.57448424838 
 485   2271.26247699801 
 486   2279.6517401825 
 487   2278.86972426239 
 488   2264.48440543576 
 489   2250.77183239218 
 490   2248.00154660281 
 491   2244.81327856178 
 492   2249.14976346859 
 493   2261.82686754568 
 494   2263.79982123658 
 495   2252.59494810898 
 496   2237.90715378554 
 497   2230.63251323645 
 498   2221.60141818536 
 499   2209.77057153138 
 500   2201.87531709848 
 501   2196.12966122986 
 502   2177.83168442174 
 503   2147.70519892797 
 504   2143.29895806338 
 505   2146.25142344987 
 506   2136.12017702384 
 507   2129.16105233031 
 508   2136.28883280022 
 509   2153.52688608743 
 510   2162.76023141326 
 511   2145.35832112199 
 512   2125.79391888776 
 513   2139.77793215444 
 514   2162.61176468032 
 515   2194.53376681689 
 516   2235.56443612878 
 517   2251.74867920559 
 518   2253.32947948702 
 519   2253.0105178887 
 520   2247.45316564744 
 521   2275.48674606129 
 522   2316.65641893428 
 523   2312.75451685834 
 524   2318.12420987752 
 525   2341.01495516703 
 526   2361.09945010309 
 527   2406.14766487206 
 528   2469.7415909399 
 529   2545.06599439369 
 530   2650.47177661539 
 531   2753.23608545964 
 532   2849.74148911501 
 533   2973.52055397366 
 534   3085.70093101557 
 535   3168.54858518824 
 536   3237.42500079124 
 537   3306.87644623521 
 538   3373.289938689 
 539   3420.44745246234 
 540   3434.92476199914 
 541   3445.47156606703 
 542   3460.06445816465 
 543   3448.69553728465 
 544   3419.28630739773 
 545   3383.67762247018 
 546   3342.42831490973 
 547   3283.06548967931 
 548   3207.48852192821 
 549   3126.74013507093 
 550   3048.15474148822 
 551   2966.21342543967 
 552   2879.54553362292 
 553   2795.09523525975 
 554   2706.64382636033 
 555   2626.99212683677 
 556   2573.73821303022 
 557   2525.61223841887 
 558   2476.12224464733 
 559   2436.06197827547 
 560   2417.90367988485 
 561   2394.72487363081 
 562   2361.88074247317 
 563   2348.62665596198 
 564   2340.35577566919 
 565   2327.61593968275 
 566   2310.94453097615 
 567   2285.76105023709 
 568   2277.61024766846 
 569   2291.14761953052 
 570   2283.13862683206 
 571   2277.41516636219 
 572   2291.20604983695 
 573   2314.39480470462 
 574   2355.67724527091 
 575   2405.48411832302 
 576   2455.6774767931 
 577   2529.47377002643 
 578   2612.9271641468 
 579   2697.70019393925 
 580   2801.86639478503 
 581   2913.86218570093 
 582   3022.12059698288 
 583   3126.11345199796 
 584   3232.2915439029 
 585   3334.10237674624 
 586   3429.39033074166 
 587   3529.73956751464 
 588   3607.10412835117 
 589   3660.29362452002 
 590   3718.37116823025 
 591   3763.09934235233 
 592   3788.44154336569 
 593   3797.34938915813 
 594   3781.21563661093 
 595   3744.44249659701 
 596   3682.21726920942 
 597   3582.60443166676 
 598   3481.07183219098 
 599   3373.80628080808 
 600   3232.94094276994 
 601   3078.52142359425 
 602   2982.71509326422 
 603   2846.84226426396 
 604   2434.79211809287 
 605   2151.96458047453 
 606   2105.3712209731 
 607   2047.11876605368 
 608   1973.27181138138 
 609   1911.43688975438 
 610   1872.22932135592 
 611   1840.90209003904 
 612   1765.78233552922 
 613   1798.67031754917 
 614   2084.43391206275 
 615   2179.40665165494 
 616   2117.49492584202 
 617   2114.76599578298 
 618   2106.89503086721 
 619   2091.98548815732 
 620   2079.10488252592 
 621   2059.62880372677 
 622   2037.34813380216 
 623   2014.91506693073 
 624   1999.01716085123 
 625   2000.16498150351 
 626   1988.02262037218 
 627   1966.50707280528 
 628   1972.40701618148 
 629   1984.12252975371 
 630   1987.62086311371 
 631   1986.09629031836 
 632   1989.53333015967 
 633   1996.73973727355 
 634   1995.97082197549 
 635   1977.73040319325 
 636   1957.76972865661 
 637   1937.34561042504 
 638   1907.2054460093 
 639   1868.00276651665 
 640   1858.96490553613 
 641   1871.21864024476 
 642   1861.18936697763 
 643   1858.40587352428 
 644   1884.02578811775 
 645   1928.72292033952 
 646   1963.83320024873 
 647   2004.51613690908 
 648   2057.24164956434 
 649   2108.13282001992 
 650   2147.8032761848 
 651   2185.73158053547 
 652   2231.85183256973 
 653   2280.23623698367 
 654   2312.56786364025 
 655   2318.82989133739 
 656   2331.80040850266 
 657   2433.01440969269 
 658   2504.8395550189 
 659   2486.82809911248 
 660   2477.21435740774 
 661   2455.72207653405 
 662   2424.47250735647 
 663   2401.3424546687 
 664   2369.92625223981 
 665   2361.96898818759 
 666   2327.25898384 
 667   2192.72582096357 
 668   2129.49472124948 
 669   2118.92019042885 
 670   2083.11244275208 
 671   2063.18848498039 
 672   2041.42299633289 
 673   2028.47377123716 
 674   2045.3384357821 
 675   2040.1490352335 
 676   2031.99454863077 
 677   2035.22792789437 
 678   2021.50192055223 
 679   2013.47303118007 
 680   2019.31699599836 
 681   2031.64235916466 
 682   2037.09623004344 
 683   1958.6528144321 
 684   1964.17057697012 
 685   2033.62860965404 
 686   1116.45187026056 
 687   298.642682747509 
 688   408.762187504417 
 689   393.876444430461 
 690   327.618828985756 
 691   299.491767106022 
 692   257.711019715038 
 693   303.779873109197 
 694   168.92486198073 
 695   350.980240937428 
 696   1467.57387391311 
 697   1850.00542969955 
 698   1699.58933103879 
 699   1767.42667013936 
 700   1805.10876819289 
 701   1831.89050552384 
 702   1865.90047040897 
 703   1880.46351562227 
 704   1901.12025373213 
 705   1924.64598393594 
 706   1947.23761349864 
 707   1976.03904722166 
 708   2008.31131103867 
 709   2015.04966465612 
 710   2003.59656127826 
 711   2022.94779178732 
 712   2026.46097811449 
 713   2018.22064200962 
 714   2030.31804674043 
 715   2048.23993168192 
 716   2051.05963086357 
 717   2004.61937904994 
 718   1975.94584308374 
 719   2149.29245702868 
 720   1603.8323872321 
 721   585.176602831225 
 722   575.019135111424 
 723   669.717938917987 
 724   622.860915200357 
 725   643.413959977002 
 726   625.46971441126 
 727   665.828585758697 
 728   578.364885355754 
 729   545.560368639076 
 730   1543.69017365929 
 731   2169.3880132885 
 732   2013.58329114515 
 733   2019.82099714195 
 734   2049.66023898835 
 735   2061.25737594921 
 736   2078.32659422638 
 737   2070.2551640803 
 738   2061.14259666906 
 739   2070.21368091912 
 740   2095.73694087583 
 741   2118.23976698442 
 742   2116.17635449643 
 743   2103.27914257888 
 744   2100.7061023779 
 745   2103.04746782739 
 746   2124.07170535589 
 747   2157.95518167335 
 748   2185.08465228399 
 749   2202.53037871022 
 750   2197.77785894255 
 751   2195.98784305259 
 752   2227.65131828392 
 753   2239.17963190311 
 754   2260.1978355188 
 755   2305.62707237982 
 756   2334.716135918 
 757   2353.39719685738 
 758   2363.81495369514 
 759   2375.10215826544 
 760   2403.06057049604 
 761   2419.04937143578 
 762   2438.88288967096 
 763   2470.72434111408 
 764   2475.98818517009 
 765   2502.49490784041 
 766   2547.60143984721 
 767   2587.01397901167 
 768   2648.91790135289 
 769   2720.63402241297 
 770   2802.97860014348 
 771   2903.93162822716 
 772   3002.26749885685 
 773   3100.5767435649 
 774   3204.43807170392 
 775   3319.25798854692 
 776   3461.78275836006 
 777   3628.1515962868 
 778   3806.35995246025 
 779   3997.60381118646 
 780   4227.18860532785 
 781   4472.51939693632 
 782   4746.25110000885 
 783   5081.30216182479 
 784   5402.97975510846 
 785   5768.32564123349 
 786   6213.21206818307 
 787   6683.87825507524 
 788   7194.03513129917 
 789   7700.3688829279 
 790   8227.8596263672 
 791   8869.13914720389 
 792   9516.04811557348 
 793   10222.035258737 
 794   11019.46927047 
 795   11788.035589612 
 796   12516.7925246728 
 797   13251.5916748458 
 798   13964.8945185548 
 799   14552.7462545839 
 800   15084.6901861953 
 801   15524.9073090405 
 802   15805.1141492555 
 803   15943.2273892907 
 804   15961.3661355464 
 805   15799.6716950684 
 806   15441.8972337929 
 807   15011.8878212218 
 808   14613.9058540113 
 809   14108.5719216758 
 810   13417.7594644762 
 811   12723.9808010135 
 812   12008.7209262782 
 813   11247.7175434424 
 814   10475.5728999019 
 815   9752.11740241236 
 816   9078.75877580325 
 817   8466.14027643689 
 818   7898.08362947849 
 819   7334.79607678237 
 820   6863.43147700257 
 821   6443.63617763749 
 822   6033.64903183567 
 823   5696.6044653561 
 824   5384.19248825322 
 825   5073.1891929865 
 826   4769.91622074815 
 827   4484.67876666041 
 828   4243.52134065227 
 829   4010.53029285874 
 830   3771.08985104367 
 831   3566.62526240104 
 832   3374.98620726655 
 833   3198.27279552603 
 834   3048.26280387782 
 835   2919.1696795601 
 836   2796.66187912623 
 837   2694.78324301613 
 838   2609.14079001967 
 839   2516.0170802996 
 840   2442.10008935139 
 841   2394.21305209524 
 842   2344.31207998555 
 843   2268.84568379081 
 844   2206.09748748953 
 845   2151.40770683464 
 846   2130.48995657355 
 847   2091.44461846896 
 848   1900.61466892278 
 849   2552.13373848357 
 850   3421.32430951244 
 851   3303.93182434095 
 852   3254.37812227066 
 853   3264.17303309558 
 854   3229.93311835885 
 855   3216.72576556586 
 856   3176.06590878589 
 857   3337.7921915624 
 858   2912.70687593276 
 859   1846.30845583214 
 860   1767.30960732595 
 861   1858.88142609431 
 862   1819.19608275172 
 863   1831.52944143693 
 864   1818.58340816664 
 865   1804.50162339015 
 866   1779.71941073246 
 867   1739.83251287821 
 868   1713.15198793344 
 869   1701.32830048949 
 870   1691.96670882756 
 871   1675.13651706773 
 872   1652.97183820771 
 873   1637.24751044667 
 874   1623.48524025091 
 875   1619.25560850604 
 876   1627.54066343944 
 877   1624.73445365243 
 878   1633.41602060412 
 879   1639.12345716884 
 880   1624.6886327871 
 881   1621.1739303854 
 882   1641.7760328807 
 883   1638.10225096923 
 884   1612.86904612011 
 885   1631.93711616983 
 886   1645.13018801379 
 887   1638.15551587306 
 888   1628.13598169819 
 889   1628.44077413072 
 890   1631.48408283954 
 891   1619.91551895822 
 892   1614.68203387234 
 893   1629.56733211712 
 894   1621.86332838774 
 895   1618.72872855006 
 896   1621.55164433946 
 897   1616.08140926331 
 898   1609.58301908236 
 899   1607.26854810484 
 900   1599.27097170924 
 901   1595.24252592029 
 902   1613.59742677382 
 903   1623.6924123583 
 904   1611.09781211009 
 905   1592.9606838528 
 906   1590.89362433699 
 907   1595.70277845256 
 908   1586.40280412902 
 909   1583.07147284629 
 910   1595.98746299741 
 911   1588.60898825115 
 912   1556.30389530056 
 913   1557.43224533843 
 914   1591.0111263104 
 915   1597.81638606951 
 916   1599.94979528615 
 917   1624.86244682437 
 918   1643.52659393305 
 919   1634.44287109375 
 920   1645.64789284235 
 921   1662.0164684362 
 922   1672.60144674455 
 923   1688.63316389753 
 924   1720.75184494762 
 925   1749.68551508299 
 926   1774.75599958346 
 927   1812.70848640547 
 928   1864.5489930332 
 929   1905.00146752351 
 930   1977.02840159311 
 931   2042.28887473506 
 932   2066.75614725777 
 933   2107.50901229356 
 934   2191.24619627245 
 935   2277.66157483866 
 936   2362.29896313634 
 937   2475.77679123335 
 938   2595.93225656368 
 939   2715.49317112423 
 940   2847.21118702143 
 941   3000.7744132028 
 942   3158.1519718438 
 943   3279.72774512918 
 944   3406.19524504133 
 945   3544.04856700896 
 946   3652.792877604 
 947   3740.75448169202 
 948   3790.50087654462 
 949   3829.60615039182 
 950   3861.01681357672 
 951   3835.76934257163 
 952   3801.31088834946 
 953   3732.44102955332 
 954   3629.76500515983 
 955   3528.48573150328 
 956   3413.04869408469 
 957   3300.80343498067 
 958   3175.84505652281 
 959   3036.37004605612 
 960   2917.31236494981 
 961   2805.4651356836 
 962   2702.36883999413 
 963   2599.36806321555 
 964   2489.32136874079 
 965   2393.45821199609 
 966   2315.48246457865 
 967   2250.87019005139 
 968   2191.25126891422 
 969   2127.44271912238 
 970   2058.71770212998 
 971   2007.82807962159 
 972   1981.98864569833 
 973   1964.05281722044 
 974   1935.35617240077 
 975   1904.8777140864 
 976   1872.38721018793 
 977   1845.58884875328 
 978   1839.4086422956 
 979   1846.43040722998 
 980   1824.18240643467 
 981   1784.298369104 
 982   1765.14398947547 
 983   1765.07635280667 
 984   1733.88666332787 
 985   1717.83943327291 
 986   1718.62391201665 
 987   1708.09791231914 
 988   1700.85656371164 
 989   1708.15713222581 
 990   1717.31771441813 
 991   1725.52002933465 
 992   1755.23858259575 
 993   1820.88376442675 
 994   1865.12778105526 
 995   1914.60286103847 
 996   1995.84046652214 
 997   2097.16733399454 
 998   2237.36925565666 
 999   2388.91382443694 
 1000   2538.49480664501 
 1001   2709.40769799419 
 1002   2910.27416563619 
 1003   3084.47219781864 
 1004   3312.09733902038 
 1005   3532.23105474785 
 1006   3681.59347783572 
 1007   3843.93395612502 
 1008   3959.88912648168 
 1009   4017.82079146232 
 1010   4014.8125475135 
 1011   3975.43816184346 
 1012   3946.27701911263 
 1013   3820.25723230961 
 1014   3670.10103604881 
 1015   3519.18736186907 
 1016   3321.03942437276 
 1017   3135.76989148779 
 1018   2964.75804142864 
 1019   2814.50166298585 
 1020   2665.73377671692 
 1021   2495.38483161089 
 1022   2343.85943101323 
 1023   2233.69574129825 
 1024   2132.76958480731 
 1025   2038.13222542174 
 1026   1972.29356725076 
 1027   1899.92428764151 
 1028   1844.98152359132 
 1029   1748.94831157539 
 1030   1646.05594173902 
 1031   1639.99251250156 
 1032   1630.88798147758 
 1033   1644.25769319895 
 1034   1671.79650354641 
 1035   1698.24582359008 
 1036   1727.09471652697 
 1037   1728.18191302311 
 1038   1834.69456746933 
 1039   1923.20025966768 
 1040   1912.02291288422 
 1041   1929.90388157402 
 1042   1947.34683269183 
 1043   1962.43070574596 
 1044   1870.43252379001 
 1045   2052.82884367139 
 1046   2772.85431914327 
 1047   2859.59608441951 
 1048   2801.35513551815 
 1049   2824.15986955172 
 1050   2800.94518968292 
 1051   2773.71729720498 
 1052   2754.79788482766 
 1053   2863.3954059623 
 1054   2473.68957522049 
 1055   1839.66122581464 
 1056   1871.55510056974 
 1057   1860.25557956682 
 1058   1828.73657442318 
 1059   1825.29511696661 
 1060   1802.71864194912 
 1061   1763.7664856633 
 1062   1723.1787192877 
 1063   1710.74160118906 
 1064   1710.89610439875 
 1065   1723.38165466012 
 1066   1751.9738347592 
 1067   1753.23227860035 
 1068   1742.31525554364 
 1069   1686.38727149958 
 1070   1587.6958680025 
 1071   1509.01101685676 
 1072   1490.71964364831 
 1073   1491.60805979462 
 1074   1484.60153933224 
 1075   1477.70192284874 
 1076   1493.17368631763 
 1077   1509.07512612821 
 1078   1461.3494924267 
 1079   1623.95391297806 
 1080   1812.48821159151 
 1081   1803.0338569597 
 1082   1779.56326731255 
 1083   1771.47128695441 
 1084   1756.60118656728 
 1085   1768.97401510931 
 1086   1794.89427267922 
 1087   1785.61904088797 
 1088   1787.87688432629 
 1089   1773.83093832302 
 1090   1762.7149021865 
 1091   1769.53455655364 
 1092   1783.67522092657 
 1093   1798.21814341909 
 1094   1779.25740264295 
 1095   1787.71247957903 
 1096   1811.7655071707 
 1097   1815.9347037766 
 1098   1835.17018963995 
 1099   1861.09663368033 
 1100   1867.00849188128 
 1101   1852.47490755434 
 1102   1836.77786342656 
 1103   1825.2660790476 
 1104   1801.77721332168 
 1105   1784.18690690112 
 1106   1782.7923147195 
 1107   1781.20034563902 
 1108   1769.02287525879 
 1109   1760.84620666096 
 1110   1749.9291829233 
 1111   1761.05044927937 
 1112   1780.01836988395 
 1113   1792.2648924855 
 1114   1804.64349505244 
 1115   1792.5610576241 
 1116   1790.17624398325 
 1117   1801.01785500926 
 1118   1818.18948070316 
 1119   1841.32294172157 
 1120   1860.12560092754 
 1121   1868.62182510485 
 1122   1862.63924025449 
 1123   1866.04293532609 
 1124   1888.25028002365 
 1125   1902.00907982534 
 1126   1897.46160110058 
 1127   1895.7601367565 
 1128   1886.20434358608 
 1129   1864.98885094589 
 1130   1847.43841019264 
 1131   1841.1281400481 
 1132   1846.20582632619 
 1133   1831.21396594639 
 1134   1806.33525164973 
 1135   1795.80185748462 
 1136   1792.97569745751 
 1137   1790.28213918742 
 1138   1827.62511609464 
 1139   1860.36300683923 
 1140   1860.54384174531 
 1141   1853.34751855577 
 1142   1860.47789716173 
 1143   1874.12849171719 
 1144   1886.17001151608 
 1145   1908.91946148904 
 1146   1902.84358126612 
 1147   1851.3912191012 
 1148   1832.72544066107 
 1149   1830.4606583779 
 1150   1836.14276774713 
 1151   1840.30765170955 
 1152   1843.90870496727 
 1153   1849.82649895469 
 1154   1849.23386828882 
 1155   1882.80503379358 
 1156   1917.74847373147 
 1157   1937.61023103494 
 1158   1948.71920190019 
 1159   1962.10012815982 
 1160   2004.08701027605 
 1161   2010.50686848005 
 1162   2025.56887503583 
 1163   2060.53879437052 
 1164   2095.88616738922 
 1165   2139.36870439006 
 1166   2156.99982441955 
 1167   2196.0972714072 
 1168   2220.35814728647 
 1169   2237.48264209664 
 1170   2266.89939646858 
 1171   2262.12452604991 
 1172   2252.58704529923 
 1173   2257.94949908113 
 1174   2267.67859428373 
 1175   2277.51327343826 
 1176   2288.56797921252 
 1177   2296.16614339236 
 1178   2312.98889984034 
 1179   2322.47802326615 
 1180   2335.85898905369 
 1181   2359.60821031003 
 1182   2387.42257262856 
 1183   2415.23515909602 
 1184   2425.57843219488 
 1185   2454.96811967146 
 1186   2476.62672348068 
 1187   2481.78390895316 
 1188   2498.68662283565 
 1189   2518.75447473531 
 1190   2512.96593135874 
 1191   2513.85128069212 
 1192   2524.54401400848 
 1193   2553.8206149266 
 1194   2586.04801337441 
 1195   2587.50489347108 
 1196   2617.43771735152 
 1197   2651.91445866027 
 1198   2663.03753779013 
 1199   2671.17160235292 
 1200   2685.25129555571 
 1201   2673.25730720971 
 1202   2642.95733443997 
 1203   2649.19650228452 
 1204   2658.73510022739 
 1205   2627.02599876021 
 1206   2598.51470032929 
 1207   2620.27275770183 
 1208   2626.2025187399 
 1209   2628.01446058478 
 1210   2605.30858382049 
 1211   2584.99955070548 
 1212   2591.24953863942 
 1213   2617.03382729075 
 1214   2654.73668373842 
 1215   2650.86616120012 
 1216   2640.35171981759 
 1217   2642.11448843597 
 1218   2660.97699226721 
 1219   2687.32582771897 
 1220   2692.18557203783 
 1221   2682.21435329219 
 1222   2675.90797887411 
 1223   2683.02511898582 
 1224   2683.26285470143 
 1225   2678.29720521548 
 1226   2688.76557445707 
 1227   2695.72804587768 
 1228   2710.71065917994 
 1229   2719.76240701065 
 1230   2730.32234916287 
 1231   2753.2891989145 
 1232   2787.1638527116 
 1233   2822.65538433541 
 1234   2836.99640174471 
 1235   2857.78405262189 
 1236   2862.50991387238 
 1237   2868.50571944281 
 1238   2892.43428453513 
 1239   2906.71838630413 
 1240   2912.73149268539 
 1241   2917.08748226527 
 1242   2942.52187386283 
 1243   2956.04525569699 
 1244   2971.96313480481 
 1245   3010.28017815896 
 1246   3026.76237609393 
 1247   3034.25178940144 
 1248   3040.57134286409 
 1249   3076.36186155717 
 1250   3116.32888602238 
 1251   3145.58219238264 
 1252   3163.61396459619 
 1253   3152.81587305437 
 1254   3182.98509570352 
 1255   3196.67771874137 
 1256   3215.03907646057 
 1257   3232.98650118992 
 1258   3241.26348136621 
 1259   3269.87696396851 
 1260   3308.01878930138 
 1261   3349.70579655419 
 1262   3390.26883385404 
 1263   3438.9477985243 
 1264   3514.83603412956 
 1265   3609.04092958926 
 1266   3690.82133233309 
 1267   3762.27916715581 
 1268   3835.34665320806 
 1269   3894.19343480823 
 1270   3966.82421180462 
 1271   4046.06870079489 
 1272   4097.24654851136 
 1273   4111.86188306008 
 1274   4100.15584493358 
 1275   4128.72629525742 
 1276   4124.42438890124 
 1277   4110.62845081394 
 1278   4130.8334901999 
 1279   4159.48491054861 
 1280   4163.89114394646 
 1281   4160.33448500344 
 1282   4192.61293453497 
 1283   4227.15172229888 
 1284   4275.18195202647 
 1285   4320.46493112979 
 1286   4341.98804343799 
 1287   4368.05124883021 
 1288   4411.61089089273 
 1289   4470.0242606831 
 1290   4527.06181282637 
 1291   4528.94931688864 
 1292   4542.67572664551 
 1293   4614.97084574481 
 1294   4673.01334395341 
 1295   4700.27473830007 
 1296   4745.62113103016 
 1297   4770.58590521422 
 1298   4796.65314927423 
 1299   4867.33397043501 
 1300   4930.93762974425 
 1301   4949.50847255816 
 1302   4993.36991033164 
 1303   5054.04716080102 
 1304   5091.55253553899 
 1305   5115.29800518152 
 1306   5157.33861885384 
 1307   5174.75291231627 
 1308   5174.09327387238 
 1309   5208.46972475593 
 1310   5209.51908563144 
 1311   5216.22319575086 
 1312   5196.13233710337 
 1313   5190.71862501622 
 1314   5207.5226552072 
 1315   5222.20197708751 
 1316   5229.13364243481 
 1317   5238.33434231113 
 1318   5275.47845743382 
 1319   5272.83776900189 
 1320   5278.60459118756 
 1321   5312.14478992303 
 1322   5329.47419123017 
 1323   5320.04206663776 
 1324   5321.6486044485 
 1325   5327.20824747177 
 1326   5288.42636394998 
 1327   5269.85711694787 
 1328   5271.80540090877 
 1329   5254.20195756812 
 1330   5231.49687099567 
 1331   5179.35064063059 
 1332   5071.15287597631 
 1333   5030.45518057284 
 1334   5039.23548957657 
 1335   5032.47915742283 
 1336   5017.81735417564 
 1337   5016.46571828026 
 1338   4923.09878499115 
 1339   5017.42381584203 
 1340   5447.31872374071 
 1341   5399.01828890258 
 1342   5350.45723155627 
 1343   5305.91036008214 
 1344   5276.59658156831 
 1345   5229.17850355396 
 1346   5247.6562996924 
 1347   5130.19197534607 
 1348   4740.40431801281 
 1349   4755.32732935329 
 1350   4737.6669462644 
 1351   4749.441980343 
 1352   4756.97997048959 
 1353   4789.71844817093 
 1354   4821.21645810045 
 1355   4821.64599871165 
 1356   4854.96666131141 
 1357   4869.62466920348 
 1358   4882.50823741031 
 1359   4891.23885329812 
 1360   4869.10465050456 
 1361   4869.71666204016 
 1362   4913.22386430316 
 1363   4919.85500344892 
 1364   4896.78003653115 
 1365   4953.61814783746 
 1366   5010.76673856533 
 1367   5054.35057819876 
 1368   5173.72272833919 
 1369   5275.85588675669 
 1370   5375.28186268673 
 1371   5556.4320831763 
 1372   5760.6253849413 
 1373   5921.59436202185 
 1374   6109.87109374982 
 1375   6303.8448377457 
 1376   6469.23185937878 
 1377   6572.555993687 
 1378   6631.00754808912 
 1379   6674.12947235687 
 1380   6667.64871792659 
 1381   6584.38053348832 
 1382   6480.97251976711 
 1383   6376.4969820564 
 1384   6237.76749100118 
 1385   6121.81955918218 
 1386   6016.75968520594 
 1387   5917.66002614171 
 1388   5854.8970482247 
 1389   5839.843579636 
 1390   5856.58597109635 
 1391   5908.21418957265 
 1392   6025.54006688638 
 1393   6196.49296488499 
 1394   6386.6969811713 
 1395   6628.49828944313 
 1396   6898.13776278758 
 1397   7227.72521707163 
 1398   7603.77494226947 
 1399   7936.00033387702 
 1400   8246.64215930677 
 1401   8550.04189996238 
 1402   8797.2364459863 
 1403   9043.80558098257 
 1404   9269.6026735333 
 1405   9346.7687156895 
 1406   9341.07728049641 
 1407   9327.09512232217 
 1408   9241.36076735726 
 1409   9109.39104579078 
 1410   8965.75399504894 
 1411   8699.29207048853 
 1412   8406.23727892103 
 1413   8129.52074944595 
 1414   7882.44421206123 
 1415   7667.55524577703 
 1416   7442.90109050413 
 1417   7204.31571329434 
 1418   6994.16594481093 
 1419   6813.26928927558 
 1420   6688.69792961274 
 1421   6618.89470398614 
 1422   6517.2749088068 
 1423   6374.19302097467 
 1424   6282.47475997236 
 1425   6249.99986796884 
 1426   6244.50795250779 
 1427   6212.73364576054 
 1428   6124.53854853331 
 1429   6083.19199176901 
 1430   6075.32681484684 
 1431   6080.29255629761 
 1432   6073.41110478732 
 1433   6060.58471650151 
 1434   6029.07674034842 
 1435   6066.15354402141 
 1436   6128.35383248222 
 1437   6104.83731855229 
 1438   6064.47573621153 
 1439   6049.46071623595 
 1440   6038.18792228799 
 1441   5993.06020372092 
 1442   5990.55659224776 
 1443   5660.79987374548 
 1444   5476.74129653329 
 1445   5459.55883944025 
 1446   5404.06890240354 
 1447   5379.0846265063 
 1448   5352.12181112041 
 1449   5320.24428271024 
 1450   5319.70787758334 
 1451   5631.06320182354 
 1452   5656.12600599949 
 1453   5637.33165557467 
 1454   5624.19931117121 
 1455   5600.81382327787 
 1456   5552.79351474556 
 1457   5488.37752112068 
 1458   5416.0230134354 
 1459   5292.16016821542 
 1460   5190.11758513638 
 1461   5115.39593942493 
 1462   5045.6168503505 
 1463   4866.6463322722 
 1464   4753.34742103528 
 1465   4667.82449847456 
 1466   4599.31464640279 
 1467   4536.20366127803 
 1468   4455.84373400741 
 1469   4401.55934087857 
 1470   4378.63564919869 
 1471   4365.78834186684 
 1472   4362.65302428309 
 1473   4362.6076946931 
 1474   4317.62645726919 
 1475   4318.24683376527 
 1476   4313.05953319313 
 1477   4302.99618218171 
 1478   4288.5283190338 
 1479   4255.44808999512 
 1480   4215.59343646243 
 1481   4191.69461182483 
 1482   4206.93269161628 
 1483   4213.05048345674 
 1484   4191.26286757646 
 1485   4173.83370093949 
 1486   4182.47477559333 
 1487   4216.77983405359 
 1488   4225.07508558095 
 1489   4236.59761254103 
 1490   4238.75059446071 
 1491   4238.65322079001 
 1492   4231.2337714746 
 1493   4192.75292944627 
 1494   4190.9384435152 
 1495   4171.48390761929 
 1496   4149.44594564384 
 1497   4130.07123681713 
 1498   4096.1630008343 
 1499   4064.74769922366 
 1500   4068.8627726526 
 1501   4079.7770075306 
 1502   4076.20657793573 
 1503   4093.4972770444 
 1504   4111.57915629307 
 1505   4112.97040020589 
 1506   4139.16539063855 
 1507   4142.18997162074 
 1508   4124.10763292475 
 1509   4107.24382529947 
 1510   4076.92544425153 
 1511   4036.96051965698 
 1512   4034.01969477226 
 1513   4029.24879791612 
 1514   4004.16165257922 
 1515   4007.92853060935 
 1516   3999.36054930002 
 1517   3970.15543545433 
 1518   3985.87794359356 
 1519   3992.88168768699 
 1520   3944.05271769162 
 1521   3894.40276096896 
 1522   3920.4257260842 
 1523   3924.80824765954 
 1524   3953.64499178898 
 1525   3961.85045846681 
 1526   3929.6669730532 
 1527   3936.36022560468 
 1528   3978.67034877634 
 1529   3988.42143336652 
 1530   3970.4644923083 
 1531   3954.75786367919 
 1532   3942.14388515737 
 1533   3942.13652251678 
 1534   3947.50985336687 
 1535   3940.61055178296 
 1536   3896.773263022 
 1537   3865.6754958589 
 1538   3890.09513552804 
 1539   3862.37365515653 
 1540   3825.70711410552 
 1541   3803.56726678265 
 1542   3773.89227880776 
 1543   3772.84564230997 
 1544   3799.3794567385 
 1545   3785.11679788529 
 1546   3759.59139355154 
 1547   3784.02545798313 
 1548   3792.63293893369 
 1549   3772.19285824591 
 1550   3755.26993706552 
 1551   3744.59536891989 
 1552   3721.31034614324 
 1553   3711.59110505571 
 1554   3678.94257747327 
 1555   3651.96746519388 
 1556   3667.92823511301 
 1557   3674.40259873083 
 1558   3661.78709990589 
 1559   3662.05206826957 
 1560   3646.2753768917 
 1561   3638.29108923438 
 1562   3649.81463099837 
 1563   3621.05804710444 
 1564   3605.9818407413 
 1565   3590.73160447714 
 1566   3602.97901291682 
 1567   3597.75513802054 
 1568   3609.85351244925 
 1569   3614.89976721689 
 1570   3620.47390648346 
 1571   3586.645930792 
 1572   3590.07431109845 
 1573   3553.09157169487 
 1574   3524.05490734983 
 1575   3523.6045178385 
 1576   3524.96364583508 
 1577   3549.87126802473 
 1578   3574.48410758991 
 1579   3585.57315885612 
 1580   3602.43186595197 
 1581   3632.22673858476 
 1582   3632.30340147572 
 1583   3639.67196036592 
 1584   3628.43688879421 
 1585   3618.79831702364 
 1586   3659.82750562316 
 1587   3673.15162851475 
 1588   3683.83703606554 
 1589   3712.83029771245 
 1590   3733.99110649673 
 1591   3752.87939623188 
 1592   3781.99136532573 
 1593   3778.36176536197 
 1594   3766.28177160939 
 1595   3771.49037265376 
 1596   3777.21400413457 
 1597   3786.75122806798 
 1598   3792.00329457887 
 1599   3803.79227747866 
 1600   3820.56717626305 
 1601   3859.55250778034 
 1602   3899.2552772545 
 1603   3941.84070722214 
 1604   3998.65249474976 
 1605   4014.74202489408 
 1606   4027.53787127844 
 1607   4062.17944973564 
 1608   4097.1775534431 
 1609   4110.32617033479 
 1610   4136.49780019201 
 1611   4133.4961132903 
 1612   4149.99294746287 
 1613   4192.99954006299 
 1614   4216.59290176677 
 1615   4248.04043401993 
 1616   4296.97067765198 
 1617   4348.32158881844 
 1618   4393.96157238712 
 1619   4445.64442876607 
 1620   4503.78930651987 
 1621   4536.26324229315 
 1622   4632.21960557498 
 1623   4739.32351539043 
 1624   4844.99503756707 
 1625   4979.21304147494 
 1626   5154.40023845869 
 1627   5325.87403118263 
 1628   5592.63560074618 
 1629   5847.77091158545 
 1630   6119.72691026343 
 1631   6402.60246030538 
 1632   6753.75983626895 
 1633   7126.56477313854 
 1634   7544.41122238946 
 1635   7973.51606522776 
 1636   8385.62685567198 
 1637   8743.46224098815 
 1638   9101.10223279658 
 1639   9445.40113720064 
 1640   9645.63759824189 
 1641   9712.11656718008 
 1642   9649.00066851693 
 1643   9450.38733252672 
 1644   9240.33957374616 
 1645   8994.08356697225 
 1646   8597.22670501838 
 1647   8160.36456215428 
 1648   7770.59778016521 
 1649   7388.934248944 
 1650   7017.98030735978 
 1651   6708.75925508372 
 1652   6439.38379901501 
 1653   6190.80438989885 
 1654   6020.49959589449 
 1655   5854.14990122702 
 1656   5743.16818221334 
 1657   5660.75684017306 
 1658   5579.99154594537 
 1659   5535.42342137326 
 1660   5516.08283737896 
 1661   5478.07190486954 
 1662   5496.18972623884 
 1663   5505.14159868079 
 1664   5506.53367623896 
 1665   5549.44924585892 
 1666   5593.9305638544 
 1667   5644.65236162454 
 1668   5692.27811458258 
 1669   5737.40213460475 
 1670   5807.96061079588 
 1671   5878.91909893723 
 1672   5964.98305577204 
 1673   6035.94444572421 
 1674   6074.33806343889 
 1675   6161.27981720242 
 1676   6258.37399866963 
 1677   6362.79949672264 
 1678   6477.50359060712 
 1679   6570.66367989818 
 1680   6676.37824093129 
 1681   6802.23158812271 
 1682   6941.01442405341 
 1683   7025.32445656069 
 1684   7110.00808041116 
 1685   7161.52827880739 
 1686   7214.09760499084 
 1687   7248.60708383509 
 1688   7299.94083756433 
 1689   7344.72546444187 
 1690   7365.3768508713 
 1691   7383.9263018482 
 1692   7408.21250979144 
 1693   7390.87615865822 
 1694   7412.88407807774 
 1695   7407.85358850657 
 1696   7330.75385540889 
 1697   7254.6870001935 
 1698   7223.50716541736 
 1699   7144.71455718018 
 1700   7066.20923564977 
 1701   6962.11116491403 
 1702   6735.31767860008 
 1703   7315.1827432488 
 1704   7434.03278292166 
 1705   7241.10666857262 
 1706   7172.02282544077 
 1707   7048.50852773911 
 1708   6917.22942330297 
 1709   6814.58499991764 
 1710   6409.38816205302 
 1711   5786.89560204876 
 1712   5466.63420616605 
 1713   5305.79829833401 
 1714   5119.99827916821 
 1715   4950.80750509164 
 1716   4769.25189037106 
 1717   4620.78041310682 
 1718   4471.03471491795 
 1719   4321.63578814615 
 1720   4182.02091128127 
 1721   4053.3469227781 
 1722   3949.67999209983 
 1723   3838.40578339459 
 1724   3752.17546953036 
 1725   3668.37996263643 
 1726   3552.35310464538 
 1727   3446.59876844743 
 1728   3351.62592665899 
 1729   3238.81253165074 
 1730   3165.12234813347 
 1731   3096.93389703566 
 1732   2986.46364096791 
 1733   2913.75432230837 
 1734   2870.01614723748 
 1735   2826.05457330831 
 1736   2789.96720543652 
 1737   2758.31789398268 
 1738   2686.37911646461 
 1739   2656.59233533495 
 1740   2624.85476665697 
 1741   2593.30540578572 
 1742   2551.69218520059 
 1743   2503.65632249855 
 1744   2451.39285749097 
 1745   2407.4453271123 
 1746   2366.57114273334 
 1747   2356.66819225802 
 1748   2324.01007712334 
 1749   2302.65933944357 
 1750   2282.95496299785 
 1751   2259.23761624318 
 1752   2250.34865031276 
 1753   2219.05199648878 
 1754   2189.25770508079 
 1755   2179.6115503345 
 1756   2131.87128114258 
 1757   2097.97897140478 
 1758   2074.15652464479 
 1759   2058.97898495896 
 1760   2070.10146260239 
 1761   2059.67876234682 
 1762   2018.5346272208 
 1763   2026.37793122313 
 1764   2020.18500382583 
 1765   2013.63317775856 
 1766   1997.70501813212 
 1767   1973.987425325 
 1768   1961.85175320891 
 1769   1934.67513081912 
 1770   1919.3764860449 
 1771   1900.19032394252 
 1772   1872.8172953129 
 1773   1853.08241629673 
 1774   1824.13543736658 
 1775   1822.06011309492 
 1776   1815.62457072725 
 1777   1801.66079326812 
 1778   1817.39699905501 
 1779   1840.45341013596 
 1780   1852.37675431367 
 1781   1857.27557908814 
 1782   1849.46237224472 
 1783   1846.42338680328 
 1784   1831.88428793407 
 1785   1779.08560931816 
 1786   1767.12775111929 
 1787   1772.29291355572 
 1788   1746.54309948568 
 1789   1741.76694291415 
 1790   1738.84417906738 
 1791   1735.92082827731 
 1792   1756.07187674545 
 1793   1721.98403916269 
 1794   1706.16634841804 
 1795   1696.13277844155 
 1796   1653.29485017983 
 1797   1649.6972022396 
 1798   1571.77092820311 
 1799   1529.97900136485 
 1800   1529.94166627666 
 1801   1512.00654544624 
 1802   1523.53638945311 
 1803   1534.88870527683 
 1804   1528.72452610734 
 1805   1588.17510098824 
 1806   1584.39885436517 
 1807   1585.59163330066 
 1808   1582.60530753036 
 1809   1566.4501789815 
 1810   1561.36019380453 
 1811   1546.388246568 
 1812   1582.9682534122 
 1813   1578.45773798731 
 1814   1559.72689561805 
 1815   1571.61396433714 
 1816   1564.47180195239 
 1817   1587.07533435641 
 1818   1598.30102397511 
 1819   1562.39982792045 
 1820   1604.13557434808 
 1821   1598.42938645186 
 1822   1592.09845069254 
 1823   1601.66769124725 
 1824   1573.33852574016 
 1825   1557.5487605295 
 1826   1550.26472556942 
 1827   1519.75688520564 
 1828   1489.21502220568 
 1829   1457.48589104342 
 1830   1442.53613758068 
 1831   1435.19046718393 
 1832   1430.06759020666 
 1833   1408.74286970631 
 1834   1362.33283554901 
 1835   1383.452057938 
 1836   1388.79345635131 
 1837   1398.88683340341 
 1838   1418.35878417829 
 1839   1425.45894733353 
 1840   1455.83775860093 
 1841   1485.59944086118 
 1842   1482.08476263683 
 1843   1476.67250751503 
 1844   1442.11287379704 
 1845   1415.21649871168 
 1846   1386.61105133062 
 1847   1369.80544058339 
 1848   1351.02358782789 
 1849   1359.80479146318 
 1850   1363.24549304408 
 1851   1373.95090661046 
 1852   1379.18008274042 
 1853   1379.04828215424 
 1854   1394.98624549185 
 1855   1402.98161847301 
 1856   1417.46418566015 
 1857   1408.94521355701 
 1858   1417.29940990467 
 1859   1460.5590188659 
 1860   1448.31631919282 
 1861   1429.2654812225 
 1862   1439.39317889033 
 1863   1404.78763734655 
 1864   1419.31744437429 
 1865   1404.32468285887 
 1866   1369.99451751947 
 1867   1392.91559695635 
 1868   1399.98535252294 
 1869   1388.48427288015 
 1870   1379.00465637855 
 1871   1349.13340901613 
 1872   1338.74834317075 
 1873   1355.91591105445 
 1874   1353.6881085992 
 1875   1374.68033681099 
 1876   1369.42310338422 
 1877   1363.90348236286 
 1878   1354.98851322753 
 1879   1336.77444465983 
 1880   1298.13585337698 
 1881   1280.36314213901 
 1882   1215.90242603167 
 1883   1226.32991733076 
 1884   1253.96805754703 
 1885   1255.64333942458 
 1886   1261.36156094001 
 1887   1278.17999564894 
 1888   1280.84907829216 
 1889   1300.66208942525 
 1890   1314.51948982175 
 1891   1295.85693878786 
 1892   1287.51315655297 
 1893   1257.66462767708 
 1894   1233.87730306287 
 1895   1238.53225741269 
 1896   1209.18145441494 
 1897   1184.18432243386 
 1898   1204.90740775502 
 1899   1200.76759680599 
 1900   1205.97115852119 
 1901   1199.47549311556 
 1902   1209.58285509643 
 1903   1223.56506835129 
 1904   1213.76992294509 
 1905   1179.92073204416 
 1906   1187.87988933144 
 1907   1189.66148820748 
 1908   1170.26989225169 
 1909   1163.68472322737 
 1910   1133.84644796217 
 1911   1144.21364857634 
 1912   1152.49828113986 
 1913   1152.36315282337 
 1914   1172.25038556296 
 1915   1168.32996933563 
 1916   1175.44269461993 
 1917   1156.65403363776 
 1918   1129.38834983259 
 1919   1138.0989309448 
 1920   1119.92379643681 
 1921   1101.82644294533 
 1922   1095.692835966 
 1923   2220.1839975987 
 1924   2182.14888353852 
 1925   2207.49572414968 
 1926   2197.66741801172 
 1927   2169.11111721474 
 1928   2273.39570089262 
 1929   1675.9007431422 
 1930   924.278374219799 
 1931   1045.12703003931 
 1932   996.967373858788 
 1933   988.781342687079 
 1934   991.154428135557 
 1935   1003.87951553958 
 1936   1023.03497718824 
 1937   1011.31054818182 
 1938   1026.47522432734 
 1939   1014.42409160366 
 1940   984.643808995335 
 1941   963.059335088354 
 1942   961.154435250261 
 1943   945.680176596494 
 1944   945.634971042346 
 1945   928.218956982643 
 1946   915.751238350718 
 1947   1012.5856492678 
 1948   1056.42606648128 
 1949   1050.30564096596 
 1950   1052.18518791815 
 1951   1032.62541052806 
 1952   1063.18182459188 
 1953   1056.0397507231 
 1954   939.163737549355 
 1955   957.119656106311 
 1956   955.829906345106 
 1957   942.495805684979 
 1958   929.531996609562 
 1959   919.671854719722 
 1960   911.65398116627 
 1961   885.457379673093 
 1962   863.899332615698 
 1963   857.126524923251 
 1964   852.790803480154 
 1965   836.873397222919 
 1966   822.630068306944 
 1967   838.10303948964 
 1968   840.527743738489 
 1969   814.578076805954 
 1970   814.46640377829 
 1971   798.981705938574 
 1972   793.898458527204 
 1973   791.975198996354 
 1974   773.885687573882 
 1975   773.795132414134 
 1976   773.814207473141 
 1977   780.762727239476 
 1978   801.245364356875 
 1979   803.129028641613 
 1980   804.74669692558 
 1981   800.500650798895 
 1982   800.932201834171 
 1983   797.201272238627 
 1984   788.745442945581 
 1985   783.844630441652 
 1986   780.829796977784 
 1987   787.873640046132 
 1988   777.340040165938 
 1989   774.220862406734 
 1990   766.132691405694 
 1991   739.366964849499 
 1992   726.434719437064 
 1993   720.426785568918 
 1994   715.562855182005 
 1995   730.117095079349 
 1996   723.77344579863 
 1997   727.840220580043 
 1998   712.812067220324 
 1999   707.653131458299 
 2000   701.860238274196 
 2001   690.642386954767 
 2002   683.640138536394 
 2003   670.799109856595 
 2004   680.837870899539 
 2005   658.693667244106 
 2006   656.864049589535 
 2007   666.210434473286 
 2008   662.157797386941 
 2009   656.705299037588 
 2010   660.724054894779 
 2011   679.934810645037 
 2012   683.561207990511 
 2013   669.349580032861 
 2014   667.532259154228 
 2015   664.503688200131 
 2016   670.167323046336 
 2017   655.646599300607 
 2018   634.718333066277 
 2019   665.690798840812 
 2020   630.57221864446 
 2021   606.321748933002 
 2022   578.557309696137 
 2023   541.404530521888 
 2024   533.273975781015 
 2025   518.841771029184 
 2026   527.883549971955 
 2027   567.360555395373 
 2028   553.608976683771 
 2029   569.785460978377 
 2030   594.86868330287 
 2031   598.032725699576 
 2032   589.459462826451 
 2033   567.077251126129 
 2034   570.810639453025 
 2035   580.439831132436 
 2036   554.420212488668 
 2037   566.502496674635 
 2038   532.492428793284 
 2039   515.614494059681 
 2040   506.528088510247 
 2041   500.057072591818 
 2042   526.54238606509 
 2043   491.034513002679 
 2044   482.447893059447 
 2045   492.349096086083 
 2046   477.587463911806 
 2047   475.585524837246 
 2048   439.244704248943 
 2049   451.491184582759 
 2050   466.152749762955 
 2051   459.154611608734 
 2052   473.746363448649 
 2053   497.028849514745 
 2054   515.948783346407 
 2055   513.523768752838 
 2056   511.160997044445 
 2057   516.906353886637 
 2058   519.448524367358 
 2059   473.940397044519 
 2060   441.080089146126 
 2061   423.489353162525 
 2062   474.007973238682 
 2063   466.494433399288 
 2064   439.805380180114 
 2065   463.978527914956 
 2066   489.109509750874 
 2067   510.492513657752 
 2068   483.170639123167 
 2069   445.677743699974 
 2070   471.972522776991 
 2071   459.905484178665 
 2072   468.801464206212 
 2073   444.067964179807 
 2074   422.501534891773 
 2075   408.123558556596 
 2076   409.908702439995 
 2077   404.445798301391 
 2078   403.069486202753 
 2079   400.439035886813 
 2080   442.69010547756 
 2081   460.714814724081 
 2082   460.315270835493 
 2083   474.496573999857 
 2084   452.502585256744 
 2085   454.229082547293 
 2086   429.530383997694 
 2087   395.725127979447 
 2088   387.087354252614 
 2089   381.757262031834 
 2090   387.747875450394 
 2091   399.097355604966 
 2092   384.791555777534 
 2093   394.557033990448 
 2094   408.974759504663 
 2095   401.950997943015 
 2096   386.344036357434 
 2097   353.752934807342 
 2098   387.687288448523 
 2099   389.827262661556 
 2100   385.137922352974 
 2101   397.142253263809 
 2102   366.89016178163 
 2103   378.442391569124 
 2104   363.309109102527 
 2105   339.610734026651 
 2106   359.016664192422 
 2107   324.552921311274 
 2108   381.625281714296 
 2109   387.955714451208 
 2110   386.826363524214 
 2111   386.719032442486 
 2112   370.9891561854 
 2113   367.562883653576 
 2114   358.072869832956 
 2115   344.142487671286 
 2116   340.087454110732 
 2117   363.536197273655 
 2118   380.314180246489 
 2119   386.913782901648 
 2120   358.156709335603 
 2121   345.94302486786 
 2122   333.372901146138 
 2123   276.077228356255 
 2124   273.98410687903 
 2125   254.980992379126 
 2126   262.393434268209 
 2127   268.678441777014 
 2128   272.14794633054 
 2129   268.20855974575 
 2130   276.992921502467 
 2131   259.177199118447 
 2132   270.42016814871 
 2133   262.115374295146 
 2134   272.361307586697 
 2135   297.471089123009 
 2136   290.901683307736 
 2137   290.330036468884 
 2138   267.348363155487 
 2139   270.003519731393 
 2140   248.317037356943 
 2141   244.532488909539 
 2142   238.480625316713 
 2143   237.268531180122 
 2144   231.715307932852 
 2145   256.973269117577 
 2146   259.901877142643 
 2147   270.343645397951 
 2148   283.72168072854 
 2149   301.857775076826 
 2150   310.183669968157 
 2151   281.333819428598 
 2152   296.018365686783 
 2153   284.982923630178 
 2154   280.456533721396 
 2155   270.915934658994 
 2156   250.432831359555 
 2157   264.937583517309 
 2158   231.414704679672 
 2159   207.623896474973 
 2160   202.755866342038 
 2161   213.293564875291 
 2162   252.288445439465 
 2163   238.235786458848 
 2164   269.129196471919 
 2165   298.403840771611 
 2166   384.839673546626 
 2167   380.493057817352 
 2168   363.245805207605 
 2169   373.64466420554 
 2170   370.015675234983 
 2171   340.608131281586 
 2172   262.572243018039 
 2173   241.449004582229 
 2174   240.504061252541 
 2175   251.735298971302 
 2176   238.983718379362 
 2177   272.352237510243 
 2178   278.335678894303 
 2179   234.043151221305 
 2180   220.027691559114 
 2181   200.045676468011 
 2182   194.793533628884 
 2183   187.181991951115 
 2184   171.17894799795 
 2185   184.603459445729 
 2186   212.746082480361 
 2187   178.818117308266 
 2188   182.031044934127 
 2189   157.444055907365 
 2190   165.797347050414 
 2191   175.889176723853 
 2192   174.30137617175 
 2193   207.699483215528 
 2194   206.632508359127 
 2195   209.919193580846 
 2196   190.487287959805 
 2197   189.478900100586 
 2198   171.725763265866 
 2199   172.589482851665 
 2200   170.48069906553 
 2201   216.553781002055 
 2202   232.651314273338 
 2203   219.006586115924 
 2204   240.208872218115 
 2205   238.261054486196 
 2206   252.15389245529 
 2207   226.700137206595 
 2208   233.856409132566 
 2209   260.385280325466 
 2210   250.980124901135 
 2211   253.162891524019 
 2212   228.108167607703 
 2213   219.236277204062 
 2214   234.381919123736 
 2215   223.060039140735 
 2216   210.142700391889 
 2217   193.635723549978 
 2218   220.935722024021 
 2219   211.274743514 
 2220   181.442736928979 
 2221   206.765119692131 
 2222   233.465031897837 
 2223   241.83008340757 
 2224   236.632403146207 
 2225   231.411964807832 
 2226   233.432920360301 
 2227   177.774212650099 
 2228   141.107772930031 
 2229   125.62387730201 
 2230   113.91534463336 
 2231   144.413111891866 
 2232  -21.7607239307627 
 2233   1094.0969651836 
 2234   1667.85103905478 
 2235   1624.67567236212 
 2236   1624.0445966872 
 2237   1604.4728583351 
 2238   1788.13534679566 
 2239   594.782001271411 
 2240   119.134267538428 
 2241   154.957036735328 
 2242   177.113050946226 
 2243   176.577214293126 
 2244   177.725778785342 
 2245   177.430059024707 
 2246   166.079206073354 
 2247   172.038216885233 
 2248   156.108531329577 
 2249   162.556088352741 
 2250   171.865439011525 
 2251   199.057344661325 
 2252   210.112631876543 
 2253   198.7398852167 
 2254   171.98378252895 
 2255   147.423803248287 
 2256   128.334763019903 
 2257   125.730086858823 
 2258   134.035532234295 
 2259   152.781916952064 
 2260   176.912428109237 
 2261   191.903394878048 
 2262   210.827703508152 
 2263   212.053353697249 
 2264   165.662420790975 
 2265   144.03222651978 
 2266   158.800186897605 
 2267   151.349835142581 
 2268   105.261325094859 
 2269   95.9723729758051 
 2270   96.4888814944607 
 2271   85.9258411772783 
 2272   93.4493213758681 
 2273   109.3260284542 
 2274   132.733125665043 
 2275   138.388997487527 
 2276   168.015228696807 
 2277   194.22722923961 
 2278   164.651424936692 
 2279   155.879342666607 
 2280   153.305586583074 
 2281   151.672401137727 
 2282   153.311347893798 
 2283   134.602550990525 
 2284   129.107738161461 
 2285   118.605602222527 
 2286   129.788550456253 
 2287   143.02699317926 
 2288   154.331170758464 
 2289   162.522129958262 
 2290   178.715362622201 
 2291   193.379900842603 
 2292   175.302141433317 
 2293   186.552366071205 
 2294   179.38074460601 
 2295   176.724882180014 
 2296   177.762531461883 
 2297   155.888128219844 
 2298   166.199474979702 
 2299   139.974119970122 
 2300   160.616978529257 
 2301   148.902624801356 
 2302   139.355724687193 
 2303   152.325963927968 
 2304   122.753522344457 
 2305   115.552022052954 
 2306   96.67731930157 
 2307   113.424185231038 
 2308   127.4368285708 
 2309   138.374575350782 
 2310   153.633225572165 
 2311   160.559150568855 
 2312   154.073212873101 
 2313   143.442391050282 
 2314   118.752269671838 
 2315   91.2673720600754 
 2316   88.0817294930719 
 2317   69.9934698771417 
 2318   66.49688937525 
 2319   70.2286080524555 
 2320   37.2351413340025 
 2321   74.4622360942196 
 2322   75.439018413828 
 2323   94.628547389027 
 2324   108.634805769913 
 2325   144.613802043005 
 2326   170.092507976239 
 2327   151.709367112411 
 2328   174.891617330107 
 2329   154.906795964017 
 2330   119.828406476179 
 2331   89.3928679467115 
 2332   93.8710083192087 
 2333   67.294760204904 
 2334   74.4346466811027 
 2335   89.9940278234866 
 2336   115.376373950053 
 2337   93.8027656153232 
 2338   135.759117803977 
 2339   168.444854707605 
