05-29-2020  14:24:39
Wavenumber (cm-1)  CCD Output
 251   896.175224047677 
 252   918.762912628538 
 253   946.112831176495 
 254   958.61080399458 
 255   963.743980160181 
 256   974.748963540123 
 257   1001.0392573497 
 258   1037.21217222333 
 259   1063.33976223334 
 260   1057.70018039396 
 261   1055.54539372871 
 262   1068.93753471385 
 263   1058.64144599587 
 264   1046.26480484112 
 265   1053.63151183454 
 266   1060.47434848654 
 267   1065.31960461631 
 268   1069.47831694138 
 269   1060.77565357667 
 270   1059.21606686285 
 271   1080.83823746525 
 272   1091.18956043701 
 273   1110.58366542752 
 274   1165.13719740964 
 275   1186.24404099152 
 276   1176.66459648372 
 277   1187.53848179235 
 278   1204.40158928873 
 279   1215.15486343484 
 280   1222.17986338077 
 281   1227.67624195222 
 282   1230.873359886 
 283   1227.63265705744 
 284   1212.22858321646 
 285   1196.48272396107 
 286   1204.29537580388 
 287   1214.20467723615 
 288   1209.14293259628 
 289   1198.48131856536 
 290   1196.56736619626 
 291   1205.38100771174 
 292   1209.17955348017 
 293   1208.54532463969 
 294   1208.80186168014 
 295   1210.70194509121 
 296   1215.03998659825 
 297   1220.805001215 
 298   1224.76516162708 
 299   1237.39766401294 
 300   1260.73993291485 
 301   1267.08404457368 
 302   1257.57588022022 
 303   1250.53443194226 
 304   1258.21824738432 
 305   1271.81141579353 
 306   1278.11537785299 
 307   1285.17949248215 
 308   1297.59795953772 
 309   1311.29806260993 
 310   1312.96130182206 
 311   1311.10004946003 
 312   1318.7052299709 
 313   1310.93586776954 
 314   1295.68180893007 
 315   1297.8201225786 
 316   1292.68416145513 
 317   1281.67640430423 
 318   1285.2439061537 
 319   1279.63863011186 
 320   1258.82426951559 
 321   1240.59288016865 
 322   1234.91004990946 
 323   1246.20854442863 
 324   1270.54257888424 
 325   1284.82283166051 
 326   1288.09695903555 
 327   1299.28526229687 
 328   1303.46950307503 
 329   1298.55000409932 
 330   1305.1127120062 
 331   1336.07922649427 
 332   1371.06989980085 
 333   1369.3433505953 
 334   1357.38487647242 
 335   1358.11390478783 
 336   1369.95383184834 
 337   1406.53818634974 
 338   1431.87757001347 
 339   1368.71941869191 
 340   1263.56655068518 
 341   1187.63898542762 
 342   1178.61142188408 
 343   1200.09505279669 
 344   1229.16597400945 
 345   1281.77678099898 
 346   1335.22040949859 
 347   1359.3341369725 
 348   1365.6072776966 
 349   1537.41331305508 
 350   1825.32129355338 
 351   1897.72327016397 
 352   1885.3736827901 
 353   1936.85155617737 
 354   2014.54223412114 
 355   2068.39600945309 
 356   2091.41339435479 
 357   2121.79622052768 
 358   2147.27316326747 
 359   2150.91839075022 
 360   2138.87684198599 
 361   2150.07889929493 
 362   2183.21734317846 
 363   2184.42314679275 
 364   2150.77809950258 
 365   2111.93859399566 
 366   2104.65628202273 
 367   2110.13283218885 
 368   2102.03810383481 
 369   2074.97108693758 
 370   2065.76448368658 
 371   2069.93922673246 
 372   2040.2853537051 
 373   2012.92663441079 
 374   2020.14368186756 
 375   2053.70283820856 
 376   2067.61668372938 
 377   2056.6043526237 
 378   2061.75665606261 
 379   2095.63110787658 
 380   2143.41073562023 
 381   2182.38528638709 
 382   2233.34185826663 
 383   2307.37526649178 
 384   2387.66609673873 
 385   2430.32751910598 
 386   2459.67083924117 
 387   2536.74752303456 
 388   2625.63720927167 
 389   2699.30811842269 
 390   2756.1180761725 
 391   2796.79405409511 
 392   2831.27162183532 
 393   2864.89793315625 
 394   2873.54622266548 
 395   2872.69623166498 
 396   2884.72774665164 
 397   2869.69314384323 
 398   2822.77212393117 
 399   2763.02679927264 
 400   2695.7255851609 
 401   2629.04250484355 
 402   2564.45868895897 
 403   2485.74340640054 
 404   2403.68947949955 
 405   2335.26748116297 
 406   2276.92787536845 
 407   2212.23961641988 
 408   2134.81903372775 
 409   2063.33625112697 
 410   2007.57374212637 
 411   1959.21787606366 
 412   1898.23087635804 
 413   1856.4382497705 
 414   1839.55888059493 
 415   1799.59320127171 
 416   1745.71614930879 
 417   1699.08946627562 
 418   1668.59513453266 
 419   1656.19576755356 
 420   1651.2957143509 
 421   1641.27122243277 
 422   1649.87595849191 
 423   1662.55377617682 
 424   1643.11236377705 
 425   1634.77537018606 
 426   1658.33072962618 
 427   1695.64969323565 
 428   1714.59981132651 
 429   1721.00700978941 
 430   1733.373814868 
 431   1732.52145063429 
 432   1731.76823857513 
 433   1746.20629928949 
 434   1749.6195891794 
 435   1763.3291433839 
 436   1803.14686651616 
 437   1825.11933298327 
 438   1790.20400174137 
 439   1718.92301349517 
 440   1698.98085312841 
 441   1722.31788928689 
 442   1748.58925552388 
 443   1755.1265118689 
 444   1768.13270822572 
 445   1782.15316666222 
 446   1759.0668443113 
 447   1731.96337417199 
 448   1755.40735429843 
 449   1845.26452857946 
 450   1891.28054617829 
 451   1878.21084808989 
 452   1862.09471152145 
 453   1845.88590937823 
 454   1829.08064589826 
 455   1819.53181228368 
 456   1830.65772109287 
 457   1835.67847212983 
 458   1816.05470148644 
 459   1801.08946067485 
 460   1803.7657769433 
 461   1818.20135537235 
 462   1827.53122101843 
 463   1831.13051284399 
 464   1831.35630832011 
 465   1829.98612218979 
 466   1837.76605553255 
 467   1846.69422572177 
 468   1844.46911429846 
 469   1862.39136578053 
 470   1876.76707811152 
 471   1855.30839382328 
 472   1855.3698340187 
 473   1880.08293015136 
 474   1902.32096626176 
 475   1914.16048579242 
 476   1909.27507046329 
 477   1899.99172106328 
 478   1916.57737837366 
 479   1928.42871725181 
 480   1920.91944585392 
 481   1916.58978233703 
 482   1901.40740570132 
 483   1870.36813887863 
 484   1841.18226122553 
 485   1842.26906495145 
 486   1861.08956960062 
 487   1865.5883640612 
 488   1853.7950802981 
 489   1834.47395376109 
 490   1823.99915501037 
 491   1841.30498678308 
 492   1870.64919075263 
 493   1892.97170667782 
 494   1902.30585995772 
 495   1877.40186043235 
 496   1840.94539713027 
 497   1838.1649329791 
 498   1808.45340496666 
 499   1766.60601059625 
 500   1766.20831697016 
 501   1749.87405628154 
 502   1715.64665284817 
 503   1691.60493973324 
 504   1675.68088716324 
 505   1675.38856947196 
 506   1675.91758979849 
 507   1641.16167390041 
 508   1639.27863147328 
 509   1674.30429992878 
 510   1673.37767511798 
 511   1680.33901284149 
 512   1697.49917660864 
 513   1693.65016112266 
 514   1697.03610888777 
 515   1704.07997135838 
 516   1704.42251501569 
 517   1718.29936347049 
 518   1736.1611216986 
 519   1739.47911998238 
 520   1723.30822025105 
 521   1710.76152108575 
 522   1709.33203235743 
 523   1707.71899002432 
 524   1711.98980625119 
 525   1729.41658750762 
 526   1761.74749287768 
 527   1801.75545834048 
 528   1836.08446923192 
 529   1866.9826813899 
 530   1918.94871218759 
 531   1975.67188134166 
 532   2032.70775954723 
 533   2108.24690566658 
 534   2184.48191384725 
 535   2235.78217969018 
 536   2256.14521780426 
 537   2283.84037689926 
 538   2319.59377592971 
 539   2350.35657207918 
 540   2383.31908320645 
 541   2413.87972912442 
 542   2429.38349875099 
 543   2417.01904260814 
 544   2377.84572461044 
 545   2345.22039048738 
 546   2344.50718601899 
 547   2317.0852891576 
 548   2275.11985766721 
 549   2241.98234068479 
 550   2174.73886118687 
 551   2088.93582128867 
 552   2011.21619317697 
 553   1947.62403395295 
 554   1901.67623962592 
 555   1860.43911283698 
 556   1809.35985068434 
 557   1765.45168763172 
 558   1726.49484538615 
 559   1691.53918724037 
 560   1681.86513804585 
 561   1681.4744185248 
 562   1672.87142192907 
 563   1658.09143769187 
 564   1648.84547809266 
 565   1643.2618409323 
 566   1630.36932148512 
 567   1609.66395438304 
 568   1594.70040621519 
 569   1594.2647525993 
 570   1598.77312545605 
 571   1599.40046731501 
 572   1606.06919018116 
 573   1636.86393301795 
 574   1674.10381778843 
 575   1708.37838882919 
 576   1749.12697384486 
 577   1816.71437193074 
 578   1895.44831884274 
 579   1969.59245897028 
 580   2044.90317791565 
 581   2119.77747034587 
 582   2189.21780478112 
 583   2250.12541709861 
 584   2306.39179530157 
 585   2360.46195875869 
 586   2418.74658485088 
 587   2487.95321625853 
 588   2526.41907745245 
 589   2530.41428212926 
 590   2541.65954398733 
 591   2554.75317816034 
 592   2562.77731704828 
 593   2560.97734384367 
 594   2539.73727375555 
 595   2512.53654535976 
 596   2475.70752285779 
 597   2406.32290993508 
 598   2341.54987273217 
 599   2290.58151786269 
 600   2227.50927976431 
 601   2137.63598533799 
 602   2093.14119798392 
 603   2004.92864249062 
 604   1634.49820632398 
 605   1398.3478410857 
 606   1385.48917984653 
 607   1327.62869551901 
 608   1268.50853727488 
 609   1227.22311799298 
 610   1193.71922148866 
 611   1171.08434645962 
 612   1112.25289928979 
 613   1167.96541507034 
 614   1478.44995495232 
 615   1586.80370400314 
 616   1528.7865698258 
 617   1537.92576630806 
 618   1566.0558448491 
 619   1569.35328126389 
 620   1556.314658278 
 621   1555.65236394717 
 622   1533.60434142947 
 623   1507.91396305449 
 624   1504.82304321676 
 625   1499.91490379987 
 626   1496.53692527547 
 627   1488.75443635745 
 628   1461.12052180407 
 629   1437.61581219423 
 630   1434.13187601876 
 631   1443.18876312153 
 632   1441.56297518634 
 633   1448.01347959471 
 634   1452.85691004469 
 635   1426.63468402605 
 636   1414.40258655602 
 637   1411.46592802547 
 638   1397.12646299583 
 639   1386.47788035426 
 640   1373.03987229193 
 641   1362.9418010152 
 642   1374.00655399399 
 643   1397.5293220999 
 644   1428.46334061978 
 645   1454.84069539156 
 646   1456.55777367483 
 647   1465.50346859539 
 648   1495.50547172092 
 649   1532.21910775758 
 650   1568.16541140812 
 651   1571.96455592073 
 652   1555.39711010693 
 653   1584.48601187226 
 654   1609.61661346023 
 655   1598.12403071815 
 656   1605.14023218917 
 657   1750.28829782699 
 658   1856.08621213336 
 659   1830.58608633493 
 660   1824.68816602183 
 661   1832.74397441277 
 662   1829.14839087339 
 663   1809.53020165568 
 664   1786.63523741367 
 665   1800.13492192347 
 666   1770.78972244006 
 667   1603.39219735422 
 668   1544.77934204755 
 669   1560.16659892998 
 670   1531.43100682652 
 671   1522.72924827056 
 672   1519.40266439925 
 673   1502.92556557859 
 674   1483.4140807996 
 675   1479.61484359135 
 676   1470.36738366402 
 677   1449.53298900403 
 678   1444.64833327109 
 679   1442.11270049219 
 680   1425.42610290831 
 681   1405.84725469744 
 682   1416.09506679073 
 683   1378.64319462765 
 684   1419.59233467443 
 685   1498.51122467657 
 686   652.593828969328 
 687  -82.4111603498212 
 688   72.1090216139387 
 689   117.188350142902 
 690   110.038432172347 
 691   152.686079058794 
 692   184.266252844133 
 693   215.311266929402 
 694   118.856101427334 
 695   269.115410649197 
 696   1053.39815497263 
 697   1314.72615583632 
 698   1202.62545500723 
 699   1250.41109474075 
 700   1293.34826509191 
 701   1322.04605319284 
 702   1343.35712837416 
 703   1351.35947703007 
 704   1371.96208707147 
 705   1395.2884825751 
 706   1402.20857902915 
 707   1392.54951514151 
 708   1397.5023277717 
 709   1413.45772780088 
 710   1420.87966096489 
 711   1415.04346313286 
 712   1418.26976621812 
 713   1426.28243764079 
 714   1427.80314950322 
 715   1436.91035250072 
 716   1444.86529643583 
 717   1438.22754222448 
 718   1434.99912389109 
 719   1481.3851091734 
 720   1349.08915758551 
 721   1104.85924751102 
 722   1120.08442905511 
 723   1149.25471238779 
 724   1143.62400290586 
 725   1162.21882742242 
 726   1151.74034805521 
 727   1149.78341413098 
 728   1154.56053149416 
 729   1179.13129473548 
 730   1317.22008515394 
 731   1403.43537865257 
 732   1401.12717393854 
 733   1424.72640818531 
 734   1438.07050943206 
 735   1454.64551790759 
 736   1478.65224389322 
 737   1481.98460480082 
 738   1493.69416620662 
 739   1522.45869382957 
 740   1552.50777362157 
 741   1563.29915199141 
 742   1551.24314896401 
 743   1539.38504076249 
 744   1538.34223044446 
 745   1522.91214451377 
 746   1531.31807409351 
 747   1549.98783173824 
 748   1540.8512357881 
 749   1539.74820913245 
 750   1546.98386875123 
 751   1554.94429431048 
 752   1565.02680863866 
 753   1576.94098435047 
 754   1594.74903240609 
 755   1608.86656208721 
 756   1609.86844308323 
 757   1638.18577912119 
 758   1661.54492468139 
 759   1664.34786366089 
 760   1694.85967582845 
 761   1724.29918159328 
 762   1741.90143619936 
 763   1758.08705290207 
 764   1777.08247539919 
 765   1795.56744513462 
 766   1812.85490645251 
 767   1837.80935070258 
 768   1882.87885343064 
 769   1924.56704304799 
 770   1966.69892244559 
 771   2028.79555382929 
 772   2098.78255400131 
 773   2176.91297339821 
 774   2267.48064443316 
 775   2373.75081637158 
 776   2495.29770377682 
 777   2598.48587529602 
 778   2688.75165642346 
 779   2807.38917827079 
 780   2950.43262009605 
 781   3107.13335234464 
 782   3279.43674926078 
 783   3472.44788059467 
 784   3666.34190572106 
 785   3875.35246165639 
 786   4121.21345277431 
 787   4410.22348952915 
 788   4741.41956011142 
 789   5096.170082874 
 790   5471.58215421015 
 791   5879.12893775305 
 792   6285.4578485565 
 793   6744.17800756083 
 794   7257.67508168669 
 795   7729.30526284175 
 796   8202.55695266826 
 797   8658.00050483977 
 798   9052.69983195873 
 799   9392.68610629909 
 800   9691.86453388508 
 801   9938.49915162567 
 802   10078.1949735294 
 803   10073.584573477 
 804   10072.9417932019 
 805   10021.9371337277 
 806   9825.99259270865 
 807   9553.05390754716 
 808   9242.58162809025 
 809   8867.47471832876 
 810   8438.72790507945 
 811   8033.72588712949 
 812   7575.86745142449 
 813   7100.2602115086 
 814   6658.93532231441 
 815   6210.30158824257 
 816   5796.95578223819 
 817   5418.79080792165 
 818   5058.00729199659 
 819   4731.91418944776 
 820   4457.06929646676 
 821   4201.06539867753 
 822   3944.48191061095 
 823   3718.52672715839 
 824   3518.93287022031 
 825   3344.5830375211 
 826   3183.82269742031 
 827   3017.38130616621 
 828   2875.7806457104 
 829   2715.85329325823 
 830   2536.93124345473 
 831   2416.26787428317 
 832   2305.04021550251 
 833   2205.80313591209 
 834   2116.21337605351 
 835   2003.31740701807 
 836   1911.54976484201 
 837   1838.27239794824 
 838   1774.81224191557 
 839   1730.57018375851 
 840   1687.74420931563 
 841   1652.71519171745 
 842   1616.04404539056 
 843   1564.07386414439 
 844   1538.63854028635 
 845   1504.80226881822 
 846   1506.20656449232 
 847   1496.20881580562 
 848   1270.04871122614 
 849   2230.34381187377 
 850   3494.8980606164 
 851   3350.66765652347 
 852   3275.04975479072 
 853   3310.85128605294 
 854   3297.5338913391 
 855   3286.65306312664 
 856   3237.91474796731 
 857   3447.19529850061 
 858   2816.52117640204 
 859   1306.29877389008 
 860   1214.20869127916 
 861   1370.89301617524 
 862   1315.92180469146 
 863   1320.09216040811 
 864   1329.8634441838 
 865   1337.08432509018 
 866   1325.43252108237 
 867   1300.70772928133 
 868   1286.53709109824 
 869   1254.38238829155 
 870   1221.02394066378 
 871   1208.3509704602 
 872   1205.2732546407 
 873   1177.57012539804 
 874   1140.93914717095 
 875   1131.42874773913 
 876   1155.64422349986 
 877   1174.35414926932 
 878   1195.02907431321 
 879   1211.98544733112 
 880   1209.22132370938 
 881   1196.15746323138 
 882   1212.28055491339 
 883   1217.1468716485 
 884   1200.41753307966 
 885   1218.13072132691 
 886   1231.40108229595 
 887   1226.24499893312 
 888   1217.24550520391 
 889   1217.72214278417 
 890   1219.67287211056 
 891   1222.28648037176 
 892   1228.51111470154 
 893   1231.5850390301 
 894   1213.13656885943 
 895   1182.37071874124 
 896   1175.86364144893 
 897   1192.45121077284 
 898   1187.07520867795 
 899   1195.91522157871 
 900   1192.84325401205 
 901   1184.01287303365 
 902   1210.14936238143 
 903   1213.3017284726 
 904   1228.35963773621 
 905   1239.37944511108 
 906   1217.90390898489 
 907   1228.2695112588 
 908   1199.15553621863 
 909   1169.77045155033 
 910   1177.52534379582 
 911   1156.89606224125 
 912   1164.1638216309 
 913   1168.04766500066 
 914   1165.51202707003 
 915   1191.47857563184 
 916   1181.78555071883 
 917   1196.69521523732 
 918   1227.90055405117 
 919   1232.78564453125 
 920   1254.05189917317 
 921   1267.37699678751 
 922   1273.57444732825 
 923   1280.64031965845 
 924   1282.30590361464 
 925   1296.03623441378 
 926   1324.77887052532 
 927   1354.50618213465 
 928   1367.1419619487 
 929   1364.34488185851 
 930   1395.00609983136 
 931   1446.14060879997 
 932   1480.25161451687 
 933   1513.10119692263 
 934   1601.69877622291 
 935   1681.6292980677 
 936   1732.21609399102 
 937   1809.62997807189 
 938   1907.95101214621 
 939   1969.81540129684 
 940   2029.25412150355 
 941   2130.30409814254 
 942   2227.02375465275 
 943   2280.79343360239 
 944   2332.70296336535 
 945   2410.97996910219 
 946   2492.11876189407 
 947   2553.41869072614 
 948   2603.82219008289 
 949   2638.8678598002 
 950   2644.94076951465 
 951   2622.23715342475 
 952   2585.56002353012 
 953   2554.74900104203 
 954   2510.39730212743 
 955   2431.37532049319 
 956   2359.23699933053 
 957   2293.73613571688 
 958   2217.93693886783 
 959   2132.38384200148 
 960   2059.88662684617 
 961   2009.9332149468 
 962   1948.82968912909 
 963   1873.99264981607 
 964   1809.24358418503 
 965   1750.145985083 
 966   1684.66846150602 
 967   1624.58462390837 
 968   1591.57041565122 
 969   1571.15206971313 
 970   1501.14119663118 
 971   1455.34130462778 
 972   1459.27945603993 
 973   1465.81704932315 
 974   1448.46943615274 
 975   1444.71118392619 
 976   1456.74427125275 
 977   1466.69882438348 
 978   1471.45874092151 
 979   1485.51262418157 
 980   1494.2277369334 
 981   1470.79203142864 
 982   1437.81985783642 
 983   1433.28715043146 
 984   1401.63603300656 
 985   1367.74221722011 
 986   1334.71272614493 
 987   1306.05556194296 
 988   1312.18053950852 
 989   1299.02396084 
 990   1300.46217535032 
 991   1321.25283818285 
 992   1337.11358498653 
 993   1377.12339765732 
 994   1420.62009476993 
 995   1457.81465294626 
 996   1500.74701553259 
 997   1561.9970516749 
 998   1633.9620725509 
 999   1703.04961576658 
 1000   1788.29321873789 
 1001   1898.09095886346 
 1002   2005.52003220185 
 1003   2105.57207618194 
 1004   2249.65217786284 
 1005   2401.71305465546 
 1006   2513.6851917793 
 1007   2619.99519653019 
 1008   2717.07121381176 
 1009   2768.71210657878 
 1010   2773.28070832341 
 1011   2760.38295877327 
 1012   2736.25985022145 
 1013   2666.99599191641 
 1014   2569.04655735423 
 1015   2470.79032723322 
 1016   2377.388105749 
 1017   2278.81663529433 
 1018   2171.79478224385 
 1019   2090.06648034653 
 1020   2012.20106866746 
 1021   1899.08602723061 
 1022   1807.23844141626 
 1023   1733.47077695503 
 1024   1661.72893649885 
 1025   1598.35233386772 
 1026   1555.70728340485 
 1027   1522.89061370033 
 1028   1509.12316243931 
 1029   1442.13861841152 
 1030   1355.57704840631 
 1031   1362.25609058582 
 1032   1374.27433024704 
 1033   1401.77549298203 
 1034   1433.81425757767 
 1035   1456.36245024771 
 1036   1467.52163205556 
 1037   1445.19534631995 
 1038   1546.67646870708 
 1039   1649.40073648748 
 1040   1646.87337907615 
 1041   1647.77656894809 
 1042   1632.38498049461 
 1043   1603.89019666175 
 1044   1588.58625390334 
 1045   1601.37005608019 
 1046   1622.78800932582 
 1047   1615.55277144494 
 1048   1606.22927323378 
 1049   1602.55384980483 
 1050   1598.58759471687 
 1051   1596.04943486427 
 1052   1591.29865277073 
 1053   1602.01739974373 
 1054   1601.75319946533 
 1055   1581.64827788939 
 1056   1567.54677838635 
 1057   1553.12323890605 
 1058   1560.60064464707 
 1059   1565.88881771436 
 1060   1562.53331763487 
 1061   1567.52396231124 
 1062   1554.70382841121 
 1063   1546.84589594983 
 1064   1544.56270991697 
 1065   1557.87541569633 
 1066   1588.09887424778 
 1067   1587.4475962218 
 1068   1575.465300023 
 1069   1600.47054952104 
 1070   1509.43717483121 
 1071   1296.12438459129 
 1072   1310.25440764647 
 1073   1337.02216550486 
 1074   1319.79450154437 
 1075   1312.29728887756 
 1076   1332.47473246165 
 1077   1343.52215522253 
 1078   1319.52468285491 
 1079   1489.351316976 
 1080   1649.64399719656 
 1081   1623.01752956405 
 1082   1621.02255067485 
 1083   1605.54250277884 
 1084   1577.24619600965 
 1085   1595.67321881958 
 1086   1637.71035338801 
 1087   1642.6037530844 
 1088   1668.39798671111 
 1089   1670.41630074562 
 1090   1675.47651955552 
 1091   1693.21928900098 
 1092   1707.23355882801 
 1093   1726.30635491587 
 1094   1675.04317911987 
 1095   1653.16520225794 
 1096   1654.67323684716 
 1097   1634.29852609093 
 1098   1643.98814141155 
 1099   1643.78433177173 
 1100   1649.59327290851 
 1101   1656.46505272906 
 1102   1662.46350603932 
 1103   1676.27840117407 
 1104   1672.54526865765 
 1105   1668.50563493781 
 1106   1672.69002625785 
 1107   1681.08853264538 
 1108   1685.04440670202 
 1109   1675.19260380359 
 1110   1657.43923982912 
 1111   1668.08623865873 
 1112   1680.12842579524 
 1113   1684.84014628248 
 1114   1706.65707204464 
 1115   1689.01139900205 
 1116   1680.90701272596 
 1117   1689.81787439072 
 1118   1706.11388314056 
 1119   1720.58686078215 
 1120   1714.46956507966 
 1121   1720.28485002394 
 1122   1696.40195480937 
 1123   1693.05756849891 
 1124   1718.96705989401 
 1125   1705.96156043073 
 1126   1720.25818615203 
 1127   1706.03231842432 
 1128   1674.48283510187 
 1129   1672.16265784198 
 1130   1694.48140017707 
 1131   1701.67449332605 
 1132   1705.11068057631 
 1133   1702.98361383277 
 1134   1689.31908660048 
 1135   1682.64114586373 
 1136   1703.37625548986 
 1137   1725.72828849584 
 1138   1721.34818015869 
 1139   1716.73509631278 
 1140   1708.94534991049 
 1141   1697.3384413934 
 1142   1711.70951897762 
 1143   1719.11085542142 
 1144   1716.88012819283 
 1145   1720.67854522704 
 1146   1722.98265412432 
 1147   1719.29473971333 
 1148   1730.66846083307 
 1149   1734.15185735533 
 1150   1750.63311104609 
 1151   1762.49974412822 
 1152   1763.70316977062 
 1153   1776.71495454882 
 1154   1788.64931034814 
 1155   1805.95411798578 
 1156   1830.24411238348 
 1157   1844.58356898267 
 1158   1840.68870033682 
 1159   1841.08452341935 
 1160   1868.95906608014 
 1161   1890.33844437771 
 1162   1888.6780161918 
 1163   1890.32531520581 
 1164   1910.98148880722 
 1165   1937.16092899746 
 1166   1971.73198055232 
 1167   1965.22831164993 
 1168   1960.9373293875 
 1169   1980.81194844464 
 1170   1989.38213266975 
 1171   1977.15868238915 
 1172   1970.33116498249 
 1173   1957.46635705703 
 1174   1940.47754468126 
 1175   1966.39396964402 
 1176   2022.44804346557 
 1177   2024.32579402807 
 1178   2021.54557520827 
 1179   2041.61162962623 
 1180   2066.39243303489 
 1181   2094.8189906538 
 1182   2124.40242431447 
 1183   2126.14519786276 
 1184   2119.65139770945 
 1185   2121.85517665876 
 1186   2141.27291458538 
 1187   2172.20819656275 
 1188   2194.53879527052 
 1189   2192.2792209993 
 1190   2184.64517127456 
 1191   2220.69552598488 
 1192   2246.04291106506 
 1193   2279.42218595394 
 1194   2336.92862704084 
 1195   2343.31664935808 
 1196   2351.34300349041 
 1197   2373.27912221552 
 1198   2401.05702082785 
 1199   2412.96652354835 
 1200   2415.80980391283 
 1201   2427.82787090185 
 1202   2409.31288962394 
 1203   2390.22328924835 
 1204   2405.99920250715 
 1205   2414.68295882884 
 1206   2409.03875901825 
 1207   2427.17260753088 
 1208   2429.08244612891 
 1209   2430.80243615797 
 1210   2386.35613145325 
 1211   2371.57515199103 
 1212   2399.99430512674 
 1213   2402.18299056815 
 1214   2413.19010712173 
 1215   2418.52719737014 
 1216   2427.07389132652 
 1217   2453.15167534113 
 1218   2492.77835268824 
 1219   2528.30527556712 
 1220   2543.51125328409 
 1221   2539.4658312222 
 1222   2558.00696952409 
 1223   2573.9293080853 
 1224   2575.85613086796 
 1225   2569.67275490359 
 1226   2563.83950287936 
 1227   2582.91052515142 
 1228   2584.49220772819 
 1229   2603.26437542763 
 1230   2627.93601612448 
 1231   2640.18444247864 
 1232   2659.16990357835 
 1233   2693.2882571885 
 1234   2727.30324217555 
 1235   2765.79221617746 
 1236   2811.57833913678 
 1237   2837.06787340864 
 1238   2845.76579652719 
 1239   2878.31824401711 
 1240   2928.32168452679 
 1241   2966.83567956951 
 1242   2975.14224339276 
 1243   2985.89288782562 
 1244   3001.2672472485 
 1245   3014.89818346323 
 1246   3057.10646892495 
 1247   3098.991950473 
 1248   3081.02185127315 
 1249   3072.48883394845 
 1250   3102.65864958307 
 1251   3139.4904363184 
 1252   3163.31849375451 
 1253   3187.16975114586 
 1254   3240.4053462728 
 1255   3271.04866383935 
 1256   3295.62736889784 
 1257   3310.31194048343 
 1258   3318.93427888952 
 1259   3341.1976199091 
 1260   3346.65275728947 
 1261   3372.84589767667 
 1262   3391.81565425215 
 1263   3461.489461431 
 1264   3564.85776417352 
 1265   3661.19068332746 
 1266   3772.49709129894 
 1267   3874.22268559735 
 1268   3983.30173112186 
 1269   4054.7744692564 
 1270   4119.37487403124 
 1271   4161.38934062715 
 1272   4158.34564942597 
 1273   4156.66137937254 
 1274   4151.56923509034 
 1275   4129.15244321345 
 1276   4087.1683072545 
 1277   4088.47092145702 
 1278   4102.6822241277 
 1279   4090.25792978355 
 1280   4099.65702598492 
 1281   4122.3060590519 
 1282   4146.97856718583 
 1283   4181.07131153984 
 1284   4222.74163502427 
 1285   4263.10177101119 
 1286   4285.32043834155 
 1287   4299.49192724136 
 1288   4333.70663507639 
 1289   4320.10876195528 
 1290   4350.14556217035 
 1291   4371.18571416515 
 1292   4387.4961341977 
 1293   4420.20806270469 
 1294   4443.39997867324 
 1295   4491.14271919286 
 1296   4532.98219053313 
 1297   4599.57260055618 
 1298   4633.6568210547 
 1299   4676.50587299142 
 1300   4733.28028133229 
 1301   4761.25890687567 
 1302   4795.58694992773 
 1303   4808.8438868536 
 1304   4828.34393486489 
 1305   4868.34745909214 
 1306   4886.09885803121 
 1307   4875.91049387503 
 1308   4872.95385155552 
 1309   4889.12890974165 
 1310   4923.75912066961 
 1311   4970.37483531736 
 1312   4971.81204399655 
 1313   4972.61030419287 
 1314   4991.99397807021 
 1315   5006.20553243816 
 1316   5025.31935013372 
 1317   5057.29696205782 
 1318   5057.02172842998 
 1319   5058.92482500809 
 1320   5080.85319806275 
 1321   5091.29208862882 
 1322   5107.59059360243 
 1323   5131.55539754821 
 1324   5130.47063944402 
 1325   5134.46786300004 
 1326   5134.49463246315 
 1327   5120.05122192929 
 1328   5116.76221581935 
 1329   5096.26277812281 
 1330   5049.48399504973 
 1331   5096.91995541755 
 1332   5314.08483660266 
 1333   5505.18585362234 
 1334   5517.92353970302 
 1335   5502.93647229453 
 1336   5486.05220294751 
 1337   5490.79984879294 
 1338   5450.46986859805 
 1339   5495.47597351453 
 1340   5742.57206203714 
 1341   5730.64200781609 
 1342   5705.53200881602 
 1343   5706.74467100872 
 1344   5707.47855382617 
 1345   5660.0792176358 
 1346   5723.04916866826 
 1347   5509.65906113024 
 1348   4826.87657717513 
 1349   4863.63605210892 
 1350   4843.8652637176 
 1351   4822.70841926711 
 1352   4829.56137894224 
 1353   4855.20550225492 
 1354   4873.63592613238 
 1355   4861.86584502128 
 1356   4861.30311766157 
 1357   4860.2545358542 
 1358   4859.97780443601 
 1359   4867.06246391069 
 1360   4848.22896058928 
 1361   4840.34607833803 
 1362   4865.28419659737 
 1363   4859.09625823507 
 1364   4826.42037217004 
 1365   4856.45275994325 
 1366   4880.39641181499 
 1367   4911.8281961822 
 1368   4984.91396368929 
 1369   5033.57876956006 
 1370   5096.81541119062 
 1371   5237.91650424207 
 1372   5392.84637970207 
 1373   5504.83089451342 
 1374   5623.8281249999 
 1375   5722.72928097835 
 1376   5818.02201493644 
 1377   5895.28600792989 
 1378   5930.13941254547 
 1379   5939.04373337228 
 1380   5920.15454650143 
 1381   5860.7969995603 
 1382   5795.96544628064 
 1383   5733.84892931586 
 1384   5652.0932132916 
 1385   5560.51897596959 
 1386   5498.32047815232 
 1387   5440.03183072838 
 1388   5388.92900611464 
 1389   5377.54865283528 
 1390   5391.51920693483 
 1391   5422.36132817827 
 1392   5499.68953250058 
 1393   5588.65256023846 
 1394   5684.35430149026 
 1395   5835.88313208994 
 1396   6007.838468233 
 1397   6213.36328265164 
 1398   6453.52221680129 
 1399   6654.55340145737 
 1400   6845.11272233367 
 1401   7075.06970776944 
 1402   7210.47333880143 
 1403   7329.23676615319 
 1404   7459.25720351326 
 1405   7497.25656013506 
 1406   7481.04349055245 
 1407   7458.29011407678 
 1408   7382.38550267639 
 1409   7287.44802726235 
 1410   7204.64760472403 
 1411   7056.18444567967 
 1412   6852.76366974293 
 1413   6660.01264583297 
 1414   6491.06551329771 
 1415   6349.3680064107 
 1416   6207.01960336383 
 1417   6063.37225388667 
 1418   5956.08097279592 
 1419   5857.05874280421 
 1420   5760.29031877564 
 1421   5702.33057558507 
 1422   5647.78966517652 
 1423   5584.83699942795 
 1424   5540.51493350293 
 1425   5514.94273853726 
 1426   5487.45734463165 
 1427   5434.41018050449 
 1428   5371.13603626594 
 1429   5348.09834815975 
 1430   5322.34267185553 
 1431   5318.71074686207 
 1432   5304.14839136485 
 1433   5291.85676092945 
 1434   5281.61738100284 
 1435   5318.34983976306 
 1436   5363.89657882097 
 1437   5346.65387108332 
 1438   5318.88545041448 
 1439   5309.78304999412 
 1440   5288.49919070946 
 1441   5241.83090705055 
 1442   5251.86248237923 
 1443   5095.43936486539 
 1444   4996.92266292473 
 1445   5000.571926455 
 1446   4981.94369012763 
 1447   4945.33808249741 
 1448   4926.09230455689 
 1449   4935.27944024202 
 1450   4920.14052884495 
 1451   5093.72460102947 
 1452   5120.6957286425 
 1453   5098.00723639803 
 1454   5051.95172328921 
 1455   4994.59371406585 
 1456   4929.83156916502 
 1457   4874.38154312462 
 1458   4842.99106114395 
 1459   4785.14949059295 
 1460   4714.49054365206 
 1461   4667.87367616849 
 1462   4642.67468969632 
 1463   4644.57596912163 
 1464   4610.43668144156 
 1465   4538.47426787274 
 1466   4485.52099703596 
 1467   4468.80743330769 
 1468   4436.8822708561 
 1469   4391.95698198463 
 1470   4382.94399993517 
 1471   4371.11704677473 
 1472   4365.7871326476 
 1473   4395.90005865183 
 1474   4354.330163905 
 1475   4336.2699152596 
 1476   4330.7693898755 
 1477   4328.77115839615 
 1478   4299.12066270623 
 1479   4273.84536770053 
 1480   4268.34252497319 
 1481   4242.62809670595 
 1482   4242.24512213482 
 1483   4259.92491237427 
 1484   4308.86699821777 
 1485   4283.55928268868 
 1486   4301.49331471085 
 1487   4308.09762616401 
 1488   4282.49712764977 
 1489   4298.48290530925 
 1490   4316.74778061738 
 1491   4282.63346884013 
 1492   4267.05380976853 
 1493   4285.74086114452 
 1494   4271.76834498132 
 1495   4277.97002794683 
 1496   4293.28112040752 
 1497   4277.73302304078 
 1498   4260.24533817383 
 1499   4260.62979357421 
 1500   4275.68910304079 
 1501   4278.41695504466 
 1502   4268.64359392761 
 1503   4254.45250377639 
 1504   4256.04840497277 
 1505   4259.09348590128 
 1506   4233.91266441519 
 1507   4213.22454656247 
 1508   4155.43198273401 
 1509   4153.43175659341 
 1510   4129.89966477205 
 1511   4126.94146543501 
 1512   4143.26990616785 
 1513   4153.24784785285 
 1514   4132.70891403009 
 1515   4111.31551644402 
 1516   4106.65327894526 
 1517   4108.95895627046 
 1518   4116.02431841832 
 1519   4087.78662640683 
 1520   4033.18708298 
 1521   4049.30696782135 
 1522   4083.7915250096 
 1523   4098.78629147372 
 1524   4078.24064072457 
 1525   4083.24248806598 
 1526   4051.7479341367 
 1527   4056.97685947327 
 1528   4054.67217968842 
 1529   4020.02223684874 
 1530   4009.01012379296 
 1531   3993.64376729174 
 1532   3965.57269974246 
 1533   3949.75757301076 
 1534   3938.53192610631 
 1535   3953.29288800205 
 1536   3952.26913682454 
 1537   3926.13629695283 
 1538   3915.68035798811 
 1539   3907.20682929234 
 1540   3889.47664457486 
 1541   3890.32297102075 
 1542   3867.05307225689 
 1543   3838.65382205221 
 1544   3841.61240480423 
 1545   3841.01658812483 
 1546   3828.38875797035 
 1547   3828.72615802124 
 1548   3837.69627930765 
 1549   3831.12125098582 
 1550   3816.35770454081 
 1551   3815.81119784849 
 1552   3789.06924301993 
 1553   3784.35837742111 
 1554   3790.6913665307 
 1555   3776.16322834387 
 1556   3753.60345265964 
 1557   3719.02896290788 
 1558   3695.25022836977 
 1559   3683.64241604531 
 1560   3655.56438987627 
 1561   3640.34359234671 
 1562   3632.12083150933 
 1563   3608.16080142779 
 1564   3615.97410439551 
 1565   3595.4027662623 
 1566   3606.65978150664 
 1567   3640.05576184927 
 1568   3653.8948911326 
 1569   3647.291825078 
 1570   3654.40782360555 
 1571   3633.64581873815 
 1572   3665.33054262493 
 1573   3636.79323437673 
 1574   3586.85762220723 
 1575   3585.96986741354 
 1576   3586.04560514654 
 1577   3583.67127227492 
 1578   3600.94811300096 
 1579   3606.19085271614 
 1580   3586.76616008102 
 1581   3599.18637219433 
 1582   3589.51354570367 
 1583   3560.08295683487 
 1584   3549.63987356165 
 1585   3542.19268052248 
 1586   3546.81823940652 
 1587   3547.40210687378 
 1588   3569.88127881519 
 1589   3550.90827413794 
 1590   3575.94503414996 
 1591   3615.32821031808 
 1592   3622.26860262233 
 1593   3623.33364258095 
 1594   3626.77357536354 
 1595   3631.34488549107 
 1596   3665.07436294719 
 1597   3689.96566487646 
 1598   3677.23881099086 
 1599   3698.39432437425 
 1600   3707.09491393306 
 1601   3707.37384016301 
 1602   3721.72814815922 
 1603   3767.3571871723 
 1604   3795.32131269605 
 1605   3805.00308902854 
 1606   3791.42799810872 
 1607   3813.11404441844 
 1608   3823.3962632797 
 1609   3841.30444567838 
 1610   3832.07527073524 
 1611   3828.81901845931 
 1612   3848.33289519949 
 1613   3868.91412525592 
 1614   3882.95497171093 
 1615   3904.53769717774 
 1616   3944.41715619698 
 1617   3992.58227645694 
 1618   4030.36598536015 
 1619   4051.96892443467 
 1620   4078.19352442855 
 1621   4111.58875041265 
 1622   4176.21717015633 
 1623   4282.00053202101 
 1624   4359.25650103449 
 1625   4435.21620023992 
 1626   4550.11778067666 
 1627   4680.49329839537 
 1628   4838.28828687004 
 1629   5001.24074325306 
 1630   5155.87302626387 
 1631   5331.95175674343 
 1632   5570.688788347 
 1633   5803.28618587349 
 1634   6049.02236174121 
 1635   6320.57132533252 
 1636   6585.01666242205 
 1637   6806.07433741537 
 1638   6994.99562549818 
 1639   7153.24980701286 
 1640   7254.98904220435 
 1641   7258.3357989407 
 1642   7206.88777402505 
 1643   7127.09333876882 
 1644   6947.18268324883 
 1645   6759.88274723087 
 1646   6541.6166028446 
 1647   6275.91487337983 
 1648   6041.22558624666 
 1649   5804.16545385659 
 1650   5542.94086504529 
 1651   5345.22912419403 
 1652   5196.67396135489 
 1653   5011.92371598687 
 1654   4896.10888587198 
 1655   4783.71024938815 
 1656   4733.52344990243 
 1657   4717.46785818387 
 1658   4691.21262063168 
 1659   4669.58388486579 
 1660   4680.9165271308 
 1661   4670.2962249543 
 1662   4697.33166193818 
 1663   4708.35299322456 
 1664   4710.0184989261 
 1665   4728.52530473032 
 1666   4713.76800662554 
 1667   4724.57160790271 
 1668   4762.48377175164 
 1669   4795.14988486003 
 1670   4811.62495762034 
 1671   4820.03048074008 
 1672   4853.75353929786 
 1673   4901.05741989795 
 1674   4951.51030302981 
 1675   4997.30892537281 
 1676   5036.76726317332 
 1677   5083.98723779205 
 1678   5185.94416196386 
 1679   5250.68527099573 
 1680   5306.13501349214 
 1681   5360.65850763434 
 1682   5422.37511459325 
 1683   5469.48374470381 
 1684   5552.69429351789 
 1685   5566.03100790939 
 1686   5596.51250555207 
 1687   5640.49009040937 
 1688   5661.52247401809 
 1689   5660.95516276999 
 1690   5702.57874884309 
 1691   5679.31065406655 
 1692   5686.33985901096 
 1693   5669.97321132967 
 1694   5663.72147190528 
 1695   5664.35197334888 
 1696   5655.11424438891 
 1697   5605.33565072904 
 1698   5556.16918821985 
 1699   5514.40081662698 
 1700   5448.86685861403 
 1701   5409.29374769685 
 1702   5226.34581126163 
 1703   5839.19265950035 
 1704   6029.7714903084 
 1705   5892.83849089713 
 1706   5838.55172392605 
 1707   5761.64658803395 
 1708   5630.39820384805 
 1709   5654.96073234722 
 1710   4971.7870781338 
 1711   4493.64920915681 
 1712   4467.59813727652 
 1713   4315.07700113946 
 1714   4218.50057694047 
 1715   4143.00934479792 
 1716   4040.23053772277 
 1717   3901.40372049667 
 1718   3765.97130125095 
 1719   3675.91760944885 
 1720   3607.15507670664 
 1721   3527.48515330019 
 1722   3431.11591859031 
 1723   3341.9893617618 
 1724   3269.63034534831 
 1725   3203.09386668626 
 1726   3133.64671220456 
 1727   3051.9889410918 
 1728   2988.90704322782 
 1729   2933.68175568127 
 1730   2885.85818305113 
 1731   2859.5842850435 
 1732   2822.92175797555 
 1733   2765.83874367708 
 1734   2714.75650768169 
 1735   2666.08182905355 
 1736   2638.10582760529 
 1737   2619.77998844906 
 1738   2571.67653968096 
 1739   2544.06205009565 
 1740   2520.33696511563 
 1741   2502.32240598521 
 1742   2467.75786483668 
 1743   2435.7486342136 
 1744   2395.01944850524 
 1745   2327.12235015203 
 1746   2308.0390103659 
 1747   2283.7325204123 
 1748   2257.17278831075 
 1749   2251.35051905366 
 1750   2238.00673600717 
 1751   2212.64202224461 
 1752   2226.36234696844 
 1753   2207.53579468223 
 1754   2184.1858560143 
 1755   2152.59563235327 
 1756   2111.87517415158 
 1757   2073.58269394779 
 1758   2058.3344448112 
 1759   2052.95218279867 
 1760   2023.98084309585 
 1761   2037.81280961207 
 1762   2028.83501680805 
 1763   2022.49522227515 
 1764   2005.42427577086 
 1765   1974.16971966431 
 1766   1960.58667842689 
 1767   1949.29873220195 
 1768   1919.5750649187 
 1769   1900.15383310811 
 1770   1897.60661508533 
 1771   1913.49074443182 
 1772   1911.10967538169 
 1773   1916.96508327038 
 1774   1903.15436447436 
 1775   1879.10092749064 
 1776   1891.26551261556 
 1777   1880.44339467762 
 1778   1860.74662871418 
 1779   1877.75899041427 
 1780   1889.37112808115 
 1781   1915.03193696491 
 1782   1933.63272326265 
 1783   1928.14523141678 
 1784   1907.76752733626 
 1785   1873.94665638328 
 1786   1837.60751521156 
 1787   1806.79375326705 
 1788   1771.97470201234 
 1789   1742.4709610998 
 1790   1743.22539964205 
 1791   1758.33622951002 
 1792   1778.70644460593 
 1793   1789.2722083458 
 1794   1778.90272311527 
 1795   1768.0980168446 
 1796   1753.69199217427 
 1797   1750.61566868991 
 1798   1627.91151900741 
 1799   1549.40057199333 
 1800   1527.34971772842 
 1801   1504.7753186599 
 1802   1494.51514322559 
 1803   1485.28780929925 
 1804   1451.50284484679 
 1805   1541.13633961833 
 1806   1573.67497584383 
 1807   1579.82150985734 
 1808   1597.68027703819 
 1809   1613.54339577946 
 1810   1614.55163875391 
 1811   1614.32901749253 
 1812   1646.98107434934 
 1813   1641.06809832532 
 1814   1618.16324047369 
 1815   1613.13108348719 
 1816   1599.04875795318 
 1817   1610.10031375393 
 1818   1606.42990028096 
 1819   1581.72982691682 
 1820   1577.47090871182 
 1821   1606.44194597789 
 1822   1605.2770518985 
 1823   1605.58693986185 
 1824   1598.23034734573 
 1825   1618.80228257996 
 1826   1639.98846479257 
 1827   1638.71248344379 
 1828   1604.14877003832 
 1829   1576.2810387235 
 1830   1566.01057414886 
 1831   1548.67943863327 
 1832   1513.77897236411 
 1833   1474.64422669684 
 1834   1460.1097427967 
 1835   1456.64131573551 
 1836   1456.75447286744 
 1837   1455.99065932403 
 1838   1444.35833616958 
 1839   1460.51084512905 
 1840   1472.71546985308 
 1841   1467.75254411139 
 1842   1471.19790783624 
 1843   1482.72438987982 
 1844   1495.91973112887 
 1845   1502.80790891825 
 1846   1461.33959639541 
 1847   1442.46808557873 
 1848   1432.20041193903 
 1849   1445.66824122281 
 1850   1427.94930357417 
 1851   1414.26299882341 
 1852   1406.56689854617 
 1853   1409.58740359657 
 1854   1434.58679067702 
 1855   1434.2810124155 
 1856   1428.70891557808 
 1857   1427.65449422915 
 1858   1432.32346652944 
 1859   1429.13668357911 
 1860   1423.28982598164 
 1861   1401.09010159736 
 1862   1399.74386549516 
 1863   1385.43758522656 
 1864   1399.40202580085 
 1865   1400.88714231147 
 1866   1405.67603044265 
 1867   1402.44266083052 
 1868   1390.00530505652 
 1869   1396.30033010617 
 1870   1395.15900916076 
 1871   1392.46940998329 
 1872   1385.51204505834 
 1873   1380.18503820124 
 1874   1406.50189651234 
 1875   1434.79060194784 
 1876   1413.70637953201 
 1877   1381.1941250399 
 1878   1342.33043971882 
 1879   1346.39490618923 
 1880   1347.15581991043 
 1881   1330.72234185929 
 1882   1277.54268589325 
 1883   1313.65965444449 
 1884   1332.12842566625 
 1885   1341.38181810775 
 1886   1327.41399314533 
 1887   1322.01537539671 
 1888   1315.65765277891 
 1889   1334.57260077178 
 1890   1330.83428978418 
 1891   1312.31666846748 
 1892   1287.79289365382 
 1893   1270.71802747699 
 1894   1265.21447330266 
 1895   1258.63893132915 
 1896   1208.11192430594 
 1897   1197.68804620045 
 1898   1213.63202849731 
 1899   1227.04607797578 
 1900   1225.64229940138 
 1901   1205.39173970372 
 1902   1231.62591047282 
 1903   1248.89633242458 
 1904   1223.41883448867 
 1905   1221.14358469467 
 1906   1222.51055779263 
 1907   1196.6261544599 
 1908   1187.93921033223 
 1909   1166.64083820538 
 1910   1152.61706619401 
 1911   1154.76401861843 
 1912   1150.94874824929 
 1913   1155.69827431846 
 1914   1189.43465543437 
 1915   1188.28621127787 
 1916   1192.85953876643 
 1917   1179.57600099171 
 1918   1157.00951169347 
 1919   1122.40240573613 
 1920   1124.54505249763 
 1921   1110.32257305548 
 1922   1107.56754157434 
 1923   2212.23097732607 
 1924   2153.69810839793 
 1925   2187.86223954208 
 1926   2218.00034343338 
 1927   2160.17411378686 
 1928   2278.1653327427 
 1929   1713.24409750323 
 1930   966.663869264503 
 1931   1093.00663693413 
 1932   1002.19000753722 
 1933   1004.15337732857 
 1934   1006.4636762509 
 1935   992.735112658987 
 1936   1012.44886840832 
 1937   1006.0337113494 
 1938   1009.38398464167 
 1939   1035.32759236814 
 1940   991.652496719253 
 1941   977.391549390765 
 1942   968.149804348416 
 1943   954.235572953061 
 1944   954.45157386073 
 1945   948.754059715572 
 1946   951.310465126291 
 1947   1018.26143915263 
 1948   1041.67916797876 
 1949   1022.39676228648 
 1950   1043.58714248099 
 1951   1070.53699754982 
 1952   1073.27398530843 
 1953   1051.6043109374 
 1954   989.404098597583 
 1955   977.833720338166 
 1956   958.218636519991 
 1957   927.692818339339 
 1958   890.718798709956 
 1959   882.160897921094 
 1960   875.891278329729 
 1961   878.170646080141 
 1962   872.201777214352 
 1963   875.824984720899 
 1964   865.355183607624 
 1965   867.133921901411 
 1966   866.455770750628 
 1967   842.555254265355 
 1968   853.498091685967 
 1969   840.04895899216 
 1970   807.215785293607 
 1971   822.575421862552 
 1972   808.657643670646 
 1973   805.527679353843 
 1974   788.458299142706 
 1975   764.962009720214 
 1976   779.903425364408 
 1977   784.642452043472 
 1978   790.86224533657 
 1979   812.216360582515 
 1980   816.852436285969 
 1981   832.406230403648 
 1982   847.550108454956 
 1983   835.470623271103 
 1984   829.115993493514 
 1985   807.239327928507 
 1986   788.696345604519 
 1987   787.482673956305 
 1988   782.209194460733 
 1989   761.729273412922 
 1990   744.145849650709 
 1991   746.724199518392 
 1992   726.265094652815 
 1993   718.026037998196 
 1994   686.512839170828 
 1995   689.995979390651 
 1996   696.236133557751 
 1997   670.559721138417 
 1998   664.012061737396 
 1999   675.540562697665 
 2000   692.942743897182 
 2001   699.68390192091 
 2002   695.849528923149 
 2003   705.166423979675 
 2004   703.330353898153 
 2005   661.875241475752 
 2006   660.318672305732 
 2007   632.301144677448 
 2008   622.405287648245 
 2009   608.849735894325 
 2010   616.540061751882 
 2011   652.591219625515 
 2012   652.142993531666 
 2013   655.331733133797 
 2014   664.00168725489 
 2015   674.78514615341 
 2016   668.1611008022 
 2017   649.493457142415 
 2018   635.224995772131 
 2019   658.890228557607 
 2020   642.338430731142 
 2021   615.683480581739 
 2022   590.602021860992 
 2023   567.669838755381 
 2024   553.725132392917 
 2025   549.126165349416 
 2026   535.437468419437 
 2027   560.405995352731 
 2028   560.030257718624 
 2029   570.251950237795 
 2030   586.718095726978 
 2031   588.279429303976 
 2032   580.8243375062 
 2033   559.686785580166 
 2034   551.890176448918 
 2035   561.326379690934 
 2036   550.005799051436 
 2037   536.086589583231 
 2038   541.162804531196 
 2039   523.770521245602 
 2040   530.320363016055 
 2041   520.062443754398 
 2042   525.981919914616 
 2043   491.287431820318 
 2044   471.893464022977 
 2045   470.583661374943 
 2046   460.869657909343 
 2047   461.748302626864 
 2048   430.398209509967 
 2049   441.213463338306 
 2050   465.967575388586 
 2051   439.621580968696 
 2052   460.630314420979 
 2053   467.544601483457 
 2054   487.087193528404 
 2055   478.043077800251 
 2056   480.153317397672 
 2057   494.82629395134 
 2058   509.563651939246 
 2059   487.088130200309 
 2060   450.577032812932 
 2061   436.773062919942 
 2062   469.81598292242 
 2063   470.9728317166 
 2064   451.824561794116 
 2065   437.851502181557 
 2066   443.391340922141 
 2067   464.464228601892 
 2068   442.927128320794 
 2069   400.515949238586 
 2070   408.350775171874 
 2071   404.936868279688 
 2072   432.185003371027 
 2073   430.336007903415 
 2074   420.444414356783 
 2075   420.174116787846 
 2076   436.610395332381 
 2077   431.488217124478 
 2078   431.236830852338 
 2079   400.742120725847 
 2080   435.113527792769 
 2081   450.700289448656 
 2082   435.171223667614 
 2083   428.514541015221 
 2084   417.405042285436 
 2085   411.239729719813 
 2086   392.437569778434 
 2087   366.747199408648 
 2088   357.816891393128 
 2089   356.12136799584 
 2090   348.483536853712 
 2091   338.964757146703 
 2092   347.573013219089 
 2093   335.044698016203 
 2094   332.191971017485 
 2095   331.897354386772 
 2096   320.441634057962 
 2097   316.754031119768 
 2098   316.350761370584 
 2099   293.344826896153 
 2100   289.138820173201 
 2101   282.14478353593 
 2102   280.660134851105 
 2103   305.405343505536 
 2104   311.374291523779 
 2105   307.700389440204 
 2106   346.304810426261 
 2107   344.267433153782 
 2108   400.298860730833 
 2109   380.195517793891 
 2110   353.702837930919 
 2111   357.59368800124 
 2112   316.667436828994 
 2113   303.214945794021 
 2114   267.758791733984 
 2115   251.436203225234 
 2116   284.69961943979 
 2117   300.336743980815 
 2118   323.119944754459 
 2119   325.130233616828 
 2120   313.816219692862 
 2121   331.347630349018 
 2122   329.097038023719 
 2123   292.022564743232 
 2124   288.192448257859 
 2125   281.360341017679 
 2126   290.70508968804 
 2127   273.109219548214 
 2128   247.855358397484 
 2129   255.979041347829 
 2130   253.917062927892 
 2131   246.469746984225 
 2132   251.894120238885 
 2133   226.812592489574 
 2134   228.281770687346 
 2135   233.175847558054 
 2136   252.753949457429 
 2137   260.712050978308 
 2138   233.790894626658 
 2139   260.900195893014 
 2140   272.705319776494 
 2141   288.846873022268 
 2142   272.170705186576 
 2143   251.215706538667 
 2144   264.985338608346 
 2145   275.859999358002 
 2146   274.722985472073 
 2147   264.664184298103 
 2148   256.734533373116 
 2149   281.49593865315 
 2150   277.533556680893 
 2151   260.52811900671 
 2152   255.660136746585 
 2153   244.459804916494 
 2154   258.674429636684 
 2155   261.148578450598 
 2156   247.280520942238 
 2157   252.837004876941 
 2158   236.675833920392 
 2159   225.216564086473 
 2160   201.433951639728 
 2161   218.079359471023 
 2162   240.024733289955 
 2163   234.834057516166 
 2164   245.558424458923 
 2165   303.389566252263 
 2166   293.751611564193 
 2167   250.340047804396 
 2168   235.31077110955 
 2169   253.241939884085 
 2170   248.695656222193 
 2171   199.343297315998 
 2172   218.509409840294 
 2173   225.802475605158 
 2174   209.817677407749 
 2175   191.538894005221 
 2176   194.485445621307 
 2177   211.878930241219 
 2178   207.675137877737 
 2179   211.405354438768 
 2180   201.392256717836 
 2181   218.624615954859 
 2182   209.354879315487 
 2183   193.543928190215 
 2184   174.711725540799 
 2185   162.832403234967 
 2186   198.20353176366 
 2187   151.779738558253 
 2188   146.830565009278 
 2189   134.375362617456 
 2190   138.392939228785 
 2191   157.66556619046 
 2192   149.19389279872 
 2193   172.779866015245 
 2194   168.378027189083 
 2195   169.363476097405 
 2196   174.636735802073 
 2197   166.543486643163 
 2198   166.867955945602 
 2199   173.028796583103 
 2200   199.62432234549 
 2201   216.125447056146 
 2202   235.213732624074 
 2203   223.555209811101 
 2204   225.181981250704 
 2205   220.208740058498 
 2206   207.906452429285 
 2207   196.065426803298 
 2208   197.013739329965 
 2209   214.258082769987 
 2210   193.21268503854 
 2211   208.428833702024 
 2212   208.467506531821 
 2213   229.139461186545 
 2214   201.400949105831 
 2215   172.323646885442 
 2216   172.311404621015 
 2217   143.422167597044 
 2218   128.619388318474 
 2219   114.879959520826 
 2220   130.238013176808 
 2221   146.180877470643 
 2222   159.23606755796 
 2223   161.355332248986 
 2224   168.351533082794 
 2225   154.806004775006 
 2226   152.558677820172 
 2227   144.249156054902 
 2228   138.760911779753 
 2229   163.3316210528 
 2230   169.756740470808 
 2231   181.160358802103 
 2232   174.530425094677 
 2233   218.49941233945 
 2234   230.66880617334 
 2235   216.970758489789 
 2236   204.747547290148 
 2237   195.415967441627 
 2238   185.607765851174 
 2239   133.911133476682 
 2240   96.491049230633 
 2241   93.8052519569706 
 2242   98.8983209407962 
 2243   132.02022503677 
 2244   146.733299171937 
 2245   154.811502977617 
 2246   159.274427160193 
 2247   161.664866078734 
 2248   145.220783522053 
 2249   124.988867247969 
 2250   128.285447535076 
 2251   127.590774890961 
 2252   147.433221118603 
 2253   124.014550935977 
 2254   132.075303975293 
 2255   117.495357536966 
 2256   113.012194490302 
 2257   134.330278333624 
 2258   134.579262554528 
 2259   159.028142668334 
 2260   157.909455886588 
 2261   165.897005757101 
 2262   180.585216010342 
 2263   177.689448077821 
 2264   206.566766844029 
 2265   204.486636075958 
 2266   204.032917295827 
 2267   193.700898974334 
 2268   164.289364922271 
 2269   151.810485784384 
 2270   110.788491134286 
 2271   92.8606695703945 
 2272   96.4746539890076 
 2273   113.166821093052 
 2274   117.73494846998 
 2275   99.8755806722713 
 2276   126.437172875778 
 2277   143.340663911436 
 2278   154.455806119117 
 2279   142.092457379874 
 2280   115.951929694095 
 2281   135.057075619595 
 2282   104.045827861656 
 2283   107.963486918881 
 2284   72.3368811452204 
 2285   72.6796107331403 
 2286   83.3823481838936 
 2287   94.3097597442207 
 2288   99.5558418407856 
 2289   94.1645523240553 
 2290   103.016639908901 
 2291   118.227063145201 
 2292   117.653005916607 
 2293   133.827468873392 
 2294   144.05168926508 
 2295   155.024186466578 
 2296   180.117527391836 
 2297   187.875737081049 
 2298   200.594785649163 
 2299   170.121030732294 
 2300   170.74026952574 
 2301   160.047044744498 
 2302   142.142546558504 
 2303   124.566994021227 
 2304   94.2508993470622 
 2305   90.7761498931139 
 2306   75.2521503900131 
 2307   73.3576701114547 
 2308   82.989791628544 
 2309   85.4364705736955 
 2310   112.55673722322 
 2311   123.32384917585 
 2312   145.439624638212 
 2313   124.110008412817 
 2314   118.108599689538 
 2315   107.42920798811 
 2316   76.3825084874871 
 2317   60.6953256891076 
 2318   54.1269656775432 
 2319   73.7210538975661 
 2320   76.4873993905335 
 2321   118.788853084214 
 2322   151.932900995016 
 2323   155.423532039729 
 2324   122.882314484975 
 2325   157.999411116185 
 2326   140.810165403481 
 2327   140.707892779664 
 2328   148.06439246643 
 2329   154.417208649198 
 2330   186.069678387842 
 2331   143.084563937056 
 2332   146.246412185926 
 2333   92.8660228162989 
 2334   86.2968663555908 
 2335   106.089940070426 
 2336   93.1953776406692 
 2337   83.7725003481153 
 2338   93.5306996061038 
 2339   130.64418402985 
