01-19-2020  16:09:43
Wavenumber (cm-1)  CCD Output
 251   1204.34778462878 
 252   1219.20603041403 
 253   1225.22517784673 
 254   1225.82408748557 
 255   1259.96986380407 
 256   1314.25469862817 
 257   1334.58643854821 
 258   1353.0348049598 
 259   1382.99349441724 
 260   1394.97855916635 
 261   1406.75712626169 
 262   1433.55302680916 
 263   1463.47879401089 
 264   1488.5453003324 
 265   1499.08584441371 
 266   1483.03583410186 
 267   1465.11467681786 
 268   1463.02421430605 
 269   1448.66959457553 
 270   1434.9767063735 
 271   1444.30796350482 
 272   1458.59994986308 
 273   1464.2736052355 
 274   1461.47685784079 
 275   1467.95470699464 
 276   1487.48695463909 
 277   1509.54567571169 
 278   1521.48924639221 
 279   1533.73680841348 
 280   1567.53672805798 
 281   1605.25265692062 
 282   1626.60634722071 
 283   1627.6368115354 
 284   1644.54971245119 
 285   1687.28313967054 
 286   1725.48452925192 
 287   1746.60000293724 
 288   1766.96235294516 
 289   1820.50942116106 
 290   1870.91132344622 
 291   1887.23663786504 
 292   1888.5280744071 
 293   1910.06903725348 
 294   1952.18066068222 
 295   1959.50011102908 
 296   1962.39617849828 
 297   1992.82059611937 
 298   2009.60365625043 
 299   2007.32502853098 
 300   2000.60589318927 
 301   1997.29798311612 
 302   2001.13422477938 
 303   2006.41685313844 
 304   1993.46343252722 
 305   1979.17120514851 
 306   1979.2866925712 
 307   1949.4710403228 
 308   1908.48319633891 
 309   1897.4238234559 
 310   1881.2914123419 
 311   1855.74586942654 
 312   1840.20800795379 
 313   1825.51523256294 
 314   1805.36288843258 
 315   1783.50898744525 
 316   1773.15027225993 
 317   1770.30352999902 
 318   1759.21507832444 
 319   1741.67243800784 
 320   1725.21512564243 
 321   1717.44298269628 
 322   1719.84975197388 
 323   1728.21877430997 
 324   1737.15073802294 
 325   1752.91242703916 
 326   1772.80667884137 
 327   1785.27042228791 
 328   1794.05449904032 
 329   1809.93712844997 
 330   1840.95019678683 
 331   1869.83729237802 
 332   1890.513384585 
 333   1915.5343183289 
 334   1947.61764783545 
 335   1985.35696631307 
 336   2024.99426404051 
 337   2057.58221307877 
 338   2111.05757366551 
 339   2232.50594199657 
 340   2335.1420795597 
 341   2388.21791745954 
 342   2466.39424971405 
 343   2559.62742497363 
 344   2651.46241173712 
 345   2753.39090441308 
 346   2870.13490780583 
 347   2996.61585181076 
 348   3120.31019412195 
 349   3236.54874523149 
 350   3358.94107625767 
 351   3515.0929644543 
 352   3701.48086394961 
 353   3893.56678224017 
 354   4061.26992412911 
 355   4214.48289930195 
 356   4368.1646949112 
 357   4518.71884440066 
 358   4623.00477710638 
 359   4683.26900228077 
 360   4755.81076886198 
 361   4799.2070683677 
 362   4785.60377837696 
 363   4743.33128589913 
 364   4692.22935298065 
 365   4638.84574082014 
 366   4575.46673263144 
 367   4481.37769990881 
 368   4359.1344707934 
 369   4240.21002471775 
 370   4141.82565309146 
 371   4074.05049562376 
 372   4035.44142176993 
 373   3986.05483568605 
 374   3922.54345196503 
 375   3883.79827473257 
 376   3866.57471424228 
 377   3883.92802211978 
 378   3962.68186250031 
 379   4065.148266604 
 380   4184.61525645232 
 381   4348.79614680804 
 382   4534.64057247548 
 383   4741.39886234162 
 384   4989.88299902177 
 385   5259.59107831927 
 386   5538.70369842606 
 387   5829.53021962036 
 388   6126.45908051401 
 389   6414.0303024788 
 390   6677.8304668886 
 391   6926.26545270914 
 392   7152.02728752644 
 393   7335.55743741793 
 394   7466.96591747507 
 395   7537.23503369391 
 396   7541.70158858821 
 397   7487.81331229854 
 398   7373.25103234683 
 399   7201.23437184917 
 400   7002.26026253808 
 401   6766.01734968488 
 402   6473.52906003459 
 403   6145.01843741017 
 404   5802.63894835998 
 405   5466.04654649989 
 406   5149.80408197375 
 407   4838.92423128103 
 408   4523.91738926923 
 409   4227.41377847679 
 410   3957.86034579696 
 411   3710.38656596189 
 412   3475.48632100804 
 413   3268.91295821873 
 414   3099.90686950651 
 415   2954.42910255465 
 416   2816.25844500392 
 417   2696.46394517909 
 418   2625.08029154451 
 419   2564.88490793813 
 420   2491.84516788925 
 421   2419.20610420086 
 422   2363.75367746835 
 423   2325.13366733595 
 424   2288.92464263787 
 425   2250.18704689043 
 426   2214.10871228423 
 427   2184.17576739525 
 428   2142.31071064572 
 429   2105.54280703825 
 430   2096.2282554414 
 431   2082.65025132286 
 432   2062.6265062616 
 433   2047.25595462382 
 434   2028.08279525855 
 435   2015.95217305927 
 436   2014.93223369925 
 437   2001.99014146731 
 438   1996.60515680804 
 439   2002.31689669434 
 440   1979.98055794285 
 441   1964.54500220243 
 442   1968.68384486597 
 443   1951.80424022985 
 444   1935.67990504976 
 445   1926.8680586143 
 446   1904.02086872373 
 447   1887.14938353236 
 448   1872.73524995219 
 449   1842.99043433854 
 450   1831.76896592559 
 451   1831.69696580685 
 452   1818.25741388243 
 453   1821.29955773245 
 454   1831.9198047322 
 455   1829.22593839362 
 456   1828.70707457609 
 457   1832.20161483288 
 458   1836.30181145464 
 459   1843.27808029953 
 460   1845.20033512712 
 461   1836.58087321941 
 462   1824.45467755586 
 463   1829.74213627002 
 464   1846.51190209086 
 465   1842.82588227276 
 466   1825.14955751143 
 467   1811.56275567267 
 468   1812.74976555427 
 469   1813.0407957181 
 470   1805.79783235135 
 471   1799.12669366534 
 472   1807.00634447716 
 473   1798.79509067768 
 474   1759.77796453053 
 475   1748.98975663284 
 476   1759.66912081457 
 477   1768.03469883997 
 478   1775.31478237778 
 479   1774.84822951179 
 480   1770.36108380705 
 481   1771.77716466923 
 482   1746.84238703799 
 483   1714.82005559142 
 484   1726.21819845458 
 485   1742.65010362191 
 486   1735.66351342494 
 487   1711.49973820232 
 488   1705.4753823799 
 489   1711.03588872843 
 490   1709.27179990941 
 491   1708.36667959757 
 492   1728.17421527962 
 493   1759.16754692538 
 494   1757.19262970185 
 495   1737.76621647419 
 496   1729.12270830576 
 497   1741.69682190267 
 498   1750.7079711423 
 499   1751.67805027599 
 500   1756.37730029155 
 501   1758.50849335874 
 502   1757.54300595461 
 503   1756.61021423225 
 504   1755.23674772471 
 505   1753.44565318973 
 506   1759.46232955265 
 507   1783.19711421761 
 508   1785.2702546964 
 509   1768.05270535093 
 510   1781.25203132755 
 511   1812.7756557803 
 512   1841.02260917129 
 513   1862.05245390333 
 514   1902.48900674422 
 515   1952.62655062318 
 516   1995.62478108445 
 517   2048.54906054682 
 518   2130.28370467991 
 519   2227.86381707796 
 520   2301.29843773541 
 521   2384.50774170276 
 522   2496.65828983674 
 523   2626.44359750841 
 524   2787.06742948601 
 525   2977.68303672416 
 526   3180.32610884313 
 527   3374.43209612604 
 528   3574.09817648066 
 529   3798.67527704928 
 530   4042.11305449455 
 531   4274.4439799223 
 532   4483.36309247123 
 533   4676.22709152326 
 534   4823.94137938821 
 535   4925.33299432743 
 536   5006.8950301297 
 537   5083.12824963627 
 538   5129.22549193338 
 539   5119.7968691831 
 540   5068.60266982491 
 541   4997.57751745546 
 542   4914.30321151798 
 543   4808.96556586002 
 544   4683.20306210424 
 545   4550.99361791328 
 546   4420.96866939448 
 547   4267.57768967125 
 548   4087.47182625301 
 549   3902.74073247385 
 550   3742.11738648432 
 551   3577.70278393888 
 552   3404.40138332207 
 553   3262.13019752117 
 554   3133.35544111943 
 555   2995.34454347828 
 556   2850.16663438455 
 557   2736.45377565751 
 558   2647.74550778363 
 559   2559.70715966644 
 560   2471.6257452571 
 561   2391.85639651316 
 562   2327.45132298143 
 563   2277.29922304384 
 564   2228.47836807709 
 565   2197.46241196321 
 566   2201.40496124147 
 567   2198.67731535583 
 568   2181.6881233435 
 569   2176.71707681271 
 570   2216.13285213084 
 571   2273.1769766625 
 572   2329.84318711726 
 573   2400.06124691116 
 574   2497.887578553 
 575   2613.45699714511 
 576   2736.36691613766 
 577   2888.41187106643 
 578   3079.03559333616 
 579   3296.06518401857 
 580   3516.85942388431 
 581   3756.14014958386 
 582   4015.69546572095 
 583   4278.51000885842 
 584   4533.99204828473 
 585   4775.25733426558 
 586   4995.73283793796 
 587   5191.85671212627 
 588   5385.55419721921 
 589   5547.93227295741 
 590   5628.64973444424 
 591   5711.91220735524 
 592   5773.39849670954 
 593   5750.87947156548 
 594   5693.25292132342 
 595   5617.61011106868 
 596   5508.60404395814 
 597   5347.02600075462 
 598   5161.49663278936 
 599   4961.32011933682 
 600   4729.92135947822 
 601   4456.24028562729 
 602   4181.64247919409 
 603   3929.50027486556 
 604   3667.95680308326 
 605   3403.39530950702 
 606   3157.00389405929 
 607   2938.00208913365 
 608   2723.07491144847 
 609   2530.98982528788 
 610   2385.21663059722 
 611   2272.86755542233 
 612   2174.43522005011 
 613   2090.4233211228 
 614   2030.78367704987 
 615   1975.04030097939 
 616   1927.72757634447 
 617   1897.47227000272 
 618   1871.86506461287 
 619   1857.41426872799 
 620   1845.54572401603 
 621   1820.3404298763 
 622   1810.74778355088 
 623   1802.99869728134 
 624   1783.33530633037 
 625   1785.31268493271 
 626   1788.00536375202 
 627   1781.18473267729 
 628   1778.23758411434 
 629   1763.54712237647 
 630   1757.96337577854 
 631   1773.39589506162 
 632   1771.05419813787 
 633   1779.7977241357 
 634   1805.46915728359 
 635   1818.57715680746 
 636   1837.04980779513 
 637   1869.75653660386 
 638   1909.01448077039 
 639   1942.89165238182 
 640   1983.38755299387 
 641   2034.33916730506 
 642   2085.15081359674 
 643   2131.89802019475 
 644   2180.20945092109 
 645   2233.61557663931 
 646   2286.56986501144 
 647   2342.24731431587 
 648   2402.43889178135 
 649   2460.23769615887 
 650   2499.48813251023 
 651   2528.30990828274 
 652   2560.59069819898 
 653   2594.48104898954 
 654   2609.88745598477 
 655   2619.10692241908 
 656   2641.08832174336 
 657   2642.99362412208 
 658   2611.78622437551 
 659   2567.93279944145 
 660   2543.25014852796 
 661   2514.38717974652 
 662   2470.41019261184 
 663   2416.09357616168 
 664   2351.36730861299 
 665   2277.65904058385 
 666   2198.16608095017 
 667   2123.28013673422 
 668   2077.2560491994 
 669   2035.09144449184 
 670   1973.08219100311 
 671   1913.98485078552 
 672   1857.17974849915 
 673   1821.8647991707 
 674   1818.97986385458 
 675   1789.00721886779 
 676   1751.37571006689 
 677   1729.73107615988 
 678   1703.58616970843 
 679   1672.95037182447 
 680   1629.81645727336 
 681   1582.28359770883 
 682   1571.23189026652 
 683   1550.24550485242 
 684   1516.5504420517 
 685   1512.97518744971 
 686   1498.37437586414 
 687   1476.55492590545 
 688   1467.46268233311 
 689   1470.90751712009 
 690   1497.50934852013 
 691   1523.72819455153 
 692   1526.91708443302 
 693   1537.9620306281 
 694   1548.63732365081 
 695   1551.23158481816 
 696   1555.58000616969 
 697   1564.91669221832 
 698   1578.00366397868 
 699   1590.84072535141 
 700   1598.04944427964 
 701   1596.23362595665 
 702   1601.25387874307 
 703   1621.03857315813 
 704   1626.9186765833 
 705   1637.2862012419 
 706   1652.5545098081 
 707   1652.51129494658 
 708   1663.85700282464 
 709   1680.62401767256 
 710   1689.48900517075 
 711   1694.86084657368 
 712   1694.63089449303 
 713   1700.26842069694 
 714   1720.27841246187 
 715   1739.98779794188 
 716   1755.83137356545 
 717   1762.07696225111 
 718   1752.70108603538 
 719   1738.81043268795 
 720   1749.55943508626 
 721   1778.12412323508 
 722   1788.54035991549 
 723   1811.57318928377 
 724   1836.14886428455 
 725   1845.51646135589 
 726   1859.15214608438 
 727   1871.98547906765 
 728   1893.86968075717 
 729   1924.60051462578 
 730   1923.49735235913 
 731   1917.82096792024 
 732   1910.25891699336 
 733   1884.36710067639 
 734   1887.03256740925 
 735   1899.81515059242 
 736   1898.54093754576 
 737   1895.43558618263 
 738   1906.45482213377 
 739   1915.4455896882 
 740   1909.46436074996 
 741   1908.31994845235 
 742   1933.06364356646 
 743   1958.7689005331 
 744   1961.82944519786 
 745   1971.75397211336 
 746   1990.33369892157 
 747   2012.27147500976 
 748   2033.74378859442 
 749   2051.4776691768 
 750   2084.44543498404 
 751   2121.54783643915 
 752   2131.38174527566 
 753   2133.36270077789 
 754   2169.32873240564 
 755   2228.31152197942 
 756   2263.03859060861 
 757   2321.86088988168 
 758   2383.78313581358 
 759   2431.32122314145 
 760   2499.27455119503 
 761   2555.33476875577 
 762   2623.27385915595 
 763   2723.81183649913 
 764   2814.4260395468 
 765   2915.99779400516 
 766   3020.14485011927 
 767   3126.96479095987 
 768   3293.06114898263 
 769   3465.5601361773 
 770   3647.02628656467 
 771   3876.02111047224 
 772   4118.33240653282 
 773   4394.22927325746 
 774   4690.76077600614 
 775   4991.75835637278 
 776   5370.86931696743 
 777   5763.80774503592 
 778   6167.49205727463 
 779   6659.51396277485 
 780   7208.71261659799 
 781   7810.12508001441 
 782   8465.21103193414 
 783   9181.24264807749 
 784   10014.7074539699 
 785   10950.3908301083 
 786   11964.5367920149 
 787   13068.2351255601 
 788   14265.4863135251 
 789   15559.8570206658 
 790   17008.3774448706 
 791   18648.8743584392 
 792   20273.4044717792 
 793   21989.4405547823 
 794   23885.1369570116 
 795   25787.1564771186 
 796   27664.7141531668 
 797   29494.016009603 
 798   31184.3386481081 
 799   32601.0209437766 
 800   33707.4193430738 
 801   34517.5049992336 
 802   34975.2149516874 
 803   34947.3246054249 
 804   34480.0415676134 
 805   33641.6710639582 
 806   32446.2109076211 
 807   30894.2222394907 
 808   29151.2614132455 
 809   27298.1155273749 
 810   25344.9552890618 
 811   23334.0013352914 
 812   21374.4044000558 
 813   19524.7942958559 
 814   17797.6842796911 
 815   16208.464844361 
 816   14799.0146834101 
 817   13535.9113655374 
 818   12409.5342365459 
 819   11472.7191419178 
 820   10611.5771578822 
 821   9797.17574433086 
 822   9052.63683221449 
 823   8366.94212537632 
 824   7737.84461331011 
 825   7172.11217692376 
 826   6634.03234789122 
 827   6081.6120760062 
 828   5646.81342156885 
 829   5261.18996334414 
 830   4851.93936941019 
 831   4498.83491178461 
 832   4211.60601750885 
 833   3948.36132162624 
 834   3699.38074307801 
 835   3498.48829339337 
 836   3320.8916235029 
 837   3137.96487936966 
 838   2958.25947860074 
 839   2816.7173503415 
 840   2710.55121453517 
 841   2602.17058837015 
 842   2497.09515621793 
 843   2424.54197653162 
 844   2333.95891581003 
 845   2243.90561747509 
 846   2184.31503874419 
 847   2151.34706312794 
 848   2118.77950852643 
 849   2078.43254371694 
 850   2038.57457340989 
 851   2003.94347347923 
 852   1960.02869486544 
 853   1908.8982444666 
 854   1873.20443595466 
 855   1857.38408686196 
 856   1825.1665779066 
 857   1791.0988025306 
 858   1757.68769596774 
 859   1724.53671175054 
 860   1707.11557674423 
 861   1685.53745713414 
 862   1663.77184798084 
 863   1645.80662694964 
 864   1618.16946736383 
 865   1595.69533224931 
 866   1573.05150422131 
 867   1552.38117079192 
 868   1544.43762056483 
 869   1524.78348892026 
 870   1524.23728580384 
 871   1541.9706451707 
 872   1542.99879946653 
 873   1542.31015915762 
 874   1530.86244851701 
 875   1514.71710738672 
 876   1509.74710942386 
 877   1509.05949622094 
 878   1507.64950562422 
 879   1497.87116997836 
 880   1480.88099642385 
 881   1471.23451863324 
 882   1467.47920562199 
 883   1468.03131942133 
 884   1473.35019527198 
 885   1476.58695182032 
 886   1456.97123804041 
 887   1439.53855456546 
 888   1438.97672727476 
 889   1439.08324166692 
 890   1431.5004310361 
 891   1419.58166109907 
 892   1422.98988576336 
 893   1441.68613072327 
 894   1437.19710137007 
 895   1436.10173691431 
 896   1446.09621643541 
 897   1451.66151052618 
 898   1449.92274656646 
 899   1463.83742898619 
 900   1463.1109320992 
 901   1438.93836339651 
 902   1424.92100342408 
 903   1420.82494116345 
 904   1436.25164975983 
 905   1449.34416933274 
 906   1438.70452093907 
 907   1436.36119403412 
 908   1441.6993591043 
 909   1456.14858284769 
 910   1472.85980573452 
 911   1475.83866685509 
 912   1491.90836831727 
 913   1513.10261691692 
 914   1532.42951294625 
 915   1560.88995896911 
 916   1591.7985397875 
 917   1603.5510894469 
 918   1621.51985169579 
 919   1666.02905273437 
 920   1691.20168498031 
 921   1700.38864522695 
 922   1720.55782058693 
 923   1757.15668609122 
 924   1791.47807248568 
 925   1832.09446620724 
 926   1895.65856858692 
 927   1964.26702658034 
 928   2017.47941368605 
 929   2091.20924721471 
 930   2208.60415800513 
 931   2327.06956429398 
 932   2434.64249777984 
 933   2595.04892735532 
 934   2805.52655217304 
 935   3030.77516588297 
 936   3277.80293834102 
 937   3582.07769701024 
 938   3926.45991307207 
 939   4256.83242669851 
 940   4587.91723914461 
 941   4946.54122875056 
 942   5300.2826866094 
 943   5622.35642283668 
 944   5917.12945051097 
 945   6181.07549638629 
 946   6386.34451493336 
 947   6511.6541252899 
 948   6593.44967092722 
 949   6646.74431011411 
 950   6635.17688872817 
 951   6518.50956122049 
 952   6347.42988206476 
 953   6155.71654649659 
 954   5923.46777471835 
 955   5635.46101799073 
 956   5344.62660733386 
 957   5052.74692335543 
 958   4751.84451339527 
 959   4457.82721158422 
 960   4191.81881212796 
 961   3925.46668104257 
 962   3658.87799427094 
 963   3423.28093629877 
 964   3231.32954747294 
 965   3049.18455097298 
 966   2877.97452194146 
 967   2701.76095779036 
 968   2537.78124376499 
 969   2426.70713155496 
 970   2337.00087457875 
 971   2245.66663080281 
 972   2150.87999099259 
 973   2065.45447665643 
 974   2000.74499336134 
 975   1948.03404817384 
 976   1922.21436891647 
 977   1909.30893219247 
 978   1874.54545134529 
 979   1824.85212554809 
 980   1794.09091713867 
 981   1784.24612366663 
 982   1782.1311984434 
 983   1782.77200885435 
 984   1780.92594489869 
 985   1772.69670319192 
 986   1770.00676355948 
 987   1786.48848736543 
 988   1816.57390105347 
 989   1843.98495666975 
 990   1890.86088175913 
 991   1951.22976226046 
 992   2012.2803427855 
 993   2106.88018600854 
 994   2218.15281018182 
 995   2354.94640473118 
 996   2523.85061712368 
 997   2731.67504415909 
 998   3014.63888792046 
 999   3310.66098707335 
 1000   3639.3117080222 
 1001   4026.08150542403 
 1002   4439.03704328582 
 1003   4890.68645078098 
 1004   5320.46214263642 
 1005   5723.14707367411 
 1006   6097.94420593596 
 1007   6387.91240724613 
 1008   6605.68079556867 
 1009   6732.2909633445 
 1010   6733.88949886292 
 1011   6604.54406599898 
 1012   6372.45757356273 
 1013   6048.44610806182 
 1014   5646.90374229219 
 1015   5202.79616380935 
 1016   4751.99794976497 
 1017   4300.90464891448 
 1018   3850.63981692693 
 1019   3460.33645883927 
 1020   3102.03435778926 
 1021   2746.73056551681 
 1022   2531.14373598041 
 1023   2341.12309067195 
 1024   2153.57088425426 
 1025   1998.51646651986 
 1026   1870.3786770779 
 1027   1777.18569357366 
 1028   1724.52947921014 
 1029   1715.13276256704 
 1030   1730.62414665385 
 1031   1740.71155701554 
 1032   1742.47055693082 
 1033   1747.20618233615 
 1034   1762.88695200887 
 1035   1774.29817541391 
 1036   1774.71486662345 
 1037   1795.31953626425 
 1038   1733.00553844228 
 1039   1710.78224837226 
 1040   1784.32991598109 
 1041   1816.84440972624 
 1042   1867.47278909994 
 1043   1930.10304815677 
 1044   1980.40782388885 
 1045   2013.89670756466 
 1046   2034.21697448509 
 1047   2032.14357451322 
 1048   2006.26548911566 
 1049   1970.60542862445 
 1050   1931.59236597079 
 1051   1875.24880372094 
 1052   1794.93151642278 
 1053   1737.78560614441 
 1054   1687.79015698075 
 1055   1630.8686729229 
 1056   1590.1135839401 
 1057   1556.71744287696 
 1058   1541.62164020667 
 1059   1508.10378476106 
 1060   1453.96874664996 
 1061   1417.96709439935 
 1062   1386.67212103811 
 1063   1360.15887263912 
 1064   1343.5045156799 
 1065   1325.97484292675 
 1066   1303.77865930168 
 1067   1299.71181639097 
 1068   1292.79136408374 
 1069   1301.40701473118 
 1070   1323.75882187532 
 1071   1334.31893865763 
 1072   1335.88141791978 
 1073   1338.51868681978 
 1074   1344.90825507533 
 1075   1342.34111806195 
 1076   1332.71472759469 
 1077   1336.17041174405 
 1078   1331.49402448109 
 1079   1323.38000170416 
 1080   1322.95092727891 
 1081   1323.8406006284 
 1082   1316.08168757592 
 1083   1315.31062048963 
 1084   1311.76229966203 
 1085   1306.3850416217 
 1086   1306.09578370995 
 1087   1306.95956731613 
 1088   1301.3335118924 
 1089   1301.20776704145 
 1090   1320.02240777708 
 1091   1330.71375251571 
 1092   1313.02120327583 
 1093   1305.76302507947 
 1094   1312.90974187936 
 1095   1333.28331037193 
 1096   1350.95720564765 
 1097   1352.88248482567 
 1098   1345.29269299431 
 1099   1333.41494120792 
 1100   1332.64271555691 
 1101   1345.96790599809 
 1102   1349.03797663446 
 1103   1323.11615237579 
 1104   1297.0932121387 
 1105   1288.63663264921 
 1106   1282.44869596095 
 1107   1274.00726373566 
 1108   1275.25829323577 
 1109   1285.55791280384 
 1110   1296.10191493468 
 1111   1320.93787784987 
 1112   1332.92854218356 
 1113   1328.83408659801 
 1114   1344.77455973543 
 1115   1353.24880823283 
 1116   1346.173951051 
 1117   1354.08563522001 
 1118   1354.48866631324 
 1119   1323.62000429203 
 1120   1317.16344000238 
 1121   1322.38483049951 
 1122   1315.06610932374 
 1123   1319.44644992709 
 1124   1338.01799888646 
 1125   1332.61401427076 
 1126   1321.24344794214 
 1127   1326.2592852994 
 1128   1332.19010938976 
 1129   1331.75019537383 
 1130   1336.0282814511 
 1131   1344.26975987971 
 1132   1348.56053574479 
 1133   1351.81688287961 
 1134   1350.57033977324 
 1135   1360.59276876761 
 1136   1392.50323900502 
 1137   1405.98133969291 
 1138   1412.17232189895 
 1139   1411.61011148256 
 1140   1394.3246839042 
 1141   1376.86629340142 
 1142   1389.84772680121 
 1143   1411.16275826395 
 1144   1412.23887746535 
 1145   1406.33304106481 
 1146   1416.62363466128 
 1147   1442.02688850979 
 1148   1468.99110769913 
 1149   1503.53407693467 
 1150   1536.51243781 
 1151   1547.53092180672 
 1152   1548.58133822709 
 1153   1570.70625740872 
 1154   1602.213366544 
 1155   1612.48103554433 
 1156   1623.94225057181 
 1157   1645.5496847902 
 1158   1662.98812827512 
 1159   1678.85509274633 
 1160   1712.31511475675 
 1161   1743.16549314279 
 1162   1777.58590277921 
 1163   1829.47326237271 
 1164   1875.70088518911 
 1165   1892.02856274415 
 1166   1923.69662234198 
 1167   1950.34426000866 
 1168   1982.10283165622 
 1169   2008.88859897342 
 1170   2028.31926347938 
 1171   2058.90074912548 
 1172   2049.39791054826 
 1173   2086.54950959452 
 1174   2131.32248971492 
 1175   2153.82486902678 
 1176   2174.57443755115 
 1177   2181.56178630504 
 1178   2193.75304869949 
 1179   2183.11552237738 
 1180   2197.68874227935 
 1181   2224.25656186326 
 1182   2218.54126408297 
 1183   2220.020811404 
 1184   2228.07544535262 
 1185   2215.55361575568 
 1186   2211.75468975095 
 1187   2218.98275796297 
 1188   2227.03723926822 
 1189   2251.94966595981 
 1190   2256.01422375814 
 1191   2278.85073576804 
 1192   2293.77822451569 
 1193   2305.95966819549 
 1194   2331.4831174589 
 1195   2340.92806939033 
 1196   2360.25528596487 
 1197   2374.37366061769 
 1198   2385.71796372463 
 1199   2396.72145370365 
 1200   2406.0451946559 
 1201   2418.19190535361 
 1202   2433.34216298611 
 1203   2460.52259844527 
 1204   2472.99771674969 
 1205   2463.07490295998 
 1206   2443.37181264339 
 1207   2417.33128810944 
 1208   2390.09640622835 
 1209   2385.00790281032 
 1210   2377.99997420448 
 1211   2356.63840267545 
 1212   2335.86123800352 
 1213   2311.58454896634 
 1214   2269.44746394022 
 1215   2269.64362259583 
 1216   2285.43012891612 
 1217   2268.93457528892 
 1218   2239.32436165733 
 1219   2223.44617221629 
 1220   2203.18488310533 
 1221   2200.42875718828 
 1222   2223.59917259455 
 1223   2225.54387080924 
 1224   2197.64118005661 
 1225   2183.0955987078 
 1226   2198.4924636907 
 1227   2209.72908470504 
 1228   2221.35393213365 
 1229   2212.43461298967 
 1230   2188.8551152224 
 1231   2185.12728135735 
 1232   2191.27090188192 
 1233   2170.78537190178 
 1234   2174.85941524405 
 1235   2164.49868817029 
 1236   2153.75075952921 
 1237   2167.92445146035 
 1238   2183.99904369021 
 1239   2181.61749995445 
 1240   2193.54479907907 
 1241   2211.44650617204 
 1242   2217.91412625344 
 1243   2228.56403894865 
 1244   2233.51767039491 
 1245   2226.41412110571 
 1246   2238.35508946564 
 1247   2253.91961062049 
 1248   2260.43258308703 
 1249   2278.81845671167 
 1250   2303.80795711404 
 1251   2334.91742029015 
 1252   2374.9818461197 
 1253   2399.67465099959 
 1254   2426.87032405872 
 1255   2471.82897194504 
 1256   2523.98542956452 
 1257   2561.96889905151 
 1258   2585.5665108333 
 1259   2602.37529827502 
 1260   2611.14369705762 
 1261   2646.72458894113 
 1262   2665.26480479531 
 1263   2695.68409331474 
 1264   2723.2901028951 
 1265   2739.76117916357 
 1266   2797.34095963571 
 1267   2872.67230881434 
 1268   2935.02539214888 
 1269   2988.53783146387 
 1270   3059.13608403268 
 1271   3126.68602781054 
 1272   3179.13063225427 
 1273   3238.0064618698 
 1274   3280.67497347045 
 1275   3316.88948635873 
 1276   3338.69860551523 
 1277   3394.80219664511 
 1278   3445.64190290121 
 1279   3464.73244625863 
 1280   3518.58280288432 
 1281   3586.49457726704 
 1282   3659.59405945971 
 1283   3719.46090399094 
 1284   3812.2204855787 
 1285   3886.19680246042 
 1286   3931.98773581589 
 1287   4017.47373325677 
 1288   4064.9888130134 
 1289   4088.90172771677 
 1290   4126.35371112747 
 1291   4175.69489676426 
 1292   4225.95174443101 
 1293   4284.69071733976 
 1294   4352.05793497944 
 1295   4406.68355148962 
 1296   4461.4371444016 
 1297   4545.65581438885 
 1298   4625.7473543453 
 1299   4703.54766376014 
 1300   4762.13471631928 
 1301   4793.06778410043 
 1302   4844.03341219852 
 1303   4885.19269376451 
 1304   4919.05929012308 
 1305   4930.64204096918 
 1306   4959.42930861432 
 1307   4983.65574262621 
 1308   4992.72150829384 
 1309   5023.57780128351 
 1310   5033.08431703214 
 1311   5069.37153799634 
 1312   5113.48305425875 
 1313   5158.52709207663 
 1314   5186.67211431446 
 1315   5188.04131506695 
 1316   5184.59154894884 
 1317   5206.68251116127 
 1318   5261.52173140353 
 1319   5278.48387655777 
 1320   5266.27801701204 
 1321   5254.38196471839 
 1322   5238.55164935892 
 1323   5238.71973130826 
 1324   5266.13100589736 
 1325   5253.72680549746 
 1326   5198.13759469665 
 1327   5121.68218751883 
 1328   5087.93437617578 
 1329   5071.71576846481 
 1330   5024.98687628724 
 1331   4969.10961115701 
 1332   4909.46920209207 
 1333   4805.77142682333 
 1334   4753.50836342494 
 1335   4701.23710765315 
 1336   4629.64340312723 
 1337   4542.75804105756 
 1338   4525.73355094659 
 1339   4343.3705016478 
 1340   3897.59892195372 
 1341   3880.0423761919 
 1342   3814.56580272224 
 1343   3793.24246791152 
 1344   3765.98285797832 
 1345   3722.73778297637 
 1346   3641.582414765 
 1347   3733.2299642759 
 1348   4080.03228700475 
 1349   4057.27569584019 
 1350   4049.83833449937 
 1351   4028.46632102683 
 1352   3994.42260698842 
 1353   4006.23601715545 
 1354   4020.24362246898 
 1355   3995.2345754689 
 1356   3975.51822777969 
 1357   3978.9264988597 
 1358   3992.15716291302 
 1359   4017.42449586905 
 1360   4045.60553350532 
 1361   4068.33898734926 
 1362   4131.42959206335 
 1363   4230.7290120735 
 1364   4328.48263744651 
 1365   4466.75259106339 
 1366   4642.09870305768 
 1367   4849.64348960062 
 1368   5135.75169706486 
 1369   5461.99033759739 
 1370   5799.05183062554 
 1371   6211.08677335248 
 1372   6685.89371243341 
 1373   7129.76895582637 
 1374   7565.17187499963 
 1375   7929.93790060724 
 1376   8220.94627474832 
 1377   8448.30995456687 
 1378   8499.25742271749 
 1379   8485.65051667587 
 1380   8427.67317142064 
 1381   8194.86995406952 
 1382   7889.26860182813 
 1383   7570.44615935621 
 1384   7297.75748397071 
 1385   7014.56511250843 
 1386   6764.47457541504 
 1387   6641.48511548315 
 1388   6552.06647021277 
 1389   6522.73923882326 
 1390   6702.36192396326 
 1391   6977.24626686065 
 1392   7296.00660847312 
 1393   7742.85079773228 
 1394   8294.64501274437 
 1395   8939.45076224196 
 1396   9668.39120449229 
 1397   10442.0151097695 
 1398   11238.7946191575 
 1399   12017.1689410957 
 1400   12737.8930125553 
 1401   13453.0962658785 
 1402   14007.9028283259 
 1403   14430.004184837 
 1404   14753.3433678616 
 1405   14927.8785521208 
 1406   14856.1874980195 
 1407   14585.1165633279 
 1408   14217.2628254143 
 1409   13792.1964230395 
 1410   13363.4136898152 
 1411   12753.537559286 
 1412   12112.1144874015 
 1413   11451.1856512084 
 1414   10865.9316175846 
 1415   10304.9899077988 
 1416   9794.43846770157 
 1417   9375.90827525584 
 1418   8991.84504065905 
 1419   8696.13802574996 
 1420   8412.9076530813 
 1421   8211.19796051808 
 1422   8083.2864486748 
 1423   7966.06944855704 
 1424   7846.39742426406 
 1425   7775.37646791734 
 1426   7736.38717105114 
 1427   7703.76105626445 
 1428   7701.20406963048 
 1429   7696.0385380717 
 1430   7704.37929776117 
 1431   7691.47528228175 
 1432   7703.14628322688 
 1433   7717.14002750807 
 1434   7708.86838130212 
 1435   7686.02986153112 
 1436   7648.24674427089 
 1437   7593.2131165787 
 1438   7548.9123067834 
 1439   7521.9065884124 
 1440   7455.5061237059 
 1441   7387.28856253613 
 1442   7338.4233174175 
 1443   7269.66072315074 
 1444   7182.21629195338 
 1445   7125.76392311562 
 1446   7054.53107535127 
 1447   6962.50456290395 
 1448   6911.57738454582 
 1449   6851.70617949208 
 1450   6792.28499778049 
 1451   6746.18772057222 
 1452   6713.61058273694 
 1453   6625.94339768672 
 1454   6526.08226206297 
 1455   6417.85174605854 
 1456   6266.57319095976 
 1457   6094.703570971 
 1458   5901.50430176857 
 1459   5660.50520795993 
 1460   5429.84218352295 
 1461   5237.5497788011 
 1462   5061.20373780011 
 1463   4837.77726443092 
 1464   4642.4797948178 
 1465   4451.1907625364 
 1466   4320.21859111037 
 1467   4201.84164401514 
 1468   4062.99987547431 
 1469   3946.33790246711 
 1470   3838.95888808668 
 1471   3778.62612050922 
 1472   3713.68930579806 
 1473   3686.84845981408 
 1474   3631.23393578594 
 1475   3630.48225700068 
 1476   3603.65959164716 
 1477   3588.81917796662 
 1478   3589.96700832382 
 1479   3576.85245026264 
 1480   3572.56072467567 
 1481   3558.8432365732 
 1482   3517.70755954742 
 1483   3483.36939731896 
 1484   3476.62178604995 
 1485   3408.86947330839 
 1486   3373.6698323917 
 1487   3352.04601841955 
 1488   3312.74684336634 
 1489   3309.66044950639 
 1490   3305.49819135511 
 1491   3278.02687688484 
 1492   3266.31522334691 
 1493   3246.89272104143 
 1494   3220.46989409774 
 1495   3215.69244835593 
 1496   3199.96273018827 
 1497   3173.73623693785 
 1498   3162.58469038362 
 1499   3136.37656214331 
 1500   3129.53381486853 
 1501   3114.05788898021 
 1502   3071.64450627886 
 1503   3037.54455914531 
 1504   3034.26123838299 
 1505   3040.41830540063 
 1506   3029.91324952774 
 1507   3026.31673298097 
 1508   3037.64310012002 
 1509   3058.20396028163 
 1510   3076.96434521321 
 1511   3066.66184765148 
 1512   3051.00524239466 
 1513   3047.20192718994 
 1514   3019.88122150426 
 1515   2987.51821761852 
 1516   2967.52783802289 
 1517   2966.21431491735 
 1518   2988.497776598 
 1519   2999.05042697708 
 1520   2995.10081408567 
 1521   2981.40739788648 
 1522   3006.55149559404 
 1523   2994.46842550866 
 1524   3008.91960371562 
 1525   2982.64195422049 
 1526   2944.79866562149 
 1527   2910.84138778712 
 1528   2907.48675804577 
 1529   2915.40066098144 
 1530   2929.56176960507 
 1531   2942.70204011916 
 1532   2923.79890223912 
 1533   2928.44352008824 
 1534   2948.72531633568 
 1535   2949.32651350801 
 1536   2928.14196786266 
 1537   2917.2217118422 
 1538   2902.40034573883 
 1539   2927.35346107791 
 1540   2931.90042226119 
 1541   2924.86967024888 
 1542   2899.24448772063 
 1543   2895.53254643336 
 1544   2901.25878306116 
 1545   2894.94277752687 
 1546   2890.99473510799 
 1547   2874.81538108237 
 1548   2873.95851806033 
 1549   2852.78450673823 
 1550   2884.85865407912 
 1551   2870.64654813968 
 1552   2874.87326777625 
 1553   2858.09369622825 
 1554   2852.2907642829 
 1555   2816.14744831215 
 1556   2818.66926375283 
 1557   2799.28925835845 
 1558   2781.23842187534 
 1559   2790.72647013561 
 1560   2789.33270179545 
 1561   2790.48003248011 
 1562   2804.91388469895 
 1563   2821.06475636554 
 1564   2819.4249720232 
 1565   2845.38236760676 
 1566   2850.13270056968 
 1567   2834.14471073843 
 1568   2826.32338298023 
 1569   2794.20926715423 
 1570   2796.1172046015 
 1571   2809.25563504215 
 1572   2828.85910304627 
 1573   2808.03290518343 
 1574   2824.17070720824 
 1575   2858.00525538474 
 1576   2854.65632965972 
 1577   2901.32550217828 
 1578   2953.69823224902 
 1579   2931.20038361099 
 1580   2932.74781910263 
 1581   2951.4790102711 
 1582   2954.70932503522 
 1583   2982.22592132586 
 1584   3018.56325454225 
 1585   2996.31513993069 
 1586   3026.17709766097 
 1587   3057.40716863408 
 1588   3086.28979892244 
 1589   3101.42205045547 
 1590   3160.0632940614 
 1591   3194.9636436837 
 1592   3202.08850013062 
 1593   3239.78059686488 
 1594   3292.29867113122 
 1595   3329.95494268738 
 1596   3377.53727352175 
 1597   3401.12308593419 
 1598   3400.27096191629 
 1599   3453.98611107086 
 1600   3479.10603054805 
 1601   3515.39300981699 
 1602   3526.00388698673 
 1603   3589.65291640054 
 1604   3612.43694061328 
 1605   3686.73505691206 
 1606   3745.75252303513 
 1607   3833.056902407 
 1608   3895.31298676036 
 1609   3953.53590503972 
 1610   3989.76414591366 
 1611   4048.4597061868 
 1612   4095.52153922993 
 1613   4146.18792588474 
 1614   4177.22592551341 
 1615   4228.91518546117 
 1616   4316.13423054779 
 1617   4386.87924017006 
 1618   4462.9305091476 
 1619   4540.1539598586 
 1620   4637.13511257499 
 1621   4724.02519418627 
 1622   4884.8806981712 
 1623   5061.10169273005 
 1624   5253.6862971638 
 1625   5517.45307160289 
 1626   5844.7033482697 
 1627   6276.09395147056 
 1628   6704.34948262617 
 1629   7240.15800706915 
 1630   7849.56601624443 
 1631   8552.63385534951 
 1632   9353.18454652988 
 1633   10191.5253067605 
 1634   11089.7268100534 
 1635   12003.5316986634 
 1636   12917.9970132098 
 1637   13772.3270599577 
 1638   14524.7474917541 
 1639   15006.4981060061 
 1640   15345.6102400833 
 1641   15576.3298287085 
 1642   15464.8998243962 
 1643   15144.4268306616 
 1644   14612.7289681772 
 1645   13922.6347153761 
 1646   13145.9697964485 
 1647   12379.8553568021 
 1648   11612.6771468014 
 1649   10889.031869284 
 1650   10253.6659247411 
 1651   9745.8846031864 
 1652   9362.41183589353 
 1653   9086.58022687136 
 1654   8890.61226393839 
 1655   8785.97647073604 
 1656   8754.59052007832 
 1657   8731.728152996 
 1658   8727.39623223904 
 1659   8695.4240688315 
 1660   8674.6361517179 
 1661   8634.76797829725 
 1662   8566.29595332457 
 1663   8451.75043177942 
 1664   8365.13894481823 
 1665   8262.33199804016 
 1666   8177.14171508781 
 1667   8104.5140753992 
 1668   8030.20576295214 
 1669   7994.30608042668 
 1670   7969.77608213281 
 1671   7975.36844031453 
 1672   7991.76129355655 
 1673   8005.18154694342 
 1674   8062.98628409374 
 1675   8146.16997854357 
 1676   8243.9425063263 
 1677   8338.85895717938 
 1678   8429.79614467348 
 1679   8530.1092136792 
 1680   8653.42302709158 
 1681   8742.49968927326 
 1682   8857.55123000281 
 1683   8939.64608146773 
 1684   9022.84226448044 
 1685   9076.31023989465 
 1686   9120.51965461601 
 1687   9166.21142504493 
 1688   9179.64912925049 
 1689   9176.50922349281 
 1690   9186.76071536955 
 1691   9200.58525743187 
 1692   9186.29116141933 
 1693   9139.50503318805 
 1694   9078.88895952316 
 1695   9061.42868586986 
 1696   9023.98202737509 
 1697   8961.5489089181 
 1698   8852.80105043463 
 1699   8715.24321604161 
 1700   8614.7584153591 
 1701   8511.14241622683 
 1702   8339.18511789558 
 1703   8166.31223633083 
 1704   7960.45851273077 
 1705   7761.51077485383 
 1706   7601.33739157694 
 1707   7423.73414873126 
 1708   7230.73231978371 
 1709   7043.45919883118 
 1710   6821.46943880093 
 1711   6634.58128826746 
 1712   6468.49067984362 
 1713   6254.67617922595 
 1714   6038.10265518695 
 1715   5814.72529979438 
 1716   5594.59605787646 
 1717   5409.88955817643 
 1718   5221.56192423669 
 1719   5000.65178279164 
 1720   4779.9724275397 
 1721   4575.16223076726 
 1722   4370.79164909287 
 1723   4195.13101265268 
 1724   4027.63348437646 
 1725   3830.10773540415 
 1726   3662.22088671878 
 1727   3526.36650590708 
 1728   3394.24442831798 
 1729   3276.92456483362 
 1730   3147.61089601213 
 1731   3014.23735951172 
 1732   2888.1494418293 
 1733   2790.37297066605 
 1734   2705.06348975776 
 1735   2599.64889133192 
 1736   2520.22513796454 
 1737   2460.84564841101 
 1738   2404.18210218611 
 1739   2350.48938492253 
 1740   2273.68885722081 
 1741   2195.12685385348 
 1742   2153.12311983716 
 1743   2086.48168270136 
 1744   2018.25233567246 
 1745   1955.31407736838 
 1746   1913.78491978716 
 1747   1882.30329980846 
 1748   1845.02092964879 
 1749   1801.71139579122 
 1750   1765.1977839892 
 1751   1744.87037530171 
 1752   1744.9624191281 
 1753   1714.60344963378 
 1754   1686.39821379734 
 1755   1662.50475756312 
 1756   1640.51531311066 
 1757   1616.23445501922 
 1758   1588.15196139317 
 1759   1519.33239409034 
 1760   1494.68948978126 
 1761   1471.97136590589 
 1762   1453.29663963554 
 1763   1424.4215011988 
 1764   1401.31070483489 
 1765   1389.23880365018 
 1766   1388.70844286946 
 1767   1385.57657450476 
 1768   1371.65563280796 
 1769   1339.67664322888 
 1770   1332.04023871852 
 1771   1319.472293679 
 1772   1292.64969642451 
 1773   1288.53348064546 
 1774   1284.6034599851 
 1775   1274.42028070796 
 1776   1278.80080272827 
 1777   1274.07389163758 
 1778   1278.55170855433 
 1779   1271.48423736831 
 1780   1236.80354571714 
 1781   1193.01874974599 
 1782   1179.47645458652 
 1783   1149.83049692067 
 1784   1127.50165351055 
 1785   1104.39444166656 
 1786   1088.23444351811 
 1787   1094.0892115017 
 1788   1120.00774510613 
 1789   1128.2865930107 
 1790   1149.87257241621 
 1791   1169.64381741882 
 1792   1170.92035953493 
 1793   1170.07243797371 
 1794   1173.89077440594 
 1795   1161.02225603117 
 1796   1150.90174694295 
 1797   1136.63594418056 
 1798   1139.4756445092 
 1799   1159.91147547344 
 1800   1156.33610538604 
 1801   1133.16951372989 
 1802   1127.1069122397 
 1803   1133.7484188013 
 1804   1134.08741417605 
 1805   1108.847468909 
 1806   1079.03142303243 
 1807   1089.56285573317 
 1808   1105.18455195716 
 1809   1097.89542086833 
 1810   1061.65917631865 
 1811   1024.25241403352 
 1812   1028.67253270505 
 1813   1035.63192109101 
 1814   1024.94241209485 
 1815   1003.83381626426 
 1816   1007.42577639097 
 1817   1034.89826774416 
 1818   1071.10668594266 
 1819   1053.20044510837 
 1820   1034.40122658502 
 1821   1014.18218341442 
 1822   1018.97662759017 
 1823   1021.64851518492 
 1824   988.684608157781 
 1825   979.435639398425 
 1826   982.818170929776 
 1827   982.4243217119 
 1828   971.356453460288 
 1829   958.648139303295 
 1830   944.034737836302 
 1831   951.799026046163 
 1832   930.171951611274 
 1833   939.030959105861 
 1834   944.998165069005 
 1835   944.66367252331 
 1836   921.902997851046 
 1837   909.600665766113 
 1838   920.768734889332 
 1839   917.851992991985 
 1840   909.513780130398 
 1841   921.723735774764 
 1842   932.882666758359 
 1843   941.756837433838 
 1844   961.549291204495 
 1845   966.248059527985 
 1846   942.177545396797 
 1847   938.242757588813 
 1848   934.743483440397 
 1849   946.28886245887 
 1850   968.977656588743 
 1851   944.27244919481 
 1852   936.179846618195 
 1853   947.013893648813 
 1854   926.682700021687 
 1855   924.433815544978 
 1856   913.400250405758 
 1857   887.37196849895 
 1858   899.860535989139 
 1859   906.686842658348 
 1860   946.898113175398 
 1861   940.301373354496 
 1862   928.845589381594 
 1863   920.014567490775 
 1864   922.981558737759 
 1865   909.091682584589 
 1866   907.483372860438 
 1867   891.120985762591 
 1868   916.742984329486 
 1869   915.271187518808 
 1870   915.21992614362 
 1871   925.210114416335 
 1872   914.878044122217 
 1873   907.294208965319 
 1874   909.66651740702 
 1875   907.37729594628 
 1876   917.677430996089 
 1877   914.347831521736 
 1878   900.785754965688 
 1879   886.897327009065 
 1880   897.023842448681 
 1881   866.975052019054 
 1882   831.851426299827 
 1883   851.036702874914 
 1884   846.935591348743 
 1885   847.80649056683 
 1886   863.655033421265 
 1887   843.733293834874 
 1888   855.160974917867 
 1889   866.308144607002 
 1890   833.132123723729 
 1891   843.390630092166 
 1892   852.910794502572 
 1893   856.493598387347 
 1894   829.684630244082 
 1895   825.267061697341 
 1896   841.842350899455 
 1897   836.936311065943 
 1898   835.068228596664 
 1899   831.782287149357 
 1900   819.246264608865 
 1901   839.709782290692 
 1902   796.732238315172 
 1903   804.742685619591 
 1904   814.906532117952 
 1905   803.062333439227 
 1906   795.660028288189 
 1907   808.710379625847 
 1908   834.926203448395 
 1909   831.205431742024 
 1910   797.418883643214 
 1911   780.797415486345 
 1912   801.933117002842 
 1913   792.190102149511 
 1914   769.609804441029 
 1915   765.928470532411 
 1916   783.912393548724 
 1917   786.341500932309 
 1918   771.826736503232 
 1919   744.399496932901 
 1920   746.51303010012 
 1921   732.989562020332 
 1922   714.87549145636 
 1923   363.176137245792 
 1924   387.672093249738 
 1925   371.780571057993 
 1926   381.729330950454 
 1927   367.035558281068 
 1928   341.515813974275 
 1929   510.819960723667 
 1930   731.267977902466 
 1931   695.142034461823 
 1932   667.123586040368 
 1933   645.126704964604 
 1934   632.914980724019 
 1935   647.491294377378 
 1936   639.450508284107 
 1937   669.586705827757 
 1938   651.026556676393 
 1939   669.56744252465 
 1940   681.956370790614 
 1941   680.465377643864 
 1942   645.621315990244 
 1943   632.906416387146 
 1944   610.893913797172 
 1945   626.038106057945 
 1946   607.695951126739 
 1947   673.893984575399 
 1948   719.672046857693 
 1949   712.254505840662 
 1950   710.318319225507 
 1951   690.941254356194 
 1952   669.214433148262 
 1953   627.100626202909 
 1954   539.901619380125 
 1955   538.249174044982 
 1956   536.624580221349 
 1957   538.943723963172 
 1958   558.252120207537 
 1959   598.808558917682 
 1960   605.140095661129 
 1961   598.015960204448 
 1962   575.875856510927 
 1963   557.883054784735 
 1964   530.517376125422 
 1965   532.523825813975 
 1966   500.299143733405 
 1967   488.844501404022 
 1968   482.368562937055 
 1969   513.839596933734 
 1970   512.898616198278 
 1971   540.065603487833 
 1972   560.110955436799 
 1973   558.600794557225 
 1974   552.994621925085 
 1975   536.389459670853 
 1976   545.00228875743 
 1977   531.978161152674 
 1978   499.912093850246 
 1979   496.329562558208 
 1980   488.252978670103 
 1981   497.677427632578 
 1982   489.961249305716 
 1983   484.481624034743 
 1984   503.391396263262 
 1985   498.627719006783 
 1986   500.655859294773 
 1987   489.742372256589 
 1988   499.395346068874 
 1989   488.836289194002 
 1990   485.756377291535 
 1991   513.336591966066 
 1992   526.470268255962 
 1993   551.656892117088 
 1994   528.675333891549 
 1995   515.966483034339 
 1996   513.23356645994 
 1997   477.57517058482 
 1998   465.239673618839 
 1999   460.976888567868 
 2000   465.415689444662 
 2001   460.949278485565 
 2002   443.305458493742 
 2003   441.140956628852 
 2004   429.719559210691 
 2005   400.776113365893 
 2006   383.273741957848 
 2007   403.809383563233 
 2008   415.451090928976 
 2009   426.039327356158 
 2010   413.577482916285 
 2011   417.173083464399 
 2012   424.12968134994 
 2013   417.115017465216 
 2014   405.909248421714 
 2015   397.945548901415 
 2016   407.516257296676 
 2017   434.015424751524 
 2018   434.989130628778 
 2019   470.22006366136 
 2020   309.227253369808 
 2021   16.8309366117299 
 2022   66.2511586485614 
 2023   70.7132961413418 
 2024   92.6574997974409 
 2025   103.834372113591 
 2026   106.783058658229 
 2027   407.564092108127 
 2028   400.955540527819 
 2029   421.314532014599 
 2030   422.44202806655 
 2031   426.056973453594 
 2032   398.575184290744 
 2033   400.819795393782 
 2034   404.375951146006 
 2035   388.44428484543 
 2036   372.205696509332 
 2037   383.060901129916 
 2038   403.465510300675 
 2039   399.789651607011 
 2040   389.601224362741 
 2041   387.025961756788 
 2042   382.575890010775 
 2043   346.733591182031 
 2044   313.397532158494 
 2045   299.511101944786 
 2046   291.685375404045 
 2047   285.641059127194 
 2048   296.192578486569 
 2049   287.261404960034 
 2050   297.850111523175 
 2051   299.164744522384 
 2052   306.325844407326 
 2053   320.737984472319 
 2054   302.809843937504 
 2055   343.604939010394 
 2056   343.00081505721 
 2057   329.406491395294 
 2058   336.146156577213 
 2059   339.490039675285 
 2060   333.353746690045 
 2061   310.904286658289 
 2062   313.355800464885 
 2063   348.844598262157 
 2064   358.403488668822 
 2065   339.134190802268 
 2066   323.159815139748 
 2067   323.62845952884 
 2068   309.326177803465 
 2069   283.27655358296 
 2070   261.850609965625 
 2071   265.300637038081 
 2072   293.932336274251 
 2073   298.435368025447 
 2074   321.664453261351 
 2075   311.862553866872 
 2076   347.355131578228 
 2077   327.480219889865 
 2078   313.513738174501 
 2079   308.662326908466 
 2080   303.966469766331 
 2081   311.207658674083 
 2082   309.295408813532 
 2083   327.006119625865 
 2084   340.479478003599 
 2085   365.118796665313 
 2086   363.41602271019 
 2087   345.116919953086 
 2088   325.506272209682 
 2089   318.732957470244 
 2090   322.794116491472 
 2091   303.809166334828 
 2092   290.331585838305 
 2093   295.805311614339 
 2094   332.728608265457 
 2095   333.264994577534 
 2096   311.42675898813 
 2097   314.756573607619 
 2098   302.749070241747 
 2099   317.448989620824 
 2100   305.295456869286 
 2101   284.243468543579 
 2102   261.351731311016 
 2103   243.527971397188 
 2104   242.256836025165 
 2105   217.00659025108 
 2106   179.625522620786 
 2107   230.789787054803 
 2108   218.870871587282 
 2109   210.139215253881 
 2110   168.542601062535 
 2111   166.205010826164 
 2112   169.076903480102 
 2113   135.312353055625 
 2114   147.381515873387 
 2115   151.268106655691 
 2116   180.112786971955 
 2117   212.482710490234 
 2118   227.024911470293 
 2119   250.591282247468 
 2120   245.707244044497 
 2121   236.130041118775 
 2122   230.338026831786 
 2123   200.687033147239 
 2124   164.810969153244 
 2125   156.223983626888 
 2126   158.7443559698 
 2127   146.135621210701 
 2128   152.806105160453 
 2129   167.737530846688 
 2130   208.521179603804 
 2131   206.946442609139 
 2132   189.455219057873 
 2133   204.785567846701 
 2134   189.850239418394 
 2135   194.850653619525 
 2136   186.338123159567 
 2137   222.141074902241 
 2138   231.982350776117 
 2139   220.955318139438 
 2140   253.330689367015 
 2141   248.237573175373 
 2142   260.061332729475 
 2143   228.638816251786 
 2144   207.444689442331 
 2145   210.359769075192 
 2146   171.110999718175 
 2147   152.675784007552 
 2148   137.245131941281 
 2149   137.089096218934 
 2150   139.18697721874 
 2151   102.932691936434 
 2152   143.032670920102 
 2153   162.163980200222 
 2154   166.764101152754 
 2155   160.957954287014 
 2156   172.379968749119 
 2157   212.031705339314 
 2158   198.227594608025 
 2159   179.303218177996 
 2160   189.347819469631 
 2161   206.576047216025 
 2162   236.86947472274 
 2163   226.59664802815 
 2164   243.053651449732 
 2165   226.412156437482 
 2166   206.477502345759 
 2167   180.953542764861 
 2168   132.309714282934 
 2169   106.961748518318 
 2170   87.7989552409097 
 2171   90.7614531315998 
 2172   105.956169668297 
 2173   113.760771221733 
 2174   126.934893713751 
 2175   129.972693553617 
 2176   122.119021649845 
 2177   129.884926364273 
 2178   132.704575784392 
 2179   117.154863979514 
 2180   103.971365648278 
 2181   125.737865424811 
 2182   129.80827548622 
 2183   134.689036986044 
 2184   146.980655345965 
 2185   152.244958522448 
 2186   166.291237407892 
 2187   129.280282153478 
 2188   142.007567498723 
 2189   150.955981673329 
 2190   140.4872583852 
 2191   140.954327332558 
 2192   133.469902814685 
 2193   171.760832953072 
 2194   178.727422199227 
 2195   160.13835383474 
 2196   181.79846776037 
 2197   186.218377035448 
 2198   203.634573416648 
 2199   209.968008609708 
 2200   198.06798174189 
 2201   214.76317379758 
 2202   195.748281233542 
 2203   190.641046534474 
 2204   186.353684807227 
 2205   180.171290254437 
 2206   171.824984969299 
 2207   182.628168093688 
 2208   183.657876612795 
 2209   200.537977216726 
 2210   195.13488821317 
 2211   199.534701756 
 2212   228.770655184584 
 2213   219.035731918998 
 2214   200.559271562234 
 2215   187.206858234693 
 2216   185.947849777658 
 2217   171.687053875765 
 2218   175.933176996542 
 2219   152.946223646998 
 2220   166.826770118617 
 2221   128.305297647056 
 2222   111.987512114463 
 2223   119.95479828247 
 2224   51.3881215094983 
 2225   64.6942527461976 
 2226   53.3023177217357 
 2227   97.6913740029034 
 2228   108.463038661833 
 2229   104.138485816169 
 2230   152.126162598526 
 2231   166.904125791793 
 2232   72.0563058065931 
 2233   728.53388093528 
 2234   1046.96507222359 
 2235   996.932377101349 
 2236   994.096090433347 
 2237   972.381420938705 
 2238   1050.29323921528 
 2239   411.367084410644 
 2240   167.110248996537 
 2241   178.392686635512 
 2242   180.130203907124 
 2243   177.033960515329 
 2244   174.871640143356 
 2245   198.119829109097 
 2246   207.546963789285 
 2247   189.110218256122 
 2248   184.580596356992 
 2249   187.423232855411 
 2250   164.99868693295 
 2251   145.221098737165 
 2252   116.436601968227 
 2253   143.330602154722 
 2254   140.633035109332 
 2255   115.22392915451 
 2256   119.071502649147 
 2257   119.175654038666 
 2258   117.660290367409 
 2259   95.1172837980552 
 2260   100.039381328007 
 2261   126.389741549333 
 2262   122.920126211183 
 2263   122.668445554331 
 2264   145.525991630961 
 2265   134.048504552822 
 2266   130.41737446042 
 2267   107.12652250639 
 2268   113.283842924568 
 2269   118.47598495609 
 2270   108.051567366473 
 2271   131.544174337064 
 2272   121.50334957664 
 2273   132.006787817288 
 2274   123.885893925354 
 2275   107.735468439406 
 2276   80.4781185530693 
 2277   67.8047975397146 
 2278   76.0810478295239 
 2279   63.85159728962 
 2280   66.9627677009909 
 2281   98.700521970432 
 2282   119.527774179641 
 2283   121.815750263011 
 2284   117.954290473837 
 2285   147.66615556839 
 2286   137.869357555515 
 2287   119.551131850498 
 2288   120.840634549419 
 2289   107.137435016368 
 2290   106.758648078502 
 2291   104.189209935794 
 2292   106.699035586724 
 2293   89.4628113814329 
 2294   99.1120043834441 
 2295   96.7431062077569 
 2296   117.426816522563 
 2297   110.509497436884 
 2298   113.88342921099 
 2299   146.961813458538 
 2300   147.163944588945 
 2301   141.921469899381 
 2302   114.73767814925 
 2303   115.041916891631 
 2304   111.756783540072 
 2305   109.811189440805 
 2306   87.7145724978004 
 2307   113.740530064534 
 2308   117.909696354588 
 2309   132.910711714622 
 2310   122.819781729428 
 2311   108.486168198119 
 2312   114.150333399535 
 2313   87.0111985873342 
 2314   105.326411723689 
 2315   110.064570182159 
 2316   175.930962530332 
 2317   182.591767611467 
 2318   191.863503938396 
 2319   215.587492494139 
 2320   186.202931982374 
 2321   152.348234150535 
 2322   125.598785943528 
 2323   130.18353802801 
 2324   145.726141519139 
 2325   162.27121201534 
 2326   152.097575328881 
 2327   139.132106259038 
 2328   136.847775390304 
 2329   141.181401217422 
 2330   114.712790458744 
 2331   105.024287660228 
 2332   121.92638345778 
 2333   117.957048668076 
 2334   97.0496963480329 
 2335   99.9853044895884 
 2336   104.059947072913 
 2337   91.8546624161591 
 2338   101.592606834454 
 2339   104.609819982766 
