01-19-2020  16:08:01
Wavenumber (cm-1)  CCD Output
 251   1093.26401989177 
 252   1093.78300821254 
 253   1101.5684299112 
 254   1127.58237740681 
 255   1148.3674839792 
 256   1159.54608132056 
 257   1177.63424666921 
 258   1193.04174937158 
 259   1200.53630009339 
 260   1208.35847847708 
 261   1220.68441293759 
 262   1239.90840134001 
 263   1265.98445966049 
 264   1284.00245739428 
 265   1289.51971438879 
 266   1302.69761750443 
 267   1318.5212197381 
 268   1326.13899619978 
 269   1330.00206778316 
 270   1335.23533781219 
 271   1348.75231324924 
 272   1379.79236996031 
 273   1395.62758891737 
 274   1370.22230444178 
 275   1370.2731437525 
 276   1396.97658233064 
 277   1409.48600889078 
 278   1436.13145392062 
 279   1481.91121670652 
 280   1522.79183490565 
 281   1553.80175881842 
 282   1576.97706490954 
 283   1601.30243436689 
 284   1655.36186706212 
 285   1728.00495460303 
 286   1768.26421317183 
 287   1791.5383262869 
 288   1822.30494162799 
 289   1862.91135280367 
 290   1888.52034904674 
 291   1897.61544704946 
 292   1928.37106008733 
 293   1957.03247576348 
 294   1961.61450936913 
 295   1967.21746906887 
 296   1986.45847991341 
 297   2017.504464014 
 298   2046.08521357626 
 299   2053.26448739926 
 300   2042.91614226227 
 301   2061.93568170408 
 302   2080.34794792341 
 303   2059.04356511214 
 304   2044.60105764907 
 305   2048.87953343654 
 306   2049.86893806683 
 307   2019.29926205127 
 308   1972.60862666869 
 309   1939.70546456079 
 310   1904.99539008795 
 311   1861.12732824206 
 312   1817.45562055895 
 313   1794.72327812336 
 314   1783.06755420322 
 315   1757.52049878061 
 316   1730.847693391 
 317   1715.00351317155 
 318   1710.29705534268 
 319   1703.65676066048 
 320   1696.48533353244 
 321   1703.38785306454 
 322   1726.93591375828 
 323   1751.75897714868 
 324   1760.19646495607 
 325   1783.02918564288 
 326   1816.40035229869 
 327   1822.99546177006 
 328   1830.2020409772 
 329   1850.67877095051 
 330   1867.22351396443 
 331   1887.37883011034 
 332   1907.56447306263 
 333   1913.18980879011 
 334   1935.38233160981 
 335   1974.57132963146 
 336   1993.86470621805 
 337   2026.96164647114 
 338   2088.14143367072 
 339   2147.82100923414 
 340   2209.1664390682 
 341   2280.52512775402 
 342   2363.34042955093 
 343   2461.76301569888 
 344   2572.75878058157 
 345   2685.64352348729 
 346   2803.67570049902 
 347   2937.82104955126 
 348   3097.52331771407 
 349   3264.96999141801 
 350   3434.59401566044 
 351   3622.6421294725 
 352   3816.96632561641 
 353   4015.98055319391 
 354   4234.20868203804 
 355   4433.32262589171 
 356   4607.02949168481 
 357   4796.45938109007 
 358   4958.31460823099 
 359   5072.7192027579 
 360   5176.51875763362 
 361   5258.54285224712 
 362   5306.26021546086 
 363   5323.11440668922 
 364   5296.86359845429 
 365   5239.73624648591 
 366   5184.06173595967 
 367   5085.49033608996 
 368   4948.29501517248 
 369   4841.34396163074 
 370   4733.57111297667 
 371   4609.53694422593 
 372   4500.91242822123 
 373   4410.77295268454 
 374   4337.21422364739 
 375   4280.13040948014 
 376   4229.83848317084 
 377   4218.7774422018 
 378   4296.10425008554 
 379   4390.2313752655 
 380   4494.9532573154 
 381   4675.49084865861 
 382   4899.40599906794 
 383   5144.74083499284 
 384   5417.37071014497 
 385   5705.18772164814 
 386   6025.32675021215 
 387   6401.20203292051 
 388   6779.98408888176 
 389   7150.37059998868 
 390   7526.49995992016 
 391   7855.35321830264 
 392   8124.17327205138 
 393   8356.46081723713 
 394   8556.46256218012 
 395   8670.97596433972 
 396   8673.10051359676 
 397   8688.63511169609 
 398   8666.81399817569 
 399   8499.99776065942 
 400   8255.8245263884 
 401   7969.85234473582 
 402   7639.34258417474 
 403   7258.34491391369 
 404   6858.42522885439 
 405   6468.78691703889 
 406   6075.00374925315 
 407   5668.14847148387 
 408   5257.26405706869 
 409   4869.73151801489 
 410   4506.62704070707 
 411   4178.89704435667 
 412   3917.98640355406 
 413   3670.48976696604 
 414   3419.61494307349 
 415   3227.66532378763 
 416   3061.86560808057 
 417   2901.71884078064 
 418   2774.95129699223 
 419   2667.95354855203 
 420   2571.88330078928 
 421   2493.04350448081 
 422   2421.59885209662 
 423   2363.04525464879 
 424   2324.74194861488 
 425   2260.46404000536 
 426   2189.97896850526 
 427   2164.54485224876 
 428   2141.65214509977 
 429   2112.77569552834 
 430   2093.09944231386 
 431   2066.55391665086 
 432   2040.35795374443 
 433   2028.3457589347 
 434   2021.34511948824 
 435   2010.83620819079 
 436   1995.66949371691 
 437   1983.18039763361 
 438   1971.22291489388 
 439   1953.74689854619 
 440   1929.60395894495 
 441   1919.38372609143 
 442   1921.60642949127 
 443   1904.08275841378 
 444   1874.09370847203 
 445   1850.81294655909 
 446   1843.94434315881 
 447   1830.92954540466 
 448   1808.89874161794 
 449   1794.66330619305 
 450   1786.4548482708 
 451   1772.66109096052 
 452   1749.98395834355 
 453   1745.29009884493 
 454   1751.93647011119 
 455   1751.01855032421 
 456   1748.58418123561 
 457   1749.65759742296 
 458   1752.48101191307 
 459   1749.99668102737 
 460   1751.86763428918 
 461   1754.77191886973 
 462   1736.07330216501 
 463   1718.53824683575 
 464   1712.91178569399 
 465   1702.83700355668 
 466   1689.05085977682 
 467   1677.66032312947 
 468   1669.03601433206 
 469   1645.70740344916 
 470   1615.80095631621 
 471   1605.65403286436 
 472   1628.25450565206 
 473   1644.61253919924 
 474   1628.58997812491 
 475   1628.24597959952 
 476   1636.4807065071 
 477   1628.3225204083 
 478   1603.70399917977 
 479   1601.81914424753 
 480   1624.19981166957 
 481   1622.02731798184 
 482   1593.16259187808 
 483   1563.52271236663 
 484   1558.07806756417 
 485   1555.53870861257 
 486   1539.62903944586 
 487   1521.8918940519 
 488   1547.33499224345 
 489   1584.43624679635 
 490   1591.64335618277 
 491   1592.86972263952 
 492   1605.87322462763 
 493   1626.63645354031 
 494   1632.6806426849 
 495   1622.39190240954 
 496   1613.7542497928 
 497   1625.31111903617 
 498   1629.98995992884 
 499   1619.77842844486 
 500   1609.7498236249 
 501   1610.14481801885 
 502   1615.99149376285 
 503   1619.2250451098 
 504   1623.30060088687 
 505   1633.16084581483 
 506   1646.77683492773 
 507   1653.4208325635 
 508   1651.23935704781 
 509   1651.60169008565 
 510   1670.31442533692 
 511   1698.99344115042 
 512   1729.86689695434 
 513   1764.19771309283 
 514   1812.48835023797 
 515   1877.50877832618 
 516   1953.74859520707 
 517   2034.18202308166 
 518   2136.82880615189 
 519   2261.97179281959 
 520   2382.66513335399 
 521   2529.55357075621 
 522   2706.67793339319 
 523   2890.65174637171 
 524   3113.3831178151 
 525   3366.4768001172 
 526   3622.27813886883 
 527   3894.06842115196 
 528   4174.70026189182 
 529   4452.812066092 
 530   4728.59154474917 
 531   4979.82248589354 
 532   5190.72664801549 
 533   5359.47487425174 
 534   5471.75421273806 
 535   5525.49238246393 
 536   5536.45495694399 
 537   5528.21487827576 
 538   5472.47858636711 
 539   5349.52427229183 
 540   5204.87519215922 
 541   5048.71821538934 
 542   4886.71327662319 
 543   4731.01926738945 
 544   4557.84228685964 
 545   4376.6926703934 
 546   4207.96217321172 
 547   4005.27977112661 
 548   3795.48509096937 
 549   3621.65072959006 
 550   3460.47733626594 
 551   3283.27074239877 
 552   3098.78816131145 
 553   2946.63241858043 
 554   2802.49420400497 
 555   2659.67423626304 
 556   2539.63138879607 
 557   2453.69934341387 
 558   2380.89267818419 
 559   2299.20522104868 
 560   2218.22960564963 
 561   2155.21414332847 
 562   2104.78262832057 
 563   2046.29511809676 
 564   2011.45397446093 
 565   2007.07261255893 
 566   2007.460671475 
 567   1988.10791613609 
 568   1970.61589906869 
 569   1987.95110169024 
 570   2046.48324667596 
 571   2124.4037772841 
 572   2207.62721381548 
 573   2298.80517457415 
 574   2397.79398852877 
 575   2510.91591048321 
 576   2649.90728378245 
 577   2826.39897765326 
 578   3045.83546015159 
 579   3285.61727025059 
 580   3503.7999800303 
 581   3724.56514757209 
 582   3981.48913107886 
 583   4282.46675552712 
 584   4591.77527896818 
 585   4893.16602713338 
 586   5181.97159839575 
 587   5449.8865828764 
 588   5703.34740567241 
 589   5942.05054170951 
 590   6155.74038759595 
 591   6341.53256380139 
 592   6457.62607418167 
 593   6478.65518147756 
 594   6462.35486334166 
 595   6418.51894657397 
 596   6331.77729525227 
 597   6188.3840574723 
 598   5984.49378459607 
 599   5767.35875947187 
 600   5557.21697194614 
 601   5241.54511425908 
 602   4896.62887543509 
 603   4579.63471039831 
 604   4204.8854300069 
 605   3848.59984942404 
 606   3527.33756643168 
 607   3201.07318827966 
 608   2936.40973335197 
 609   2701.93148252782 
 610   2474.22052967861 
 611   2323.27190773743 
 612   2200.8203080466 
 613   2089.53041342963 
 614   2015.62201951406 
 615   1930.49622396093 
 616   1854.92846075583 
 617   1812.99333909344 
 618   1761.56174341692 
 619   1728.57649895328 
 620   1723.03242997596 
 621   1712.3370776635 
 622   1686.0558006729 
 623   1660.64752222781 
 624   1651.2136535908 
 625   1648.39519785656 
 626   1655.88653722391 
 627   1666.02458877791 
 628   1663.59500372818 
 629   1663.65058668804 
 630   1659.31972422519 
 631   1649.65360314243 
 632   1666.85653574704 
 633   1696.0415276246 
 634   1726.00060864478 
 635   1761.88471016012 
 636   1791.01443761195 
 637   1817.52324091207 
 638   1857.12901835907 
 639   1917.92854593425 
 640   1976.34040100337 
 641   2026.34374967754 
 642   2083.30960938427 
 643   2143.67465917396 
 644   2203.30197581749 
 645   2262.87905109181 
 646   2326.60161672276 
 647   2391.83426082228 
 648   2453.63485305571 
 649   2510.75366726433 
 650   2570.45197356746 
 651   2629.73170307843 
 652   2671.03151882525 
 653   2681.33049019319 
 654   2715.47516174223 
 655   2749.54243326213 
 656   2731.65612601475 
 657   2717.8539206608 
 658   2682.39211802718 
 659   2621.56927715653 
 660   2585.90171533903 
 661   2520.58626246282 
 662   2435.54551500118 
 663   2368.0726917787 
 664   2288.84794514047 
 665   2201.30197009027 
 666   2110.83816278859 
 667   2018.59624434704 
 668   1952.10954215731 
 669   1885.08932915562 
 670   1803.77888671243 
 671   1756.98416984373 
 672   1727.53855429073 
 673   1706.17150409133 
 674   1692.78744381628 
 675   1653.97328217172 
 676   1625.70115474365 
 677   1620.67205215597 
 678   1593.45188839445 
 679   1564.03512731598 
 680   1543.2551485276 
 681   1522.74769375183 
 682   1492.0358504754 
 683   1441.4344585307 
 684   1401.57923669327 
 685   1406.85112373675 
 686   1397.99415329722 
 687   1384.69825899805 
 688   1389.21192114896 
 689   1389.56434809499 
 690   1380.2350270531 
 691   1368.58114856829 
 692   1371.0868755292 
 693   1401.33526112997 
 694   1414.23066574535 
 695   1402.21898551273 
 696   1406.85731487957 
 697   1424.68636488728 
 698   1440.11889294362 
 699   1444.30778567366 
 700   1442.96447164996 
 701   1449.47285490452 
 702   1462.67928501114 
 703   1473.71367766663 
 704   1484.86693280436 
 705   1507.27409828116 
 706   1523.70816409434 
 707   1511.52337831307 
 708   1517.94380763348 
 709   1553.26743594397 
 710   1594.59429376206 
 711   1617.60151585266 
 712   1630.80329842378 
 713   1649.83727835725 
 714   1672.63690441938 
 715   1677.33232079939 
 716   1698.50976339367 
 717   1728.7090033955 
 718   1732.89083648262 
 719   1743.90808463471 
 720   1767.06991176229 
 721   1786.73239307177 
 722   1790.539195051 
 723   1790.1868880725 
 724   1797.97360724687 
 725   1811.29230621077 
 726   1816.92066712926 
 727   1833.92065518516 
 728   1847.16397891094 
 729   1834.18914284822 
 730   1819.50490237708 
 731   1812.03335696389 
 732   1808.40821450115 
 733   1807.34510760487 
 734   1820.94781180549 
 735   1841.68971280307 
 736   1850.63549589603 
 737   1839.83221464812 
 738   1838.27718661705 
 739   1849.17119161293 
 740   1856.48569733947 
 741   1853.67015398449 
 742   1869.45117114893 
 743   1888.51527789895 
 744   1882.05551269817 
 745   1866.93621473745 
 746   1877.93278595122 
 747   1907.37667401167 
 748   1929.26264432391 
 749   1959.68710973478 
 750   1997.6338973776 
 751   2029.66081634946 
 752   2050.44581522121 
 753   2081.40802016347 
 754   2120.39270811184 
 755   2156.33267108309 
 756   2193.42589052584 
 757   2261.20996058209 
 758   2331.05159583006 
 759   2384.86040803086 
 760   2454.42719695524 
 761   2528.41235056193 
 762   2615.48669684283 
 763   2729.34386925429 
 764   2860.38122205056 
 765   3000.22794231811 
 766   3142.89669789555 
 767   3290.39806821371 
 768   3457.01291190874 
 769   3655.03463375054 
 770   3882.27544232244 
 771   4127.55059992685 
 772   4389.11305842601 
 773   4693.53987216919 
 774   5050.79595975789 
 775   5434.21544849783 
 776   5805.63067795058 
 777   6229.69875889964 
 778   6729.91097221535 
 779   7268.97444626924 
 780   7873.50071938265 
 781   8582.63092552614 
 782   9402.83974009991 
 783   10282.6112485179 
 784   11138.2151883059 
 785   12090.3233887589 
 786   13206.4031704062 
 787   14417.1672228723 
 788   15794.3411534314 
 789   17323.285652241 
 790   19063.9604709068 
 791   21102.5180453219 
 792   23107.7116692278 
 793   25284.1440320591 
 794   27806.1524483703 
 795   30396.4482358426 
 796   32985.4826564676 
 797   35521.7861030692 
 798   37867.105064308 
 799   39839.5234770073 
 800   41425.5924431817 
 801   42547.7091934 
 802   43093.4602165863 
 803   42999.6098245704 
 804   42240.1083199387 
 805   40891.1381102305 
 806   39037.2149933483 
 807   36728.8089244343 
 808   34161.7486868918 
 809   31449.893287094 
 810   28668.9789366473 
 811   25937.3685778074 
 812   23327.9923295903 
 813   20920.1373168633 
 814   18767.4205475867 
 815   16866.0996035628 
 816   15206.5468620785 
 817   13790.6532363767 
 818   12613.1374796345 
 819   11630.8780664408 
 820   10739.8504044885 
 821   9837.12677411677 
 822   8962.22298827489 
 823   8268.8492511284 
 824   7648.44646844966 
 825   7078.01926552865 
 826   6554.72356887694 
 827   6023.55395134095 
 828   5559.09670000136 
 829   5125.12669284823 
 830   4711.00289536159 
 831   4388.21597083431 
 832   4062.52577827776 
 833   3766.13429108816 
 834   3542.98429478157 
 835   3351.94634042098 
 836   3177.37210676822 
 837   3011.01307068022 
 838   2862.77966915497 
 839   2748.55466605128 
 840   2645.53092359325 
 841   2534.79940000662 
 842   2432.21445876094 
 843   2358.98534703878 
 844   2278.75182781847 
 845   2210.62940014163 
 846   2160.33548071474 
 847   2111.94624080552 
 848   2081.45624502718 
 849   2037.24716161304 
 850   1988.9228522944 
 851   1963.44074821596 
 852   1923.670191932 
 853   1878.93688557976 
 854   1843.94442880213 
 855   1817.33695672876 
 856   1786.21248773336 
 857   1737.61070449606 
 858   1704.49561514941 
 859   1699.03695411411 
 860   1670.53521357017 
 861   1639.5424391758 
 862   1618.98344932798 
 863   1603.56276115328 
 864   1589.24050693465 
 865   1583.01505645072 
 866   1575.48107066067 
 867   1556.88355428305 
 868   1535.43051478 
 869   1533.8950553575 
 870   1544.52169189995 
 871   1544.84894330589 
 872   1525.6909473091 
 873   1506.18866707315 
 874   1493.82125395114 
 875   1486.99254903393 
 876   1485.01826105796 
 877   1491.81359186906 
 878   1500.06251816192 
 879   1496.56425339511 
 880   1489.35235582536 
 881   1502.7438764749 
 882   1497.93425003186 
 883   1489.70908222345 
 884   1499.65522769484 
 885   1503.81322803798 
 886   1474.93551355952 
 887   1451.31597714981 
 888   1447.54344829966 
 889   1436.65206625712 
 890   1426.30667829834 
 891   1438.69246703 
 892   1441.1037446802 
 893   1409.93844223773 
 894   1407.06859224763 
 895   1419.32034632915 
 896   1421.79479454018 
 897   1417.72978918178 
 898   1422.10900643675 
 899   1401.30756792515 
 900   1375.62941453965 
 901   1374.99362588377 
 902   1388.35104339983 
 903   1378.95126075973 
 904   1377.12851923473 
 905   1386.39090059549 
 906   1384.36631705312 
 907   1387.58549371119 
 908   1409.21345467967 
 909   1426.97681172448 
 910   1434.21676698641 
 911   1461.41504665883 
 912   1487.84528562272 
 913   1486.56112885824 
 914   1480.89025967266 
 915   1508.85752546199 
 916   1531.21500842149 
 917   1547.08375419655 
 918   1577.97278983709 
 919   1612.44311523437 
 920   1603.17707715275 
 921   1603.13295384214 
 922   1658.21559688515 
 923   1735.88705152809 
 924   1776.97369264124 
 925   1839.29151060203 
 926   1917.68369756874 
 927   1989.07600659221 
 928   2068.54028932005 
 929   2196.66402288215 
 930   2339.82078288817 
 931   2487.03015005999 
 932   2648.42052022685 
 933   2837.95438425486 
 934   3102.67064563402 
 935   3387.96394477725 
 936   3677.67581716373 
 937   4015.2444268817 
 938   4388.92194637838 
 939   4785.6493650197 
 940   5164.56879658013 
 941   5544.24508550972 
 942   5981.16049128358 
 943   6325.83418535923 
 944   6666.53970463313 
 945   7002.17949669819 
 946   7210.69096131741 
 947   7359.97792075021 
 948   7446.06356474157 
 949   7537.78085074578 
 950   7590.72325231622 
 951   7430.12855468729 
 952   7239.82980463765 
 953   7018.77608180651 
 954   6729.09113208026 
 955   6393.5171285327 
 956   6019.15369485655 
 957   5675.54914143332 
 958   5338.84428188366 
 959   4984.98277820845 
 960   4659.15158453527 
 961   4343.29228174523 
 962   4022.96037886155 
 963   3735.79963158414 
 964   3502.35440898336 
 965   3269.09070515621 
 966   3069.47865542129 
 967   2879.11750297541 
 968   2701.06737796066 
 969   2578.31070816632 
 970   2461.32597427675 
 971   2346.03682183032 
 972   2239.75076275174 
 973   2151.75276802772 
 974   2089.09395871379 
 975   2019.09086213946 
 976   1965.67148469291 
 977   1927.60614422537 
 978   1879.53875983121 
 979   1843.65370479599 
 980   1822.66274829059 
 981   1798.00464820433 
 982   1773.69660561106 
 983   1772.42943206221 
 984   1776.01780215658 
 985   1778.40750323252 
 986   1795.02308706248 
 987   1826.26305937063 
 988   1851.25661436216 
 989   1895.74506505333 
 990   1965.1518391134 
 991   2043.71201497807 
 992   2125.42911074369 
 993   2229.62337451017 
 994   2357.80492203778 
 995   2504.23049004288 
 996   2707.62268139989 
 997   2985.18903693044 
 998   3248.33082435455 
 999   3592.01944672219 
 1000   4024.33735734612 
 1001   4492.6878680869 
 1002   4990.10342794227 
 1003   5515.74186766572 
 1004   6023.22080374806 
 1005   6489.36427252081 
 1006   6919.91660999868 
 1007   7293.70955176318 
 1008   7525.18648678117 
 1009   7614.59191825452 
 1010   7583.53704286874 
 1011   7434.74988336815 
 1012   7170.04127864093 
 1013   6803.08413553226 
 1014   6343.36759445616 
 1015   5809.85737393374 
 1016   5248.94327711283 
 1017   4719.71985065302 
 1018   4221.72602228703 
 1019   3741.71530206339 
 1020   3328.57963175852 
 1021   3000.84410794877 
 1022   2655.63973216221 
 1023   2412.25162880512 
 1024   2242.00615075253 
 1025   2085.96466024834 
 1026   1963.25208655871 
 1027   1859.87177053842 
 1028   1779.26245958506 
 1029   1715.31638726276 
 1030   1675.95962739557 
 1031   1666.13969555695 
 1032   1640.63273569926 
 1033   1625.28797737035 
 1034   1637.30023962613 
 1035   1653.90797627231 
 1036   1657.31977958354 
 1037   1681.97309757048 
 1038   1708.06313413326 
 1039   1745.00342003753 
 1040   1797.86256252055 
 1041   1845.73102317526 
 1042   1895.08547137291 
 1043   1915.66270412008 
 1044   1947.61098020742 
 1045   2002.30839150254 
 1046   2034.94503368815 
 1047   2073.39716052416 
 1048   2059.1089971068 
 1049   2011.79449491409 
 1050   1965.26034088573 
 1051   1908.7424130489 
 1052   1860.99917032059 
 1053   1800.68726179623 
 1054   1732.74419542438 
 1055   1659.09945937763 
 1056   1577.05014757293 
 1057   1528.08976812647 
 1058   1510.17214731633 
 1059   1486.18865555353 
 1060   1435.76115426237 
 1061   1378.94242541806 
 1062   1349.88979011869 
 1063   1352.00673024039 
 1064   1337.57383159775 
 1065   1316.18607620969 
 1066   1321.5391127904 
 1067   1307.8048862042 
 1068   1294.95543139598 
 1069   1308.974854684 
 1070   1336.36097036678 
 1071   1338.91365171446 
 1072   1312.28438999919 
 1073   1314.52648664492 
 1074   1297.7307476809 
 1075   1260.77665082944 
 1076   1251.20048863241 
 1077   1263.10245685442 
 1078   1262.85404730259 
 1079   1246.40621303454 
 1080   1232.30913784171 
 1081   1232.73484749136 
 1082   1238.36159996611 
 1083   1235.91076425127 
 1084   1240.65058284857 
 1085   1243.57886879852 
 1086   1231.29732275095 
 1087   1215.82029751193 
 1088   1218.18164598486 
 1089   1229.075862278 
 1090   1237.68557305614 
 1091   1244.16605645248 
 1092   1248.11670192932 
 1093   1242.61194204373 
 1094   1239.21756571338 
 1095   1245.55116451982 
 1096   1252.73418206919 
 1097   1253.34399877073 
 1098   1247.48909718025 
 1099   1225.16013144706 
 1100   1223.43209749316 
 1101   1240.94210770066 
 1102   1248.32387744125 
 1103   1241.16942762938 
 1104   1237.52587587087 
 1105   1207.86619609665 
 1106   1187.62953386141 
 1107   1196.88343895224 
 1108   1208.81965259041 
 1109   1204.58025997625 
 1110   1195.00581033722 
 1111   1218.87854368845 
 1112   1227.05833214796 
 1113   1217.01837606164 
 1114   1245.24477862086 
 1115   1234.69430341421 
 1116   1237.91189824526 
 1117   1251.13210704099 
 1118   1247.11238937808 
 1119   1239.36673221305 
 1120   1251.78494941164 
 1121   1264.02491008678 
 1122   1259.20511239296 
 1123   1261.33813571963 
 1124   1267.46226891769 
 1125   1250.84937184538 
 1126   1255.00992960047 
 1127   1266.53632514985 
 1128   1265.36663490366 
 1129   1247.80181133792 
 1130   1230.6952154657 
 1131   1231.85476513428 
 1132   1230.78704537193 
 1133   1242.4514325025 
 1134   1254.52337006276 
 1135   1251.89274813299 
 1136   1256.78848413832 
 1137   1290.23063360752 
 1138   1306.48007045681 
 1139   1318.46265533135 
 1140   1342.78757628408 
 1141   1358.60391615706 
 1142   1349.61462935803 
 1143   1353.99047701599 
 1144   1392.12336555587 
 1145   1398.87155919995 
 1146   1384.51126890063 
 1147   1404.21533093492 
 1148   1421.31080739221 
 1149   1433.82797484588 
 1150   1463.55015355591 
 1151   1495.62038728861 
 1152   1503.94280971637 
 1153   1503.99221014223 
 1154   1534.4458033632 
 1155   1562.52371823035 
 1156   1584.02597520195 
 1157   1617.67862442049 
 1158   1651.60626068887 
 1159   1669.94597389534 
 1160   1713.51084716362 
 1161   1752.97787897151 
 1162   1776.21804016049 
 1163   1817.94417942452 
 1164   1876.75283036167 
 1165   1905.68133445223 
 1166   1932.42359147681 
 1167   1976.94718255937 
 1168   2003.79489881712 
 1169   2002.46268341568 
 1170   2011.21984785158 
 1171   2042.2906795432 
 1172   2043.7968430892 
 1173   2055.79045757782 
 1174   2078.70714245615 
 1175   2092.02773702663 
 1176   2107.70011971845 
 1177   2143.04391726252 
 1178   2168.50306736035 
 1179   2194.35767707779 
 1180   2215.4346843132 
 1181   2238.2072933842 
 1182   2257.33694721117 
 1183   2252.15818083243 
 1184   2272.34268344353 
 1185   2274.38665358014 
 1186   2288.67927710138 
 1187   2305.1967794357 
 1188   2297.23534271431 
 1189   2306.32835405649 
 1190   2316.08675800029 
 1191   2342.59696612406 
 1192   2353.47888493249 
 1193   2363.72901668367 
 1194   2393.01582985902 
 1195   2406.12574421502 
 1196   2427.28067209012 
 1197   2457.06030259644 
 1198   2477.53159973451 
 1199   2504.2148527129 
 1200   2536.03558714662 
 1201   2538.68685556713 
 1202   2529.40879968634 
 1203   2519.17372775527 
 1204   2527.75011327784 
 1205   2532.88562013998 
 1206   2511.27565399255 
 1207   2476.97462730134 
 1208   2445.194486535 
 1209   2430.26543866026 
 1210   2418.51259942286 
 1211   2405.47032007114 
 1212   2379.39993267673 
 1213   2337.56203011697 
 1214   2311.58631464039 
 1215   2295.05037952775 
 1216   2271.97601510476 
 1217   2263.11953076756 
 1218   2254.87135275077 
 1219   2233.02266226666 
 1220   2230.93975703849 
 1221   2237.06354451137 
 1222   2226.4414884815 
 1223   2218.72644260363 
 1224   2209.96794568121 
 1225   2187.28601790079 
 1226   2168.46667135323 
 1227   2167.19701569318 
 1228   2163.01201589658 
 1229   2142.01385042228 
 1230   2142.94436911133 
 1231   2152.04197581119 
 1232   2142.11931930586 
 1233   2148.99237388194 
 1234   2148.12759225992 
 1235   2145.03351338915 
 1236   2140.4561332652 
 1237   2144.4191787055 
 1238   2142.08965672187 
 1239   2127.67038996832 
 1240   2151.78148422227 
 1241   2160.07521541086 
 1242   2152.34217711114 
 1243   2160.1311572877 
 1244   2178.25526302078 
 1245   2187.61835033199 
 1246   2201.36657099551 
 1247   2225.97194824517 
 1248   2229.40067218605 
 1249   2238.42566399611 
 1250   2273.11594849134 
 1251   2308.0209820437 
 1252   2327.6830223898 
 1253   2354.32085017966 
 1254   2379.97747914502 
 1255   2423.88055516287 
 1256   2474.04571702794 
 1257   2522.1474890409 
 1258   2555.24112828327 
 1259   2569.00346549788 
 1260   2598.67471191103 
 1261   2632.55011319059 
 1262   2673.37818094412 
 1263   2724.34821974315 
 1264   2770.82656617064 
 1265   2808.72370130872 
 1266   2863.30599252572 
 1267   2944.59500146075 
 1268   3010.73372276752 
 1269   3072.33314727209 
 1270   3138.48242637372 
 1271   3185.74731540392 
 1272   3225.76012594356 
 1273   3292.48343527706 
 1274   3346.59393833269 
 1275   3381.43744375457 
 1276   3424.18943627825 
 1277   3472.91674337121 
 1278   3521.6433170726 
 1279   3580.69826699915 
 1280   3652.82671480717 
 1281   3718.07625333923 
 1282   3765.33698484773 
 1283   3838.91193080346 
 1284   3920.90235409825 
 1285   3998.471645968 
 1286   4074.53153938699 
 1287   4136.42221570003 
 1288   4193.28428963474 
 1289   4261.23310937321 
 1290   4328.58464697136 
 1291   4411.05162582192 
 1292   4497.46968018675 
 1293   4565.99061312538 
 1294   4619.22361088314 
 1295   4675.64957407704 
 1296   4765.85515368304 
 1297   4832.41576124118 
 1298   4903.87329954655 
 1299   4976.44873461543 
 1300   5034.99899593128 
 1301   5094.3012764522 
 1302   5164.84289656689 
 1303   5244.46683505395 
 1304   5249.88037528512 
 1305   5275.89813494899 
 1306   5339.50768336631 
 1307   5363.95997941758 
 1308   5358.79322983891 
 1309   5393.89777963613 
 1310   5432.04631184342 
 1311   5444.68738212996 
 1312   5506.04013283947 
 1313   5552.26462530873 
 1314   5578.03443790687 
 1315   5611.61625630738 
 1316   5659.98008287282 
 1317   5737.01890595958 
 1318   5787.1441939057 
 1319   5859.51641222448 
 1320   5884.57000972725 
 1321   5915.40424042404 
 1322   5957.3521614752 
 1323   5978.27923695855 
 1324   5983.40065722798 
 1325   5931.58202832242 
 1326   5866.45941372111 
 1327   5798.22161372149 
 1328   5749.24785427785 
 1329   5677.05632968969 
 1330   5562.64618581248 
 1331   5461.89275338586 
 1332   5384.23503489 
 1333   5271.26836388971 
 1334   5177.51159553631 
 1335   5057.22297076279 
 1336   4935.15206343962 
 1337   4827.87772912042 
 1338   4746.83106600253 
 1339   4657.72490612022 
 1340   4531.2399693545 
 1341   4466.06196693332 
 1342   4404.04296312736 
 1343   4351.08302280619 
 1344   4316.56183250249 
 1345   4273.20062020324 
 1346   4203.83591312377 
 1347   4154.09645419675 
 1348   4141.94196881721 
 1349   4103.01666243692 
 1350   4107.27491588879 
 1351   4094.12871224598 
 1352   4067.52706969712 
 1353   4060.19728438077 
 1354   4071.11078656277 
 1355   4070.24405026259 
 1356   4064.17123614853 
 1357   4089.25549580896 
 1358   4087.82975982655 
 1359   4120.4634757756 
 1360   4146.92550400676 
 1361   4180.79107902512 
 1362   4253.91414557704 
 1363   4332.55050558646 
 1364   4418.81909926406 
 1365   4573.7732989949 
 1366   4759.94988729201 
 1367   5003.90796116944 
 1368   5342.20740056012 
 1369   5752.95752093627 
 1370   6208.75853881276 
 1371   6750.36294564337 
 1372   7347.39709140031 
 1373   7914.79116807309 
 1374   8477.85644531204 
 1375   8907.11065347295 
 1376   9246.19869434063 
 1377   9487.1469294084 
 1378   9597.09980537875 
 1379   9547.14486486286 
 1380   9457.13445225827 
 1381   9303.23478156879 
 1382   8909.3079070029 
 1383   8545.24779916588 
 1384   8131.7490417353 
 1385   7759.54109428452 
 1386   7425.51834541894 
 1387   7266.82864414453 
 1388   7187.93408236244 
 1389   7155.84511906217 
 1390   7335.0638088655 
 1391   7649.72942247181 
 1392   8105.30044160681 
 1393   8652.28027602566 
 1394   9309.38293603745 
 1395   10083.0991958821 
 1396   10954.0702752031 
 1397   11897.6056915774 
 1398   12863.6619100173 
 1399   13778.0057489129 
 1400   14641.4607605645 
 1401   15496.8524999477 
 1402   16159.8099088296 
 1403   16672.3568957722 
 1404   17040.1720300059 
 1405   17242.9818456487 
 1406   17140.7016517484 
 1407   16778.1645378759 
 1408   16317.1321476682 
 1409   15789.0153182124 
 1410   15255.0734609713 
 1411   14482.7516205349 
 1412   13686.8877243364 
 1413   12860.2623089376 
 1414   12108.2445737255 
 1415   11466.1559363025 
 1416   10873.0593529916 
 1417   10337.8799395359 
 1418   9897.07477573527 
 1419   9542.35185316142 
 1420   9258.17311461096 
 1421   9031.22541505404 
 1422   8870.61996452831 
 1423   8718.1458948257 
 1424   8606.01552990668 
 1425   8554.77698879879 
 1426   8535.86237244275 
 1427   8551.05222585036 
 1428   8608.16871871607 
 1429   8660.78887302523 
 1430   8668.87364886903 
 1431   8697.4989295928 
 1432   8738.69737847444 
 1433   8769.87349623362 
 1434   8772.46452442128 
 1435   8725.20754232823 
 1436   8648.10226861472 
 1437   8579.37775518156 
 1438   8532.07206381732 
 1439   8493.65433410422 
 1440   8415.02096676537 
 1441   8341.71947988474 
 1442   8259.61131160334 
 1443   8189.97141355371 
 1444   8106.26089501283 
 1445   8045.01272022596 
 1446   7977.91684283723 
 1447   7885.64978733899 
 1448   7810.31451408837 
 1449   7715.72352950367 
 1450   7647.61630728174 
 1451   7559.31156333834 
 1452   7473.50668683731 
 1453   7353.41778220818 
 1454   7212.9090573052 
 1455   7089.4692796663 
 1456   6921.39664738371 
 1457   6712.82836544505 
 1458   6502.99690952344 
 1459   6260.49419956829 
 1460   6010.07419292618 
 1461   5719.94950558702 
 1462   5454.35315440502 
 1463   5182.8612804774 
 1464   4956.31581203409 
 1465   4725.03128960026 
 1466   4529.30965028079 
 1467   4358.56078030238 
 1468   4205.84469774182 
 1469   4103.68487574217 
 1470   4001.25283124199 
 1471   3899.83695965684 
 1472   3824.14473985003 
 1473   3773.33802313419 
 1474   3732.10863701768 
 1475   3677.99221857399 
 1476   3645.21994234517 
 1477   3623.81206584813 
 1478   3584.76171062274 
 1479   3555.44251434633 
 1480   3555.89980199062 
 1481   3547.77799558332 
 1482   3522.58757251611 
 1483   3520.05285006798 
 1484   3514.71177182931 
 1485   3482.1492486625 
 1486   3478.21371462309 
 1487   3459.56804246349 
 1488   3419.72024895141 
 1489   3396.35404284114 
 1490   3365.01757730806 
 1491   3313.60775446259 
 1492   3280.72330769466 
 1493   3259.18930433348 
 1494   3228.58306772309 
 1495   3214.45246352023 
 1496   3182.983286064 
 1497   3136.6315116044 
 1498   3133.45410322473 
 1499   3120.99308614032 
 1500   3110.6037976353 
 1501   3118.19611055223 
 1502   3081.96507239468 
 1503   3049.21523712306 
 1504   3058.8375926998 
 1505   3059.33641580637 
 1506   3059.70596181946 
 1507   3048.35225981718 
 1508   3055.11579541307 
 1509   3061.07959120224 
 1510   3063.64635278997 
 1511   3035.49502919666 
 1512   3035.7733274129 
 1513   3005.98006597124 
 1514   2980.91932336808 
 1515   2976.26636156406 
 1516   2953.55692524418 
 1517   2948.76666084416 
 1518   2979.38007399283 
 1519   2998.20061198527 
 1520   3003.96895976242 
 1521   3006.6452508566 
 1522   2999.01771478322 
 1523   2995.22541606091 
 1524   3009.44753782247 
 1525   3007.46340190269 
 1526   3019.91427287497 
 1527   3018.57407122294 
 1528   3009.41714678317 
 1529   3021.07583637524 
 1530   3031.89083431238 
 1531   3018.30764882062 
 1532   3003.03248781016 
 1533   2991.25618657801 
 1534   2961.55514997872 
 1535   2976.47453028995 
 1536   2979.50326500213 
 1537   2991.21456006648 
 1538   3008.15247230041 
 1539   2998.68388422143 
 1540   2996.53700244095 
 1541   3001.17812269686 
 1542   2974.73523413801 
 1543   2966.62279262019 
 1544   2953.11677054684 
 1545   2913.33463619124 
 1546   2894.02561853997 
 1547   2879.62263529897 
 1548   2876.52251405955 
 1549   2868.15436381966 
 1550   2886.75418183987 
 1551   2879.10523083141 
 1552   2888.99347797643 
 1553   2860.64742477421 
 1554   2887.05350687886 
 1555   2911.6032678091 
 1556   2907.69731827253 
 1557   2884.38166794773 
 1558   2864.80576226627 
 1559   2870.54003484203 
 1560   2891.11230785492 
 1561   2889.6977556583 
 1562   2852.40564914268 
 1563   2832.54105152122 
 1564   2850.76233267501 
 1565   2864.44257274522 
 1566   2888.56090286239 
 1567   2884.60691708783 
 1568   2889.70887957652 
 1569   2906.94549181808 
 1570   2948.9156081376 
 1571   2956.51203557801 
 1572   2974.71395597109 
 1573   2968.07921121922 
 1574   2955.51485582758 
 1575   2967.79465842377 
 1576   2985.62705349744 
 1577   2985.59688103226 
 1578   2978.55840797232 
 1579   2983.08104431264 
 1580   2987.76937367009 
 1581   3020.40494024997 
 1582   3045.3486623733 
 1583   3047.14010383144 
 1584   3051.52742317352 
 1585   3080.54551615086 
 1586   3111.96445261166 
 1587   3147.36790531037 
 1588   3177.28078817557 
 1589   3194.66774060192 
 1590   3229.43993362689 
 1591   3262.41456503019 
 1592   3293.50578862266 
 1593   3345.85708611482 
 1594   3405.48191376906 
 1595   3443.0128954042 
 1596   3499.21974423842 
 1597   3572.23801497496 
 1598   3622.91239392413 
 1599   3692.36067082576 
 1600   3730.25488165978 
 1601   3765.54841969458 
 1602   3814.26263513427 
 1603   3887.18114554602 
 1604   3915.6307989367 
 1605   4008.30292823467 
 1606   4097.08066357618 
 1607   4165.52899858981 
 1608   4209.08924701682 
 1609   4274.15509037065 
 1610   4350.76703950494 
 1611   4419.03082596313 
 1612   4488.90028203488 
 1613   4528.76324633474 
 1614   4598.94239743905 
 1615   4706.21703129873 
 1616   4815.1009519684 
 1617   4903.59783255721 
 1618   4962.46473861984 
 1619   5070.58337990617 
 1620   5206.25548852265 
 1621   5341.9395406943 
 1622   5485.54206593963 
 1623   5692.78724593354 
 1624   5908.21486534235 
 1625   6222.30215545434 
 1626   6604.60254808039 
 1627   7105.5990130679 
 1628   7604.88615423518 
 1629   8203.42863534119 
 1630   8923.01100121462 
 1631   9759.03252049822 
 1632   10735.9091044109 
 1633   11769.0127926542 
 1634   12823.5219874366 
 1635   13931.1442866571 
 1636   15082.0122712628 
 1637   16156.8438286031 
 1638   17033.1973402222 
 1639   17719.8858928806 
 1640   18049.0238577683 
 1641   18179.2839098416 
 1642   18182.8405104939 
 1643   17752.395589955 
 1644   17150.7838130239 
 1645   16415.7649770514 
 1646   15581.2785287344 
 1647   14727.808402276 
 1648   13974.4545900736 
 1649   13278.3676136749 
 1650   12717.0969494885 
 1651   12311.0993995328 
 1652   12034.0104853233 
 1653   11841.9361879983 
 1654   11804.2208443121 
 1655   11855.2306299681 
 1656   11941.0745604081 
 1657   12016.0700257337 
 1658   12059.3190843169 
 1659   12019.0694751851 
 1660   12012.3599459743 
 1661   11884.0532648904 
 1662   11726.1402187809 
 1663   11483.7135618308 
 1664   11186.9304413484 
 1665   10896.7606752213 
 1666   10603.8385772501 
 1667   10317.5290553465 
 1668   10030.4091414133 
 1669   9746.05827899824 
 1670   9520.0973324607 
 1671   9354.23418409312 
 1672   9205.10725692042 
 1673   9092.38116201183 
 1674   8998.2283575485 
 1675   8938.7765385604 
 1676   8950.48622449337 
 1677   8944.37536013662 
 1678   8920.10017965199 
 1679   8909.65461239289 
 1680   8912.08407404118 
 1681   8924.17846933632 
 1682   8922.28660547664 
 1683   8923.77748099495 
 1684   8934.24771587444 
 1685   8948.43549408381 
 1686   8982.7108105173 
 1687   8982.24181127476 
 1688   8972.88365932997 
 1689   8955.16674115014 
 1690   8998.02912926078 
 1691   8965.79406903731 
 1692   8953.70286136561 
 1693   8916.640464101 
 1694   8874.24855639343 
 1695   8832.11406748803 
 1696   8718.34359743964 
 1697   8630.67449065441 
 1698   8531.80432181015 
 1699   8388.81382648999 
 1700   8217.66334388141 
 1701   8075.13206859384 
 1702   7889.58418384658 
 1703   7765.719026158 
 1704   7595.00704958678 
 1705   7424.84675794989 
 1706   7284.0855826664 
 1707   7130.55125565209 
 1708   6942.25386050223 
 1709   6768.99361009449 
 1710   6559.82408717789 
 1711   6353.64054704957 
 1712   6151.66632488658 
 1713   5941.6601530808 
 1714   5758.44149827244 
 1715   5580.54682869703 
 1716   5391.93840216336 
 1717   5218.39947419261 
 1718   5043.46525358454 
 1719   4847.85072928314 
 1720   4672.37218795304 
 1721   4485.13907318123 
 1722   4275.45934071834 
 1723   4097.97344516549 
 1724   3929.53004563792 
 1725   3751.55129262568 
 1726   3606.20945470892 
 1727   3470.47128855068 
 1728   3331.90201350191 
 1729   3225.4067853545 
 1730   3118.94974641361 
 1731   3008.99056612328 
 1732   2906.86668394791 
 1733   2815.56043006866 
 1734   2727.4664894571 
 1735   2646.17659996911 
 1736   2558.19387577932 
 1737   2487.31945727656 
 1738   2436.21364200097 
 1739   2385.0316316654 
 1740   2323.84579800938 
 1741   2233.54849922812 
 1742   2161.74500107184 
 1743   2101.4746442262 
 1744   2029.98010258157 
 1745   1959.06111229838 
 1746   1901.27717863593 
 1747   1845.94647117569 
 1748   1808.9981499603 
 1749   1790.26039005565 
 1750   1746.49388155597 
 1751   1715.27689051459 
 1752   1690.19919542 
 1753   1644.51558188776 
 1754   1619.71695171034 
 1755   1591.68932686886 
 1756   1561.56413789306 
 1757   1569.36064470776 
 1758   1552.56145062701 
 1759   1533.35340023228 
 1760   1507.23034978986 
 1761   1484.81588785668 
 1762   1467.56090527168 
 1763   1438.23472621987 
 1764   1395.16716410421 
 1765   1395.45169831497 
 1766   1382.24876770027 
 1767   1378.61499749423 
 1768   1361.03150430648 
 1769   1346.79029565266 
 1770   1340.51748296391 
 1771   1331.11528812118 
 1772   1306.63670904458 
 1773   1291.82827520158 
 1774   1283.41380373576 
 1775   1278.31494607273 
 1776   1290.68705755172 
 1777   1290.27773327807 
 1778   1275.30992280179 
 1779   1249.20074952205 
 1780   1241.06606580688 
 1781   1235.23134336799 
 1782   1244.10212459035 
 1783   1215.92945436226 
 1784   1167.02060337178 
 1785   1152.147251666 
 1786   1160.58141614285 
 1787   1144.94578904369 
 1788   1123.90638224327 
 1789   1098.45600429322 
 1790   1085.00900962472 
 1791   1090.98445912912 
 1792   1102.73185249197 
 1793   1093.55189173273 
 1794   1092.31521535908 
 1795   1087.86721739823 
 1796   1103.23685762058 
 1797   1107.92778255185 
 1798   1111.60037788588 
 1799   1112.92691885121 
 1800   1098.93032025822 
 1801   1082.63095571369 
 1802   1091.59930218048 
 1803   1087.16970886472 
 1804   1073.50536785345 
 1805   1037.60886258023 
 1806   1022.68386356631 
 1807   1022.94551120246 
 1808   1038.83581133777 
 1809   1018.47468175267 
 1810   986.649228313803 
 1811   976.445927282042 
 1812   983.946994461099 
 1813   983.553789673902 
 1814   974.70057435656 
 1815   949.451432026785 
 1816   960.54174177665 
 1817   998.697714157959 
 1818   1009.92817943682 
 1819   1011.8808424743 
 1820   995.727361696383 
 1821   988.797398993006 
 1822   993.700483393539 
 1823   976.288199659856 
 1824   951.184712235035 
 1825   957.279221431774 
 1826   930.188932903025 
 1827   915.154909175518 
 1828   922.52063364587 
 1829   924.902485799567 
 1830   934.829226001758 
 1831   941.62891872783 
 1832   926.464168016704 
 1833   951.451481998865 
 1834   962.948091621496 
 1835   924.433502283404 
 1836   901.129473764928 
 1837   908.744111128617 
 1838   900.034903124972 
 1839   885.224318353195 
 1840   873.410837051378 
 1841   866.225235480815 
 1842   908.725763627044 
 1843   916.442973509386 
 1844   906.278587560792 
 1845   928.830559277209 
 1846   920.859953518425 
 1847   926.551390618605 
 1848   940.097686791467 
 1849   927.393245888717 
 1850   922.847389128724 
 1851   891.894373467103 
 1852   880.944778547395 
 1853   907.540564363987 
 1854   892.120038942231 
 1855   888.591053080178 
 1856   877.093167873973 
 1857   872.151499796518 
 1858   862.589913445301 
 1859   856.752844241774 
 1860   847.640049925624 
 1861   853.9649841209 
 1862   841.597900894745 
 1863   858.577234030933 
 1864   874.654424766488 
 1865   894.239553404433 
 1866   891.073360062724 
 1867   890.063010075905 
 1868   902.384987314018 
 1869   899.760333116892 
 1870   888.103657074477 
 1871   904.901094059377 
 1872   925.170731759191 
 1873   943.646941045911 
 1874   933.825948359057 
 1875   929.332898292768 
 1876   916.21428426793 
 1877   915.552894581216 
 1878   878.459376422526 
 1879   841.100735073028 
 1880   836.781500640683 
 1881   834.794279354076 
 1882   827.612108798879 
 1883   843.416072059349 
 1884   845.314259738885 
 1885   846.458438700238 
 1886   857.604981387571 
 1887   833.506512580987 
 1888   830.022849662123 
 1889   833.085235428008 
 1890   828.620471175022 
 1891   837.420040190833 
 1892   841.181836203635 
 1893   836.170283538243 
 1894   812.308195865961 
 1895   797.83974140672 
 1896   795.335136592935 
 1897   763.908092439781 
 1898   758.399831219073 
 1899   761.984768721704 
 1900   771.997125016015 
 1901   790.113945509291 
 1902   765.365339054764 
 1903   766.434069132376 
 1904   734.989800047119 
 1905   727.069154240186 
 1906   701.9149772872 
 1907   706.067307367494 
 1908   709.537481398611 
 1909   735.336896174232 
 1910   745.787634831723 
 1911   771.855533022622 
 1912   771.909518772182 
 1913   774.479991996227 
 1914   779.877719120484 
 1915   760.671679651668 
 1916   756.329350374101 
 1917   747.82697882957 
 1918   708.45995279003 
 1919   698.383754175784 
 1920   704.248473565176 
 1921   683.826254863848 
 1922   678.402567570653 
 1923   646.216715373257 
 1924   642.006508591502 
 1925   661.937091806561 
 1926   649.109878343138 
 1927   643.960182670346 
 1928   640.78231001317 
 1929   635.541526157423 
 1930   642.075062279694 
 1931   639.960570679848 
 1932   620.128105291585 
 1933   596.141961758107 
 1934   580.05987809824 
 1935   582.995268955362 
 1936   582.707887208011 
 1937   655.182072097614 
 1938   646.143292248879 
 1939   652.750111837436 
 1940   647.095045185954 
 1941   641.282764546718 
 1942   634.285844388137 
 1943   597.912943341548 
 1944   537.487574994721 
 1945   542.485243350285 
 1946   514.63063302656 
 1947   553.350830729088 
 1948   586.10021021027 
 1949   592.687033055657 
 1950   604.605190794666 
 1951   620.888104660145 
 1952   642.681345737765 
 1953   625.995858615164 
 1954   599.515855660094 
 1955   576.726359858755 
 1956   570.825490593516 
 1957   565.055157101682 
 1958   526.136893725485 
 1959   544.10629774546 
 1960   546.161902149466 
 1961   527.537131104667 
 1962   531.161932112334 
 1963   519.863759985342 
 1964   551.082146186247 
 1965   573.123566195733 
 1966   553.959976518677 
 1967   586.726373263404 
 1968   589.738901733336 
 1969   594.565390131942 
 1970   571.855388913427 
 1971   543.642573061153 
 1972   563.254352202362 
 1973   530.5607636312 
 1974   491.078067339011 
 1975   495.936880040671 
 1976   489.006729482083 
 1977   483.071241882107 
 1978   444.451364479935 
 1979   436.612533737298 
 1980   474.791965444275 
 1981   467.005669135195 
 1982   446.098015866937 
 1983   460.072462525892 
 1984   478.11470133944 
 1985   483.606755667101 
 1986   481.078389813846 
 1987   485.292401236968 
 1988   483.024658885636 
 1989   479.625980307355 
 1990   490.340741296677 
 1991   494.402254404769 
 1992   490.890725150034 
 1993   483.282221185484 
 1994   471.731499632976 
 1995   473.320239886351 
 1996   458.881149448927 
 1997   430.997857640886 
 1998   428.923808349929 
 1999   424.938710091233 
 2000   426.824172007522 
 2001   423.816223072588 
 2002   404.144134296843 
 2003   403.887476959659 
 2004   402.146145825512 
 2005   393.811198122882 
 2006   399.171374305112 
 2007   409.895665113796 
 2008   421.138109288979 
 2009   427.911642690018 
 2010   404.818156021161 
 2011   379.790302217475 
 2012   380.46299329971 
 2013   362.899220479372 
 2014   381.372653941959 
 2015   371.325569716747 
 2016   383.198176561718 
 2017   408.384011936437 
 2018   416.559730671291 
 2019   419.140120921229 
 2020   310.2893613191 
 2021   86.2553319774894 
 2022   85.443646697212 
 2023   72.3788359151065 
 2024   85.2872395411229 
 2025   90.4871849506143 
 2026   79.6829037067294 
 2027   423.797523132044 
 2028   368.348841368413 
 2029   366.259891805731 
 2030   350.673647791019 
 2031   348.628025017372 
 2032   331.854568165215 
 2033   341.859549368707 
 2034   343.803299266885 
 2035   330.062890867506 
 2036   323.542939497522 
 2037   347.355757891227 
 2038   352.06265012461 
 2039   357.257270151761 
 2040   334.243556676486 
 2041   338.353617447664 
 2042   345.535374708937 
 2043   315.075175608374 
 2044   291.387013345258 
 2045   276.335335453815 
 2046   283.907443156398 
 2047   295.653297814421 
 2048   298.82798596804 
 2049   296.731278482472 
 2050   290.389303364615 
 2051   298.479777243294 
 2052   308.322400220303 
 2053   296.458117023539 
 2054   291.160305360739 
 2055   284.180753887953 
 2056   308.824745203352 
 2057   312.946458695292 
 2058   308.721866713341 
 2059   312.453752514243 
 2060   313.643323564985 
 2061   318.534635420459 
 2062   341.382546035451 
 2063   333.543509276349 
 2064   357.198079425952 
 2065   351.815102757043 
 2066   353.019159126061 
 2067   320.393523482493 
 2068   318.90662462699 
 2069   309.403035969608 
 2070   306.920734085256 
 2071   283.290158792876 
 2072   286.471035446639 
 2073   306.321301309402 
 2074   305.655093831313 
 2075   316.681593532067 
 2076   299.612056804333 
 2077   293.063528257184 
 2078   305.489339838249 
 2079   291.862311846441 
 2080   283.393294354913 
 2081   278.07185730658 
 2082   294.742783520657 
 2083   289.939415838207 
 2084   277.852662083364 
 2085   291.875902098039 
 2086   301.877612377064 
 2087   292.72679585794 
 2088   277.917313400742 
 2089   295.206067575983 
 2090   302.151489633446 
 2091   276.767945899662 
 2092   287.266794676107 
 2093   278.208109051551 
 2094   286.046512396137 
 2095   253.499472133785 
 2096   257.856899151358 
 2097   283.461017249917 
 2098   251.669121360337 
 2099   263.755686695641 
 2100   244.902648146796 
 2101   241.366625999254 
 2102   254.721011723085 
 2103   235.576573442512 
 2104   261.716644396643 
 2105   235.180929443871 
 2106   225.688751103812 
 2107   264.535495296631 
 2108   240.560850967941 
 2109   233.931758011034 
 2110   185.184887823084 
 2111   202.63963759621 
 2112   230.747809297077 
 2113   196.523507301693 
 2114   196.129416449176 
 2115   181.399770880576 
 2116   207.310004867007 
 2117   200.643321604545 
 2118   185.690133718231 
 2119   206.263631154291 
 2120   222.757422713885 
 2121   217.625265724931 
 2122   199.121603153948 
 2123   184.647341286342 
 2124   162.796943537203 
 2125   139.672299729873 
 2126   116.404970003811 
 2127   119.842681647372 
 2128   150.955347784285 
 2129   175.738291101879 
 2130   195.789374881006 
 2131   214.295500646547 
 2132   216.662292930813 
 2133   238.51319507334 
 2134   219.102722526856 
 2135   202.774126812054 
 2136   196.377794075129 
 2137   208.106593480324 
 2138   207.175591847059 
 2139   190.005233196327 
 2140   196.240069270337 
 2141   200.52716888502 
 2142   237.144445021529 
 2143   202.712854125189 
 2144   187.198795329952 
 2145   194.190853619315 
 2146   179.516183886446 
 2147   182.653394544351 
 2148   143.157120310297 
 2149   155.482314530311 
 2150   151.549804589675 
 2151   139.533356741529 
 2152   159.832968596579 
 2153   160.657842299192 
 2154   162.824298021653 
 2155   143.121656049069 
 2156   153.935992457537 
 2157   153.903191885943 
 2158   127.695098926176 
 2159   92.2140242692305 
 2160   89.1517491297031 
 2161   95.1687803293584 
 2162   114.075716337601 
 2163   115.639261043256 
 2164   132.365787782648 
 2165   167.147432872773 
 2166   176.06104904656 
 2167   178.437862719986 
 2168   152.161313437625 
 2169   137.652425183131 
 2170   138.626206173422 
 2171   126.613615124359 
 2172   123.282685721809 
 2173   128.329419338621 
 2174   157.487659202754 
 2175   157.605034608614 
 2176   157.8486869516 
 2177   164.206829362147 
 2178   161.923217739748 
 2179   133.487982395446 
 2180   136.001106747878 
 2181   140.770599024059 
 2182   114.644688172126 
 2183   110.200428901259 
 2184   127.395579897982 
 2185   157.420818382371 
 2186   153.428542553276 
 2187   150.391736404529 
 2188   182.11435978686 
 2189   202.889216797765 
 2190   202.021284813822 
 2191   194.424427908713 
 2192   186.0557037385 
 2193   205.075798404678 
 2194   198.99797462427 
 2195   180.978253909558 
 2196   188.557473974029 
 2197   205.085205824272 
 2198   177.58539125948 
 2199   153.108419828504 
 2200   160.976925247473 
 2201   164.52584413751 
 2202   148.070887366646 
 2203   127.272538122021 
 2204   155.834553019729 
 2205   157.699745292733 
 2206   138.020837343271 
 2207   138.270240348078 
 2208   149.124879231238 
 2209   168.90998718269 
 2210   177.677795487592 
 2211   194.392533743554 
 2212   200.652333084257 
 2213   201.820655062324 
 2214   180.827257257574 
 2215   171.907395397323 
 2216   117.672720571255 
 2217   135.534175536016 
 2218   157.393723708575 
 2219   131.242440814665 
 2220   143.910932287866 
 2221   129.844556390548 
 2222   156.021142681153 
 2223   122.935193935462 
 2224   94.702632419272 
 2225   123.672378684257 
 2226   111.57062360224 
 2227   111.469662624761 
 2228   131.161555500157 
 2229   129.45229142664 
 2230   127.308281875191 
 2231   127.895056368119 
 2232  -0.610660659088154 
 2233   753.101816692885 
 2234   1137.51459780563 
 2235   1094.88451457153 
 2236   1080.20851762208 
 2237   1030.89597973623 
 2238   1104.70666035221 
 2239   410.332075813169 
 2240   153.833545419931 
 2241   187.205444314279 
 2242   183.09051044091 
 2243   138.672355416013 
 2244   142.884317094186 
 2245   155.918979298438 
 2246   152.457188662 
 2247   127.237908445543 
 2248   91.5538704463381 
 2249   131.666560568388 
 2250   110.106875093259 
 2251   101.245937001159 
 2252   95.7971943608809 
 2253   126.240798184678 
 2254   142.638224286909 
 2255   117.4372727415 
 2256   128.042416066988 
 2257   121.13644556243 
 2258   126.874752467298 
 2259   107.724135278398 
 2260   121.815738639082 
 2261   125.377259865749 
 2262   130.984886346132 
 2263   147.987748536797 
 2264   156.390156973026 
 2265   164.633545330219 
 2266   166.824628086725 
 2267   158.699081773709 
 2268   157.607244142345 
 2269   152.083902863509 
 2270   134.045899596061 
 2271   161.524065375565 
 2272   154.882242551829 
 2273   154.167210618118 
 2274   152.894627562919 
 2275   163.636352921797 
 2276   171.31723171986 
 2277   149.5463041707 
 2278   164.682561113118 
 2279   171.142619792851 
 2280   169.8656948809 
 2281   174.486014088428 
 2282   154.85206147251 
 2283   141.97237734662 
 2284   126.195131916171 
 2285   123.656195233072 
 2286   89.6315103274779 
 2287   72.1454631152048 
 2288   88.635527572586 
 2289   76.4170279513945 
 2290   67.5736545624449 
 2291   59.2047691274784 
 2292   72.2635214126876 
 2293   67.1182889100076 
 2294   71.727160399355 
 2295   78.4338606778428 
 2296   108.385705838355 
 2297   116.94430372242 
 2298   121.732139394607 
 2299   120.574413410909 
 2300   107.557114481974 
 2301   90.8273505947237 
 2302   77.9827335540033 
 2303   86.4531199086697 
 2304   86.6593327283261 
 2305   103.28891849317 
 2306   118.165805482333 
 2307   156.27135107427 
 2308   155.521505482102 
 2309   156.413766296821 
 2310   160.80734031963 
 2311   151.531706869015 
 2312   136.180799022783 
 2313   106.411691298486 
 2314   109.637470693653 
 2315   104.238571043469 
 2316   125.035423571942 
 2317   136.301082329531 
 2318   183.863018239807 
 2319   175.412978931493 
 2320   171.450668731889 
 2321   170.24523458316 
 2322   161.963069211405 
 2323   124.548361292934 
 2324   89.6917519428614 
 2325   127.897865593142 
 2326   114.809163350851 
 2327   107.150853615826 
 2328   102.086967159133 
 2329   131.966268725645 
 2330   126.042949397055 
 2331   121.679137537476 
 2332   137.107963878192 
 2333   125.354461352387 
 2334   110.976048422411 
 2335   117.329977490494 
 2336   116.887412959085 
 2337   118.50612737421 
 2338   119.011877492999 
 2339   131.255215073072 
